codigo,descripcion,tarifa1
990VARIOS,ARTICULO COMODIN,0
99017RIOS,ARTICULO COMODIN_LMV,0
99016RIOS,ARTICULO COMODIN_LMN,0
99014RIOS,ARTICULO COMODIN_LMP,0
99012RIOS,ARTICULO COMODIN_LC4,0
99011RIOS,ARTICULO COMODIN_LC3,0
99010RIOS,ARTICULO COMODIN_LC2,0
99009RIOS,ARTICULO COMODIN_AOC,0
99008RIOS,ARTICULO COMODIN_INOX,0
99007RIOS,ARTICULO COMODIN_LMD,0
99006RIOS,ARTICULO COMODIN_LC1,0
99005RIOS,ARTICULO COMODIN_LBN,0
99004RIOS,ARTICULO COMODIN_BEB,0
99003RIOS,ARTICULO COMODIN_OEB,0
99002RIOS,ARTICULO COMODIN_PEB,0
99001RIOS,ARTICULO COMODIN_PMD,0
980,OFERTA ESPECIAL ESTE PEDIDO,0
970,PRECIO ESP.PERFILES ACORDADOS,0
60010230091,MARCO FIJO CLIP 2300_LC2,0
770126501,RASTREL SOLUXE_LC4,0
770126500,BASTIDOR SOLUXE_LC4,0
770126499,LAMA SOLUXE_LC4,0
770086501,RASTREL SOLUXE_INOX,0
770086500,BASTIDOR SOLUXE_INOX,0
770086499,LAMA SOLUXE_INOX,0
770056501,RASTREL SOLUXE_LBN,0
770056499,LAMA SOLUXE_LBN,0
770026501,RASTREL SOLUXE_PEB,0
770026499,LAMA SOLUXE_PEB,0
770016501,RASTREL SOLUXE_PMD,0
770016500,BASTIDOR SOLUXE_PMD,0
770016499,LAMA SOLUXE_PMD,0
770006501,RASTREL SOLUXE_CSA,0
770006500,BASTIDOR SOLUXE_CSA,0
770006499,LAMA SOLUXE_CSA,0
770,SERIE SOLUXE,0
76000TA025,JGO.TAPAS INVERSOR CANAL 16,0
76000JU005,JUNTA EXTERIOR CANAL 16,0
76000JU004,JUNTA INTERIOR CANAL 16,0
76000JU001,JUNTA CENTRAL CANAL 16,0
76000ES035,ESCUADRA CANAL 16,0
76000ES034,ESCUADRA MARCO CANAL 16,0
76000EA008,ESCUADRA ALINEACION 14x1,1 CANAL 16,0
76000EA002,ESCUADRA ALINEACION 5x0,8 CANAL 16,0
760,ACC.ABISAGRADO CANAL 16,0
7501216002,MARCO VENTANA CAMARA 16_LC4,0
7501216001,HOJA VENTANA CAMARA 16_LC4,0
7501216000,PILASTRA CAMARA 16_LC4,0
7500816010,INVERSOR CAMARA 16_INOX,0
7500816002,MARCO VENTANA CAMARA 16_INOX,0
7500816001,HOJA VENTANA CAMARA 16_INOX,0
7500816000,PILASTRA CAMARA 16_INOX,0
7500716010,INVERSOR CAMARA 16_LMD,0
7500716002,MARCO VENTANA CAMARA 16_LMD,0
7500716001,HOJA VENTANA CAMARA 16_LMD,0
7500716000,PILASTRA CAMARA 16_LMD,0
7500616010,INVERSOR CAMARA 16_LC1,0
7500616002,MARCO VENTANA CAMARA 16_LC1,0
7500616001,HOJA VENTANA CAMARA 16_LC1,0
7500616000,PILASTRA CAMARA 16_LC1,0
7500516010,INVERSOR CAMARA 16_LBN,0
7500516002,MARCO VENTANA CAMARA 16_LBN,0
7500516001,HOJA VENTANA CAMARA 16_LBN,0
7500516000,PILASTRA CAMARA 16_LBN,0
7500416010,INVERSOR CAMARA 16_BEB,0
7500416002,MARCO VENTANA CAMARA 16_BEB,0
7500416001,HOJA VENTANA CAMARA 16_BEB,0
7500216010,INVERSOR CAMARA 16_PEB,0
7500216002,MARCO VENTANA CAMARA 16_PEB,0
7500216001,HOJA VENTANA CAMARA 16_PEB,0
7500216000,PILASTRA CAMARA 16_PEB,0
7500116010,INVERSOR CAMARA 16_PMD,0
7500116002,MARCO VENTANA CAMARA 16_PMD,0
7500116001,HOJA VENTANA CAMARA 16_PMD,0
7500116000,PILASTRA CAMARA 16_PMD,0
7500016010,INVERSOR CAMARA 16_CSA,0
7500016002,MARCO VENTANA CAMARA 16_CSA,0
7500016001,HOJA VENTANA CAMARA 16_CSA,0
7500016000,PILASTRA CAMARA 16_CSA,0
750,ABISAGRADO CANAL 16,0
74008656508,BISAGRA PTA.2 PALAS CS-59_INOX++,0
74008656440,BISAGRA PTA.2 PALAS CS-59_INOX,0
74006656508,BISAGRA PTA.2 PALAS CS-59_NEGRO++,0
74006656440,BISAGRA PTA.2 PALAS CS-59_NEGRO,0
74005656508,BISAGRA PTA.2 PALAS CS-59_BLANCO++,0
74005656440,BISAGRA PTA.2 PALAS CS-59_BLANCO,0
74001617196,PROLONGADOR PASADOR CS-59_PLATA,0
74000809076,JUNTA TOPE PUERTA CS-59++,0
74000776863,ESCUADRA BLOQUEO 47x33 CENTRADA,0
74000776862,ESCUADRA BLOQUEO 47x33 DESCENTRADA,0
74000776185,PLACA EXTREMOS CERRADURA 77,61mm,0
74000776184,CERRADURA 3P GOLPE/LLAVE CS-59,0
74000696699,TAPETAS PUERTA Z-T DERECHA CS-59,0
74000696698,TAPETAS PUERTA Z-T IZQUIERDA CS-59,0
74000688992,TOPE UNION 32,5mm++,0
74000656508,BISAGRA PTA.2 PALAS CS-59++,0
74000656440,BISAGRA PTA.2 PALAS CS-59,0
74000617682,PLACA CERRADURA 1P CS-59,0
74000617681,CERRADURA GOLPE LLAVE CS-59,0
74000617196,PROLONGADOR PASADOR CS-59,0
74000617195,CERRADERO PASADOR CS-59,0
74000617194,PASADOR CS-59,0
74000608722,ESCUADRA ALINEAMIENTO CS-59++,0
740,ACC.ABISAGRADO CS-59,0
73017160627,ACOPLAM.TE APER.INT.CS-59_LMV,0
73017160626,HOJA APER.INT.98mm.CS-59_LMV,0
73017160125,MARCO BALCONERA 71mm.CS-59_LMV,0
73017160114,TE TRANSVERSAL 96mm.CS-59_LMV,0
73012160626,HOJA APER.INT.98mm.CS-59_LC4,0
73012160625,MARCO PUERTA 73mm.CS-59_LC4,0
73012160125,MARCO BALCONERA 71mm.CS-59_LC4,0
73011160627,ACOPLAM.TE APER.INT.CS-59_LC3,0
73011160626,HOJA APER.INT.98mm.CS-59_LC3,0
73011160125,MARCO BALCONERA 71mm.CS-59_LC3,0
73011160114,TE TRANSVERSAL 96mm.CS-59_LC3,0
73011011649,ACOPLAMIENTO BAJO PTA.CS-59_LC3,0
73010160626,HOJA APER.INT.98mm.CS-59_LC2,0
73010160614,HOJA APER.EXT.98mm.CS-59_LC2,0
73010011649,ACOPLAMIENTO BAJO PTA.CS-59_LC2,0
73009160627,ACOPLAM.TE APER.INT.CS-59_AOC,0
73009160626,HOJA APER.INT.98mm.CS-59_AOC,0
73009160125,MARCO BALCONERA 71mm.CS-59_AOC,0
73009160114,TE TRANSVERSAL 96mm.CS-59_AOC,0
73009011649,ACOPLAMIENTO BAJO PTA.CS-59_AOC,0
73008160817,ZOCALO CENTRAL 151mm.CS-59_INOX,0
73008160628,ACOPLAM.TE APER.EXT.CS-59_INOX,0
73008160627,ACOPLAM.TE APER.INT.CS-59_INOX,0
73008160626,HOJA APER.INT.98mm.CS-59_INOX,0
73008160625,MARCO PUERTA 73mm.CS-59_INOX,0
73008160614,HOJA APER.EXT.98mm.CS-59_INOX,0
73008160125,MARCO BALCONERA 71mm.CS-59_INOX,0
73008160114,TE TRANSVERSAL 96mm.CS-59_INOX,0
73008051034,REMATE BAJO PTA.CS-59_INOX,0
73008011649,ACOPLAMIENTO BAJO PTA.CS-59_INOX,0
73007160817,ZOCALO CENTRAL 151mm.CS-59_LMD,0
73007160628,ACOPLAM.TE APER.EXT.CS-59_LMD,0
73007160626,HOJA APER.INT.98mm.CS-59_LMD,0
73007160625,MARCO PUERTA 73mm.CS-59_LMD,0
73007160614,HOJA APER.EXT.98mm.CS-59_LMD,0
73007160125,MARCO BALCONERA 71mm.CS-59_LMD,0
73007160114,TE TRANSVERSAL 96mm.CS-59_LMD,0
73007051034,REMATE BAJO PTA.CS-59_LMD,0
73006160626,HOJA APER.INT.98mm.CS-59_LC1,0
73006160625,MARCO PUERTA 73mm.CS-59_LC1,0
73006160614,HOJA APER.EXT.98mm.CS-59_LC1,0
73006160125,MARCO BALCONERA 71mm.CS-59_LC1,0
73006011649,ACOPLAMIENTO BAJO PTA.CS-59_LC1,0
73005160628,ACOPLAM.TE APER.EXT.CS-59_LBN,0
73005160626,HOJA APER.INT.98mm.CS-59_LBN,0
73005160625,MARCO PUERTA 73mm.CS-59_LBN,0
73005160614,HOJA APER.EXT.98mm.CS-59_LBN,0
73005160125,MARCO BALCONERA 71mm.CS-59_LBN,0
73005160114,TE TRANSVERSAL 96mm.CS-59_LBN,0
73005051034,REMATE BAJO PTA.CS-59_LBN,0
73005011649,ACOPLAMIENTO BAJO PTA.CS-59_LBN,0
73002160628,ACOPLAM.TE APER.EXT.CS-59_PEB,0
73002160626,HOJA APER.INT.98mm.CS-59_PEB,0
73002160625,MARCO PUERTA 73mm.CS-59_PEB,0
73002160614,HOJA APER.EXT.98mm.CS-59_PEB,0
73002160125,MARCO BALCONERA 71mm.CS-59_PEB,0
73002160114,TE TRANSVERSAL 96mm.CS-59_PEB,0
73002011649,ACOPLAMIENTO BAJO PTA.CS-59_PEB,0
73001160817,ZOCALO CENTRAL 151mm.CS-59_PMD,0
73001160626,HOJA APER.INT.98mm.CS-59_PMD,0
73001160625,MARCO PUERTA 73mm.CS-59_PMD,0
73001160614,HOJA APER.EXT.98mm.CS-59_PMD,0
73001160125,MARCO BALCONERA 71mm.CS-59_PMD,0
73001160114,TE TRANSVERSAL 96mm.CS-59_PMD,0
73001011649,ACOPLAMIENTO BAJO PTA.CS-59_PMD,0
73000160817,ZOCALO CENTRAL 151mm.CS-59_CSA,0
73000160628,ACOPLAM.TE APER.EXT.CS-59_CSA,0
73000160627,ACOPLAM.TE APER.INT.CS-59_CSA,0
73000160626,HOJA APER.INT.98mm.CS-59_CSA,0
73000160625,MARCO PUERTA 73mm.CS-59_CSA,0
73000160614,HOJA APER.EXT.98mm.CS-59_CSA,0
73000160125,MARCO BALCONERA 71mm.CS-59_CSA,0
73000160114,TE TRANSVERSAL 96mm.CS-59_CSA,0
73000051034,REMATE BAJO PTA.CS-59_CSA,0
73000011649,ACOPLAMIENTO BAJO PTA.CS-59_CSA,0
730,ABISAGRADO CS-59,0
72000809567,JUNTA VERANDA,0
72000809440,JUNTA TOPE,0
72000809423,JUNTA MARCO LATERAL TLS-110++,0
72000809003,JUNTA ESTANQ.HOJA TLS-110,0
72000809002,JUNTA ESTANQ.HOJA TLS-110,0
72000779764,MATRIZ TLS-110,0
72000696747,VALVULA ESCAPE AGUA,0
72000696565,ESCUADRA SOPORTE 17x9,1 TLS-110,0
72000686014,ESCUADRA RAPIDA ATORN.TLS-110,0
72000629501,TAPETA MARCO TLS-110,0
72000629500,CIERRE INFERIOR TLS-110,0
72000628026,CIERRE SUPERIOR TLS-110,0
72000627891,AJUSTADOR HOJA CARRIL,0
72000627884,JGO.TOPE GUIA TLS-110,0
72000627850,KIT BASE ELEVABLE TLS-110,0
72000608721,ESCUADRA ALINEAMIENTO TLS-110,0
720,ACC.CORREDERA TLS-110,0
71017061630,CRUCE TLS-110_LMV,0
71017061603,MARCO SUPERIOR TLS-110_LMV,0
71017061602,MARCO LATERAL TLS-110_LMV,0
71017061601,MARCO INFERIOR TLS-110_LMV,0
71016061630,CRUCE TLS-110_LMN,0
71016061603,MARCO SUPERIOR TLS-110_LMN,0
71016061602,MARCO LATERAL TLS-110_LMN,0
71016061601,MARCO INFERIOR TLS-110_LMN,0
71015061630,CRUCE TLS-110_LMC,0
71015061603,MARCO SUPERIOR TLS-110_LMC,0
71015061602,MARCO LATERAL TLS-110_LMC,0
71015061601,MARCO INFERIOR TLS-110_LMC,0
71012061630,CRUCE TLS-110_LC4,0
71012061603,MARCO SUPERIOR TLS-110_LC4,0
71012061602,MARCO LATERAL TLS-110_LC4,0
71012061601,MARCO INFERIOR TLS-110_LC4,0
71010303099,TAPA REFUERZO SOBREP.TRANSV_LC2,0
71010061630,CRUCE TLS-110_LC2,0
71010061603,MARCO SUPERIOR TLS-110_LC2,0
71010061602,MARCO LATERAL TLS-110_LC2,0
71010061601,MARCO INFERIOR TLS-110_LC2,0
71009303099,TAPA REFUERZO SOBREP.TRANSV_AOC,0
71009061630,CRUCE TLS-110_AOC,0
71009061603,MARCO SUPERIOR TLS-110_AOC,0
71009061602,MARCO LATERAL TLS-110_AOC,0
71009061601,MARCO INFERIOR TLS-110_AOC,0
71009051436,MARCO 51mm_AOC,0
71008303099,TAPA REFUERZO SOBREP.TRANSV_INOX,0
71008061630,CRUCE TLS-110_INOX,0
71008061603,MARCO SUPERIOR TLS-110_INOX,0
71008061602,MARCO LATERAL TLS-110_INOX,0
71008061601,MARCO INFERIOR TLS-110_INOX,0
71008061600,GUIA INFERIOR SIMPLE TLS-110_INOX,0
71006061630,CRUCE TLS-110_LC1,0
71006061603,MARCO SUPERIOR TLS-110_LC1,0
71006061602,MARCO LATERAL TLS-110_LC1,0
71006061601,MARCO INFERIOR TLS-110_LC1,0
71005303099,TAPA REFUERZO SOBREP.TRANSV_LBN,0
71005061703,MARCO SUPERIOR 3 CARRILES TLS-110_LBN,0
71005061702,MARCO LATERAL 3 CARRILES TLS-110_LBN,0
71005061700,MARCO INFERIOR 3 CARRILES TLS-110_LBN,0
71005061630,CRUCE TLS-110_LBN,0
71005061603,MARCO SUPERIOR TLS-110_LBN,0
71005061602,MARCO LATERAL TLS-110_LBN,0
71005061601,MARCO INFERIOR TLS-110_LBN,0
71005061600,GUIA INFERIOR SIMPLE TLS-110_LBN,0
71004061630,CRUCE TLS-110_BEB,0
71004061603,MARCO SUPERIOR TLS-110_BEB,0
71004061602,MARCO LATERAL TLS-110_BEB,0
71004061601,MARCO INFERIOR TLS-110_BEB,0
71003061630,CRUCE TLS-110_OEB,0
71003061603,MARCO SUPERIOR TLS-110_OEB,0
71003061602,MARCO LATERAL TLS-110_OEB,0
71003061601,MARCO INFERIOR TLS-110_OEB,0
71002061630,CRUCE TLS-110_PEB,0
71002061603,MARCO SUPERIOR TLS-110_PEB,0
71002061602,MARCO LATERAL TLS-110_PEB,0
71002061601,MARCO INFERIOR TLS-110_PEB,0
71001061630,CRUCE TLS-110_PMD,0
71001061603,MARCO SUPERIOR TLS-110_PMD,0
71001061602,MARCO LATERAL TLS-110_PMD,0
71001061601,MARCO INFERIOR TLS-110_PMD,0
71000303099,TAPA REFUERZO SOBREP.TRANSV_CSA,0
71000301098,REFUERZO INTERIOR 5mm_CSA,0
71000114631,GUIA INFERIOR INOX.CORREDERAS,0
71000061742,GUIA PVC,0
71000061703,MARCO SUPERIOR 3 CARRILES TLS-110_CSA,0
71000061702,MARCO LATERAL 3 CARRILES TLS-110_CSA,0
71000061700,MARCO INFERIOR 3 CARRILES TLS-110_CSA,0
71000061695,AISLAMIENTO PVC MARCO TLS-110,0
71000061630,CRUCE TLS-110_CSA,0
71000061603,MARCO SUPERIOR TLS-110_CSA,0
71000061602,MARCO LATERAL TLS-110_CSA,0
71000061601,MARCO INFERIOR TLS-110_CSA,0
71000061600,GUIA INFERIOR SIMPLE TLS-110_CSA,0
71000051436,MARCO 51mm_CSA,0
710,CORREDERA TLS-110,0
700009398604,GOMA BATIENTE INTERIOR NEGRA,0
700009398601,GOMA CENTRAL JUNTA ABIERTA NEGRA,0
700008768001,ESCUADRA FUNDIDA MEZQUITA,0
700008600720,ANGULO 90� GOMA CENTRAL,0
700008600709,ESCUADRA ALINEACION POLIAMIDA MEZQUITA,0
700008600700,ESCUADRA ALINEACION MEZQUITA INOX,0
700008600120,JGO.TAPONES MEZQUITA,0
700,ACC.SERIE MEZQUITA P/CURVAR,0
69014508543,PILASTRA P/CURVAR MEZQUITA_LMP,0
69014508532,HOJA P/CURVAR MEZQUITA_LMP,0
69014508521,MARCO P/CURVAR MEZQUITA_LMP,0
69014108001,PERFIL INVERSOR MEZQUITA_LMP,0
69005508832,HOJA REFORZADA P/CURVAR MEZQUITA_LBN,0
69005508543,PILASTRA P/CURVAR MEZQUITA_LBN,0
69005508532,HOJA P/CURVAR MEZQUITA_LBN,0
69005508521,MARCO P/CURVAR MEZQUITA_LBN,0
69005108001,PERFIL INVERSOR MEZQUITA_LBN,0
69004508832,HOJA REFORZADA P/CURVAR MEZQUITA_BEB,0
69004508521,MARCO P/CURVAR MEZQUITA_BEB,0
69000508832,HOJA REFORZADA P/CURVAR MEZQUITA_CSA,0
69000508543,PILASTRA P/CURVAR MEZQUITA_CSA,0
69000508532,HOJA P/CURVAR MEZQUITA_CSA,0
69000508521,MARCO P/CURVAR MEZQUITA_CSA,0
69000108001,PERFIL INVERSOR MEZQUITA_CSA,0
690,SERIE MEZQUITA P/CURVAR,0
6800099,MATRIZ MANUAL 4 FUNCIONES EU-55,0
68000568,ESCUADRA ALINEACION P/4800-4802,0
68000566,UNION TRAVESA�O EU-55,0
68000565,ESCUADRA ALINEACION P/4810-4812,0
68000564,JUNTA ACRISTALAMIENTO,0
68000563,JUNTA DOBLE FUNCION,0
68000562,ESCUADRA REFUERZO,0
68000560,ESCUADRA HOJA,0
68000559,ESCUADRA MARCO,0
68000558,UNION,0
68000261,JUNTA P/PERFILES,0
680,ACC.SERIE EU-55 HOJA OCULTA,0
670104814,JUNQUILLO EU-55_LC2,0
670104813,UNION MARCOS EU-55_LC2,0
670104812,TRAVESA�O EU-55_LC2,0
670104811,HOJA C/JUNQ.INCORPORADO EU-55_LC2,0
670104810,MARCO EU-55_LC2,0
670094814,JUNQUILLO EU-55_AOC,0
670094811,HOJA C/JUNQ.INCORPORADO EU-55_AOC,0
670094810,MARCO EU-55_AOC,0
670084814,JUNQUILLO EU-55_INOX,0
670084813,UNION MARCOS EU-55_INOX,0
670084812,TRAVESA�O EU-55_INOX,0
670084811,HOJA C/JUNQ.INCORPORADO EU-55_INOX,0
670084810,MARCO EU-55_INOX,0
670074814,JUNQUILLO EU-55_LMD,0
670074813,UNION MARCOS EU-55_LMD,0
670074812,TRAVESA�O EU-55_LMD,0
670074811,HOJA C/JUNQ.INCORPORADO EU-55_LMD,0
670074810,MARCO EU-55_LMD,0
670064814,JUNQUILLO EU-55_LC1,0
670064813,UNION MARCOS EU-55_LC1,0
670064812,TRAVESA�O EU-55_LC1,0
670064811,HOJA C/JUNQ.INCORPORADO EU-55_LC1,0
670064810,MARCO EU-55_LC1,0
670054814,JUNQUILLO EU-55_LBN,0
670054813,UNION MARCOS EU-55_LBN,0
670054812,TRAVESA�O EU-55_LBN,0
670054811,HOJA C/JUNQ.INCORPORADO EU-55_LBN,0
670054810,MARCO EU-55_LBN,0
670044814,JUNQUILLO EU-55_BEB,0
670044813,UNION MARCOS EU-55_BEB,0
670044812,TRAVESA�O EU-55_BEB,0
670044811,HOJA C/JUNQ.INCORPORADO EU-55_BEB,0
670044810,MARCO EU-55_BEB,0
670024814,JUNQUILLO EU-55_PEB,0
670024813,UNION MARCOS EU-55_PEB,0
670024812,TRAVESA�O EU-55_PEB,0
670024811,HOJA C/JUNQ.INCORPORADO EU-55_PEB,0
670024810,MARCO EU-55_PEB,0
670014814,JUNQUILLO EU-55_PMD,0
670014812,TRAVESA�O EU-55_PMD,0
670014811,HOJA C/JUNQ.INCORPORADO EU-55_PMD,0
670014810,MARCO EU-55_PMD,0
670004814,JUNQUILLO EU-55_CSA,0
670004813,UNION MARCOS EU-55_CSA,0
670004812,TRAVESA�O EU-55_CSA,0
670004811,HOJA C/JUNQ.INCORPORADO EU-55_CSA,0
670004810,MARCO EU-55_CSA,0
670,SERIE EU-55 HOJA OCULTA,0
66000PA15V,ANGULO VULCANIZADO INGLETE ET,0
66000PA15D,JUNTA CENTRAL MARCO EPDM-ET,0
66000KA2,COMPAS SPEED 150,0
66000KA1,COMPAS SPEED 220,0
660008545,GRAPAS P/APER.EXTERIOR ET,0
660005070,MATRIZ MANUAL PT-50/70 COMPLET,0
660001926,ESCUADRA ALINEACION P/3803,0
6600005,GRAPA JUNQ.CURVO PT-50 ET,0
660000443,ESCUADRA 24x14,0,63
6600004,ESCUADRA PUERTA PT-50 ET,0
6600003,ESCUADRA VTNA TETON DESPLAZADO PT-50 ET,0
6600002,JGO.TAPAS INVERSOR ET,0
6600001,ESCUADRA ALINEACION PT-50 ET,0
660,ACC.ABISAGRADO ELIPTICO ROTURA ET,0
650174376,FORRAMARCO 36mm.DISE�O_LMV++,0
650173842,HOJA PTA.APER.EXT.ROTURA_LMV++,0
650173841,HOJA PUERTA ROTURA_LMV++,0
650173840,MARCO PUERTA ROTURA_LMV++,0
650173825,PILASTRA PUERTA ROTURA_LMV++,0
650173809,INVERSOR ROTURA_LMV++,0
650173808,PILASTRA VENTANA ROTURA_LMV++,0
650173804,HOJA VENTANA ROTURA_LMV++,0
650173803,MARCO SOLAPE ROTURA_LMV++,0
650173801,MARCO VENTANA ROTURA_LMV++,0
650163811,UNION MARCOS 50mm.ROTURA_LMN,0
650163809,INVERSOR ROTURA_LMN++,0
650163808,PILASTRA VENTANA ROTURA_LMN++,0
650163804,HOJA VENTANA ROTURA_LMN++,0
650163801,MARCO VENTANA ROTURA_LMN++,0
650144376,FORRAMARCO 36mm.DISE�O_LMP++,0
650133809,INVERSOR ROTURA_LBP++,0
650133804,HOJA VENTANA ROTURA_LBP++,0
650133801,MARCO VENTANA ROTURA_LBP++,0
650124376,FORRAMARCO 36mm.DISE�O_LC4++,0
650123842,HOJA PTA.APER.EXT.ROTURA_LC4++,0
650123841,HOJA PUERTA ROTURA_LC4++,0
650123840,MARCO PUERTA ROTURA_LC4++,0
650123825,PILASTRA PUERTA ROTURA_LC4++,0
650123811,UNION MARCOS 50mm.ROTURA_LC4,0
650123809,INVERSOR ROTURA_LC4++,0
650123804,HOJA VENTANA ROTURA_LC4++,0
650123801,MARCO VENTANA ROTURA_LC4++,0
650113801,MARCO VENTANA ROTURA_LC3++,0
650104376,FORRAMARCO 36mm.DISE�O_LC2++,0
650103842,HOJA PTA.APER.EXT.ROTURA_LC2++,0
650103812,HOJA VENTANA S/JUNQ.ROTURA_LC2++,0
650103811,UNION MARCOS 50mm.ROTURA_LC2,0
650103809,INVERSOR ROTURA_LC2++,0
650103808,PILASTRA VENTANA ROTURA_LC2++,0
650103804,HOJA VENTANA ROTURA_LC2++,0
650103803,MARCO SOLAPE ROTURA_LC2++,0
650103801,MARCO VENTANA ROTURA_LC2++,0
650093841,HOJA PUERTA ROTURA_AOC++,0
650093814,FORRAMARCO 45mm.DISE�O_AOC++,0
650093809,INVERSOR ROTURA_AOC++,0
650093808,PILASTRA VENTANA ROTURA_AOC++,0
650093801,MARCO VENTANA ROTURA_AOC++,0
650084376,FORRAMARCO 36mm.DISE�O_INOX++,0
650083843,ZOCALO CENTRAL 140mm_INOX++,0
650083842,HOJA PTA.APER.EXT.ROTURA_INOX++,0
650083841,HOJA PUERTA ROTURA_INOX++,0
650083840,MARCO PUERTA ROTURA_INOX++,0
650083825,PILASTRA PUERTA ROTURA_INOX++,0
650083815,CANTONERA ABISAG.ROTURA_INOX,0
650083809,INVERSOR ROTURA_INOX++,0
650083808,PILASTRA VENTANA ROTURA_INOX++,0
650083804,HOJA VENTANA ROTURA_INOX++,0
650083803,MARCO SOLAPE ROTURA_INOX++,0
650083801,MARCO VENTANA ROTURA_INOX++,0
650074376,FORRAMARCO 36mm.DISE�O_LMD++,0
650073842,HOJA PTA.APER.EXT.ROTURA_LMD++,0
650073841,HOJA PUERTA ROTURA_LMD++,0
650073840,MARCO PUERTA ROTURA_LMD++,0
650073825,PILASTRA PUERTA ROTURA_LMD++,0
650073814,FORRAMARCO 45mm.DISE�O_LMD++,0
650073811,UNION MARCOS 50mm.ROTURA_LMD,0
650073809,INVERSOR ROTURA_LMD++,0
650073808,PILASTRA VENTANA ROTURA_LMD++,0
650073804,HOJA VENTANA ROTURA_LMD++,0
650073803,MARCO SOLAPE ROTURA_LMD++,0
650073801,MARCO VENTANA ROTURA_LMD++,0
650064376,FORRAMARCO 36mm.DISE�O_LC1++,0
650063843,ZOCALO CENTRAL 140mm_LC1++,0
650063842,HOJA PTA.APER.EXT.ROTURA_LC1++,0
650063841,HOJA PUERTA ROTURA_LC1++,0
650063840,MARCO PUERTA ROTURA_LC1++,0
650063825,PILASTRA PUERTA ROTURA_LC1++,0
650063811,UNION MARCOS 50mm.ROTURA_LC1,0
650063809,INVERSOR ROTURA_LC1++,0
650063808,PILASTRA VENTANA ROTURA_LC1++,0
650063804,HOJA VENTANA ROTURA_LC1++,0
650063803,MARCO SOLAPE ROTURA_LC1++,0
650063801,MARCO VENTANA ROTURA_LC1++,0
650054376,FORRAMARCO 36mm.DISE�O_LBN++,0
650053842,HOJA PTA.APER.EXT.ROTURA_LBN++,0
650053841,HOJA PUERTA ROTURA_LBN++,0
650053840,MARCO PUERTA ROTURA_LBN++,0
650053825,PILASTRA PUERTA ROTURA_LBN++,0
650053815,CANTONERA ABISAG.ROTURA_LBN,0
650053814,FORRAMARCO 45mm.DISE�O_LBN++,0
650053812,HOJA VENTANA S/JUNQ.ROTURA_LBN++,0
650053811,UNION MARCOS 50mm.ROTURA_LBN,0
650053809,INVERSOR ROTURA_LBN++,0
650053808,PILASTRA VENTANA ROTURA_LBN++,0
650053804,HOJA VENTANA ROTURA_LBN++,0
650053803,MARCO SOLAPE ROTURA_LBN++,0
650053801,MARCO VENTANA ROTURA_LBN++,0
650044376,FORRAMARCO 36mm.DISE�O_BEB++,0
650043842,HOJA PTA.APER.EXT.ROTURA_BEB++,0
650043841,HOJA PUERTA ROTURA_BEB++,0
650043840,MARCO PUERTA ROTURA_BEB++,0
650043825,PILASTRA PUERTA ROTURA_BEB++,0
650043815,CANTONERA ABISAG.ROTURA_BEB,0
650043812,HOJA VENTANA S/JUNQ.ROTURA_BEB++,0
650043811,UNION MARCOS 50mm.ROTURA_BEB,0
650043809,INVERSOR ROTURA_BEB++,0
650043808,PILASTRA VENTANA ROTURA_BEB++,0
650043804,HOJA VENTANA ROTURA_BEB++,0
650043803,MARCO SOLAPE ROTURA_BEB++,0
650043801,MARCO VENTANA ROTURA_BEB++,0
650034376,FORRAMARCO 36mm.DISE�O_OEB++,0
650033842,HOJA PTA.APER.EXT.ROTURA_OEB++,0
650033841,HOJA PUERTA ROTURA_OEB++,0
650033825,PILASTRA PUERTA ROTURA_OEB++,0
650033809,INVERSOR ROTURA_OEB++,0
650033808,PILASTRA VENTANA ROTURA_OEB++,0
650033804,HOJA VENTANA ROTURA_OEB++,0
650033801,MARCO VENTANA ROTURA_OEB++,0
650024376,FORRAMARCO 36mm.DISE�O_PEB++,0
650023842,HOJA PTA.APER.EXT.ROTURA_PEB++,0
650023841,HOJA PUERTA ROTURA_PEB++,0
650023840,MARCO PUERTA ROTURA_PEB++,0
650023825,PILASTRA PUERTA ROTURA_PEB++,0
650023811,UNION MARCOS 50mm.ROTURA_PEB,0
650023809,INVERSOR ROTURA_PEB++,0
650023808,PILASTRA VENTANA ROTURA_PEB++,0
650023804,HOJA VENTANA ROTURA_PEB++,0
650023801,MARCO VENTANA ROTURA_PEB++,0
650013841,HOJA PUERTA ROTURA_PMD++,0
650013840,MARCO PUERTA ROTURA_PMD++,0
650013825,PILASTRA PUERTA ROTURA_PMD++,0
650013809,INVERSOR ROTURA_PMD++,0
650013804,HOJA VENTANA ROTURA_PMD++,0
650013801,MARCO VENTANA ROTURA_PMD++,0
650004376,FORRAMARCO 36mm.DISE�O_CSA++,0
650003843,ZOCALO CENTRAL 140mm_CSA++,0
650003842,HOJA PTA.APER.EXT.ROTURA_CSA++,0
650003841,HOJA PUERTA ROTURA_CSA++,0
650003840,MARCO PUERTA ROTURA_CSA++,0
650003825,PILASTRA PUERTA ROTURA_CSA++,0
650003815,CANTONERA ABISAG.ROTURA_CSA,0
650003814,FORRAMARCO 45mm.DISE�O_CSA++,0
650003812,HOJA VENTANA S/JUNQ.ROTURA_CSA++,0
650003811,UNION MARCOS 50mm.ROTURA_CSA,0
650003809,INVERSOR ROTURA_CSA++,0
650003808,PILASTRA VENTANA ROTURA_CSA++,0
650003804,HOJA VENTANA ROTURA_CSA++,0
650003803,MARCO SOLAPE ROTURA_CSA++,0
650003801,MARCO VENTANA ROTURA_CSA++,0
650,ABISAGRADO ELIPTICO ROTURA ET,0
640109826,BISAGRA GRIP 3ALAS ESP.3mm_LAC.INOX,0
640105601AI,BISAGRA VENICE IND.C.EUR_LAC.INOX,0
640103217,CIERRE SUPERCLAK_LAC.INOX,0
640102051,MANILLA DOBLE HORUS_LAC.INOX,0
640101405I,BISAGRA O/B G2 ESP.3,5mm_LAC.INOX,0
640100760BI,CREMONA NEFER 1 PALA IND_LAC.INOX,0
640093716,PASADOR TITAN 450mm_ANOD.NEGRO++,0
640089826,BISAGRA GRIP 3ALAS ESP.3mm_INOX,0
640089730T,BISAGRA BLITZ 3�HOJA_INOX,0
640089730,BISAGRA BLITZ_INOX,0
640085603,VENICE BABY 14mm_INOX,0
640085601AI,BISAGRA VENICE IND.C.EUR_INOX++,0
640082100B,ESCUDO BOCALLAVE SEGURIDAD_INOX,0
640082051,MANILLA DOBLE HORUS_INOX,0
640081842,CREMONA RAMSES MANGO BAJO PVD_INOX,0
640081405I,BISAGRA O/B G2 ESP.3,5mm_INOX,0
640080790BI,CREMONA NEFER 2 PALAS IND_INOX,0
640080760BI,CREMONA NEFER 1 PALA IND_INOX,0
640080650,MECANISMO P/OSIRIDE 43mm_INOX++,0
640080640BI,MANILLA OSIRIDE EJE 43mm_INOX,0
640069830,BISAGRA GRIP C.EUR_NEGRO,0
640069826,BISAGRA GRIP 3ALAS ESP.3mm_NEGRO,0
640069730TH,BISAG.BLITZ-DUNE 3�HOJA D_NEGRO,0
640069730TG,BISAG.BLITZ-DUNE 3�HOJA I_NEGRO,0
640069730H,BISAGRA BLITZ-DUNE D_NEGRO,0
640069730G,BISAGRA BLITZ-DUNE I_NEGRO,0
640069730,BISAGRA BLITZ_NEGRO/COLOR,0
640069052,BISAGRA POSTIGO DUPLOS_NEGRO/COLOR,0
640069051,BISAGRA P/POSTIGO_NEGRO,0
640066666,CALZO P/BISAGRA TOP Y MIDI_NEGRO,0
640065741,BISAG.LOIRA TOP C/KIT FIJ_NEGRO,0
640065740,LOIRA TOP 2 ALAS 60mm_NEGRO,0
640065603T,VENICE BABY 3HOJAS 14mm_NEGRO,0
640065603Q,VENICE BABY 4HOJAS 14mm_NEGRO,0
640065603,VENICE BABY 14mm_NEGRO,0
640065602,BISAGRA VENICE 3ALAS CE CANAL 14_NEGRO,0
640065601C,BISAGRA C.EUR.CANAL 12x15_NEGRO,0
640065601AI,BISAGRA VENICE IND.C.EUR_NEGRO,0
640063721C,PASADOR TITAN2mm450-14X18_NEGRO,0
640063720C,PASADOR TITAN2mm220-14x18_NEGRO,0
640063717,PASADOR TITAN 675mm_NEGRO,0
640063716,PASADOR TITAN 450mm_NEGRO,0
640063715,PASADOR TITAN 220mm_NEGRO,0
640063714,PASADOR TITAN 140mm_NEGRO,0
640063217,CIERRE SUPERCLAK_NEGRO,0
640062100B,ESCUDO BOCALLAVE SEGURIDAD_NEGRO,0
640062051,MANILLA DOBLE HORUS_NEGRO,0
640062050A,MANILLA SIMPLE HORUS PLANA_NEGRO,0
640062050,MANILLA HORUS_NEGRO,0
640061893B,CERRADERO LOTHUS_NEGRO,0
640061893A,CERRADERO LOTHUS_NEGRO,0
640061891C,EMBELLECED.VARILLA 1400mm_NEGRO,0
640061891BI,CUBRE VARILL.LOTHUS 1800mm_NEGRO,0
640061891A,EMBELLECED.VARILLA 1000mm_NEGRO,0
640061889C,BARRA CIERRE+CARTER 1400_NEGRO,0
640061889B,BARRA CIERRE+CARTER 1800_NEGRO,0
640061889A,BARRA CIERRE+CARTER 1000_NEGRO,0
640061872,CREMONA LOTHUS C/MANILLA_NEGRO,0
640061870,CREMONA LOTHUS_NEGRO,0
640061843,CREM.RAMSES C/LLAVE M.BAJO_NEGRO,0
640061842,CREMONA RAMSES MANGO BAJO_NEGRO/COLOR,0
640061840,CREMONA RAMSES AP.EXT_NEGRO,0
640061834,CREM.INDY 2/P.C/LLAVE IN.104-108_NEGRO,0
640061833,CREMONA INDY 2 PALAS_NEGRO,0
640061819,FIORADUE MANGO REBAJADO_NEGRO,0
640061405I,BISAGRA O/B G2 ESP.3,5mm_NEGRO/COLOR,0
640060844,CREMONA GHIBLI 2P.82/104_NEGRO,0
640060840BI,CREMONA BORA 1P INT.84-104_NEGRO,0
640060840AI,CREMONA BORA 1P INT.84-98_NEGRO,0
640060834,EMPU�ADURA PARA CREMONA_NEGRO,0
640060832,CAJA CREMONA O/B INT.104_NEGRO,0
640060808,CREMONA GHIBLI 1P.82/104_NEGRO,0
640060791B,CREMONA NEFER 2/P C/LLAVE_NEGRO,0
640060790BI,CREMONA NEFER 2 PALAS IND_NEGRO,0
640060783B,MANGO EXTRAIB.P/NEFER Y OSIR_NEGRO,0
640060761B,CREM.NEFER C/LLAVE 1PI.104_NEGRO,0
640060761A,CREMON.NEFER C/LLAVE 1PALA_NEGRO,0
640060760BI,CREMONA NEFER 1 PALA IND_NEGRO/COLOR,0
640060640BI,MANILLA OSIRIDE EJE 43mm_NEGRO,0
640060610,MANILLA INTEGRAL ISIDE_NEGRO,0
640059826,BISAGRA GRIP 3ALAS ESP.3mm_BLANCO,0
640059730TH,BISAG.BLITZ-DUNE 3�HOJA D_BLANCO,0
640059730TG,BISAG.BLITZ-DUNE 3�HOJA I_BLANCO,0
640059730H,BISAGRA BLITZ-DUNE D_BLANCO,0
640059730G,BISAGRA BLITZ-DUNE I_BLANCO,0
640059730,BISAGRA BLITZ_BLANCO,0
640059052,BISAGRA POSTIGO DUPLOS_BLANCO,0
640059051,BISAGRA P/POSTIGO_BLANCO,0
640058400,CREMONA BORA O.B.INT.84-98_BLANCO,0
640056666,CALZO P/BISAGRA TOP Y MIDI_BLANCO,0
640055741,BISAG.LOIRA TOP C/KIT FIJ_BLANCO,0
640055740,LOIRA TOP 2 ALAS 60mm_BLANCO,0
640055603T,VENICE BABY 3HOJAS 14mm_BLANCO,0
640055603Q,VENICE BABY 4HOJAS 14mm_BLANCO,0
640055603,VENICE BABY 14mm_BLANCO,0
640055602,BISAGRA VENICE 3ALAS CE CANAL 14_BLANCO,0
640055601C,BISAGRA C.EUR.CANAL 12x15_BLANCO,0
640055601AI,BISAGRA VENICE IND.C.EUR_BLANCO,0
640053722BI,PASAD.APOYO TITAN 3 220mm_BLANCO,0
640053720C,PASADOR TITAN2mm220-14x18_BLANCO,0
640053717,PASADOR TITAN 675mm_BLANCO,0
640053715,PASADOR TITAN 220mm_BLANCO,0
640053714,PASADOR TITAN 140mm_BLANCO,0
640053713,PASADOR DE APOYO 440mm_BLANCO,0
640053712,PASADOR DE APOYO 150mm_BLANCO,0
640053217,CIERRE SUPERCLAK_BLANCO,0
640052100B,ESCUDO BOCALLAVE SEGURIDAD_BLANCO,0
640052051,MANILLA DOBLE HORUS_BLANCO,0
640052050A,MANILLA SIMPLE HORUS PLANA_BLANCO,0
640052050,MANILLA HORUS_BLANCO,0
640051893B,CERRADERO LOTHUS_BLANCO,0
640051893A,CERRADERO LOTHUS_BLANCO,0
640051891C,EMBELLECED.VARILLA 1400mm_BLANCO,0
640051891BI,CUBRE VARILL.LOTHUS 1800mm_BLANCO,0
640051891A,EMBELLECED.VARILLA 1000mm_BLANCO,0
640051889C,BARRA CIERRE+CARTER 1400_BLANCO,0
640051889B,BARRA CIERRE+CARTER 1800_BLANCO,0
640051889A,BARRA CIERRE+CARTER 1000_BLANCO,0
640051872,CREMONA LOTHUS C/MANILLA_BLANCO,0
640051870,CREMONA LOTHUS_BLANCO,0
640051843,CREM.RAMSES C/LLAVE M.BAJO_BLANCO,0
640051842,CREMONA RAMSES MANGO BAJO_BLANCO,0
640051840,CREMONA RAMSES AP.EXT_BLANCO,0
640051834,CREM.INDY 2/P.C/LLAVE IN.104-108_BLANCO,0
640051833,CREMONA INDY 2 PALAS_BLANCO,0
640051819,FIORADUE MANGO REBAJADO_BLANCO,0
640051818,FIORADUE MANGO REBAJ.ALUM_BLANCO,0
640051405I,BISAGRA O/B G2 ESP.3,5mm_BLANCO,0
640051403,JGO.BISAGRAS BATIENTE 3,5_BLANCO,0
640050844,CREMONA GHIBLI 2P.82/104_BLANCO,0
640050841B,CREM.BORA 1P C/LLAVE INT.84-104_BLANCO,0
640050840BI,CREMONA BORA 1P INT.84-104_BLANCO,0
640050840AI,CREMONA BORA 1P INT.84-98_BLANCO,0
640050832,CAJA CREMONA O/B INT.104_BLANCO,0
640050808,CREMONA GHIBLI 1P.82/104_BLANCO,0
640050791B,CREMONA NEFER 2/P C/LLAVE_BLANCO,0
640050790BI,CREMONA NEFER 2 PALAS IND_BLANCO,0
640050761B,CREM.NEFER C/LLAVE 1PI.104_BLANCO,0
640050761A,CREMON.NEFER C/LLAVE 1PALA_BLANCO,0
640050760BI,CREMONA NEFER 1 PALA IND_BLANCO,0
640050640BI,MANILLA OSIRIDE EJE 43mm_BLANCO,0
640039826,BISAGRA GRIP 3ALAS ESP.3mm_ORO,0
640039730TH,BISAG.BLITZ-DUNE 3�HOJA D_ORO,0
640039730TG,BISAG.BLITZ-DUNE 3�HOJA I_ORO,0
640039730H,BISAGRA BLITZ-DUNE D_ORO,0
640039730G,BISAGRA BLITZ-DUNE I_ORO,0
640039730,BISAGRA BLITZ_ORO,0
640035742,BISAG.LOIRA TOP 2/P INT.60_ORO,0
640032100B,ESCUDO BOCALLAVE SEGURIDAD_ORO,0
640032088,MANILLA MISTRAL_ORO,0
640032051,MANILLA DOBLE HORUS_ORO,0
640031842,CREMONA RAMSES MANGO BAJO PVD_ORO,0
640031840,CREMONA RAMSES AP.EXT.PVD_ORO,0
640031518,KIT CIERRE APER.BAT.SUP/INF_ORO,0
640031407,BISAGRA O/B G3 CAMARA EU_ORO,0
640031405I,BISAGRA O/B G2 ESP.3,5mm_ORO,0
640030790B,CREMONA NEFER 2 PAL.INT.96_ORO,0
640030761A,CREMON.NEFER C/LLAVE 1PALA_ORO,0
640030760BI,CREMONA NEFER 1 PALA IND_ORO,0
640019830,BISAGRA GRIP C.EUR_PLATA,0
640019826,BISAGRA GRIP 3ALAS ESP.3mm_PLATA,0
640019730,BISAGRA BLITZ_PLATA,0
640015603,VENICE BABY 14mm_PLATA,0
640015601AI,BISAGRA VENICE IND.C.EUR_PLATA,0
640013717,PASADOR TITAN 675mm_PLATA,0
640013217,CIERRE SUPERCLAK_PLATA,0
640012100B,ESCUDO BOCALLAVE SEGURIDAD_PLATA,0
640012051,MANILLA DOBLE HORUS_PLATA,0
640011841,CREMONA RAMSES AP.EXT.C/LLAVE_PLATA,0
640011840,CREMONA RAMSES AP.EXT_PLATA,0
640011833,CREMONA INDY 2 PALAS_PLATA,0
640011405I,BISAGRA O/B G2 ESP.3,5mm_PLATA,0
640010808,CREMONA GHIBLI 1P.82/104_PLATA,0
640010790BI,CREMONA NEFER 2 PALAS IND_PLATA,0
640010782B,CREMONA NEFER 1 PALA SIN MANGO_PLATA,0
640010760BI,CREMONA NEFER 1 PALA IND_PLATA,0
640010640BI,MANILLA OSIRIDE EJE 43mm_PLATA,0
64000VCCQ910,BOLSA PALAS IZQUIERDA,0
640009799,CASQUILLO REGULACION NYLON/NEG,0
640009053,CALZO NYLON 5mm.BISAG.POSTIGO,0
640006842,PLANTILLA LOIRA TOP.INT.60,0
640006831,PLANTILLA CASQUILLOS 11-INT,0
640006634,KIT FIJACION LOIRA P/BISAGRAS,0
640005740,LOIRA TOP 2 ALAS 60mm,0
640005690,TORNILLO ANTIRROBO INOX,0
640005600AI,BISAGRA VENICE TOP C.E.INOX,0
640004177,SOPORTE HOJA NYLON P/PERF.JUN,0
640004166,PERNIO CIERRE SUP.DOMAL GALVAN,0
640004124,EMPALME DE ZAMAK JUNTA ABIERTA,0
640004100,CERRADERO DOBLE NYLON,0
640004080,TERMINAL PLETINA CREMONA,0
640003863,PROLONGACION P/PASADOR APOYO,0
640003862,PASADOR APOYO C/PUNTO ACE.INOX,0
640003838,PASADOR NYLON P/JUNTA ABIERTA,0
640003828,PASADOR ZAMAK P/CANAL 15x20,0
640003734,CERRADERO TITAN INOX,0
640003733,CERRADERO ZAMAK P/TITAN,0
640003720C,PASADOR TITAN2mm220-14x18,0
640003496,TAPON PVC P/AGUJEROS RED.12,0
640003231,COMPAS ALT 150mm,0
640003228I,COMPAS ALT 2 150mm,0
640002101A,CUADRADILLO ACERO 8mm.LONG.150,0
640002095,MANILLA DOBLE MISTRAL NYLON,0
640001895,CERRADERO INFERIOR LOTHUS-LUXOR,0
640001894,PASANTE INTERMEDIO P/LOTHUS,0
640001892BX,PUNTAL SUPERIOR LOTHUS,0
640001892AX,PUNTAL INFERIOR LOTHUS,0
640001890C,VARILLA LOTHUS 1400mm++,0
640001890BI,VARILLA LOTHUS 1800mm++,0
640001890A,VARILLA LOTHUS 1000mm++,0
640001828,TORNILLO ALLEN 6x30 P/1827-B,0
640001827BI,KIT FIJACION RAMSES,0
640001827A,KIT APERTURA RAMSES,0
640001826,PERNIO KIT FIJACION P/PERF.AUM,0
640001825,PERNIO P/KIT FIJACION,0
640001824BI,KIT FIJACION P/PERF.REDONDO,0
640001824,KIT FIJAC.FIORA2-FIORA3 INDY,0
640001685/6,MAQUINA OSCILO PUNZONADORA FP,0
640001679,KIT VENTANA FRANCESA,0
640001640,KIT ANTIRROBO P/G2,0
640001636,EJE SEGURIDAD C/CERRADERO,0
640001635,DISPOSITIVO ANTI-ROBO,0
640001634,DISPOSITIVO ANTI-ROBO CON EJE,0
640001622,CIERRE ACLIPSADO INTERIOR,0
640001615I,JGO.SOSTEN P/APERTURA FRANCESA,0
640001599,VARILLA CIERRE PLATA P/MURO CORTINA,0
640001598,CERRADERO MURO CORTINA,0
640001597I,EMPALME UNIVERSAL,0
640001596I6,BULON EXCENTRICO DE FIJACION,0
640001585,PUNTO CIERRE SUPLEMEN.INTERMED,0
640001581A,CIERRE SUPLEMENTARIO,0
640001575,PAR CONTRAPLACAS REFUERZO CREMONA,0
640001565I6,PERNO EMPALME P/CREMONA 1 PALA,0
640001559,EMPALME P/CREMONA 1 PALA,0
640001518,KIT CIERRE APER.BAT.SUP/INF,0
640001514,ANGULO REENVIO P/VENTANAS BATIENTES,0
640001510,KIT CIERRE APER.BAT.LATERAL,0
640001509C,TERMINAL PASADOR CENTR.15x20,0
640001508,CERRADERO C/MANDO CENTRAL,0
640001503,KIT PASADORES APOYO G2-G3,0
640001501,KIT CIERRE HOJA PASIVA,0
640001497A,ANGULO REENV.SUPLEM.C/P.CIERRE,0
640001495AI,ANGULO REENVIO SUPLEMENTARIO,0
640001482AI,KIT BASE OSC/BAT.G2-G3 2 HOJAS S/EMPALME,0
640001481I,KIT BASE OSC/BAT.G2-G3 1 HOJA,0
640001480,KIT BASE OSC/BAT.G2-G3,0
640001459,COMPAS LIMITAD.APER.CON FRENO,0
640001455,COMPAS SUPLEM.VTA.1200-1700mm,0
640001452C,COMPAS MEDIANO G3 562-1200,0
640001452B,COMPAS CORTO G3 402-750,0
640001451,COMPAS LARGO VTA.816-1700mm,0
640001450AI,COMPAS MEDIANO VTA.562-1200mm,0
640001449AI,COMPAS CORTO O/B VTA.402-750mm,0
640001449,COMPAS CORTO O/B VTA.364-700mm,0
640001406,KIT FIJACION BISAG.HOJA PASIVA,0
640000655,PLANTILLA P/MANILLA OSIRIDE,0
640000626,FRESA MANILLA ISIDE,0
640000625,PLANTILLA MANILLA ISIDE,0
640000620,MECANISMO MANILLA INTEGRAL ISIDE,0
640,"ACC.CARP.EUROP.""FAPIM""",0
630107229SR,HOJA ALA REDONDA SIN ROTUR_LC2,0
A9011203620,HOJA PUERTA MALLORQUINA EU_LC3,0
630107224SR,H.CENTRAL(2H)ALA R�S/ROTUR_LC2,0
25000943625,HOJA APER.24 C/37 V94_CSA,0
630107201SR,HOJA GENERAL SIN ROTURA_LC2,0
930157501,MARCO PERIM.2 CARR.C75RT_LMC,0
630107007SR,MARCO CON PATAS SIN ROTURA_LC2,0
84004226,HOJA CONTRAVENTANA DM_BEB,0
630077201SR,HOJA GENERAL SIN ROTURA_LMD,0
0A015705,SUPLEMENTO RECTO HOJA CENTRAL C70_LMC,0
630077007SR,MARCO CON PATAS SIN ROTURA_LMD,0
310009701,MARCO PERIMETRAL EXCELSA_CSA,0
630067229SR,HOJA ALA REDONDA SIN ROTUR_LC1,0
2400720001,CHAPA 2x1x2 1C P1_LMD,0
630067224SR,H.CENTRAL(2H)ALA R�S/ROTUR_LC1,0
A30075423220,HOJA PUERTA C/32 SM54RT_LMD,0
630067201SR,HOJA GENERAL SIN ROTURA_LC1,0
930007581,MARCO FIJO PERIM.C75RT_CSA,0
630067007SR,MARCO CON PATAS SIN ROTURA_LC1,0
95005800400,PERFIL 4 HOJAS 800_LBN,0
630057229SR,HOJA ALA REDONDA SIN ROTUR_LBN,0
0A004705,SUPLEMENTO RECTO HOJA CENTRAL C70_BEB,0
630057224SR,H.CENTRAL(2H)ALA R�S/ROTUR_LBN,0
A30075423210,MARCO PUERTA SM54RT_LMD,0
630057202SR,PERFIL INVERSOR SIN ROTURA_LBN,0
630057201SR,HOJA GENERAL SIN ROTURA_LBN,0
A60000508656,JUNTA ACRISTALAR 5mm.MUR50,0
630057007SR,MARCO CON PATAS SIN ROTURA_LBN,0
930157504,SUPLEM.CURVO HOJA CENTRAL C75RT_LMC,0
630047201SR,HOJA GENERAL SIN ROTURA_BEB,0
630047007SR,MARCO CON PATAS SIN ROTURA_BEB,0
930157581,MARCO FIJO PERIM.C75RT_LMC,0
630007229SR,HOJA ALA REDONDA SIN ROTUR_CSA,0
60010230081,MARCO FIJO SIN CLIP 2300_LC2,0
630007224SR,H.CENTRAL(2H)ALA R�S/ROTUR_CSA,0
25002102308,JUNQUILLO_PEB,0
630007202SR,PERFIL INVERSOR SIN ROTURA_CSA,0
A400054531,JUNQUILLO SUPLEMENTO MUR50_CSA,0
630007201SR,HOJA GENERAL SIN ROTURA_CSA,0
25004940312,JUNQUILLO GRAPA H-18mm_BEB,0
630007007SR,MARCO CON PATAS SIN ROTURA_CSA,0
930157560,HOJA PERIM.CRISTAL CLIM.C75RT_LMC,0
630,ABISAGRADO 7000,0
620VARIBB00,ACCESORIOS VARIOS REYNAERS,0
62010726456,CODO UNION PASAMANO RB10_LC2,0
62010726455,TERMINAL PASAMANO RB10_LC2,0
62010726445,SOPORTE FIJACION VERTICAL_LC2,0
62010726444,PIEZA SOPORTE 220251XX_LC2,0
62010726428,KIT FIJACION PASAMANOS_LC2,0
62008627872,U�ERO TLS110_INOX++,0
62008627865,MANETA INTERIOR+U�ERO_INOX++,0
62008627108,TIRADOR_INOX,0
62006FR9864,TAPA FRONTAL 74mm.CINTRO_NEGRO,0
62006778610,KIT REMATE CUPULA PIRAMIDE_COLOR,0
62006777660,ACCIONADOR ELEC.A CADENA_NEGRO,0
62006777467,JGO.MANDO MEDAS 22 LAMAS 24mm_NEGRO,0
62006777454,JGO.MANDO MEDAS 9 LAMAS 24mm_NEGRO,0
62006777407,JGO.MANDO MEDAS 12 LAMAS_NEGRO,0
62006777229,TERMINAL PERFIL 421112XX_NEGRO,0
62006777228,TERMINAL PERFIL 421119XX_NEGRO,0
62006776595,PERNIO PALA LARGA MEDAS_NEGRO,0
62006776590,PERNIO 2 PALAS REGULABLE MEDAS_NEGRO,0
62006776559,PERNIO TRIPLE PUERTA_NEGRO,0
62006776545,PERNIO K4 SIN MANO_NEGRO,0
62006776541,PERNIO 2 PALAS COMPLETO_NEGRO,0
62006776515,MUELLE AEREO RET.REG.660_NEGRO,0
62006776506,BISAGRA PUERTA AP.EXT.PS50_NEGRO,0
62006776502,KIT BISAGRAS EXT/INT_NEGRO,0
62006776458,CIERRE 2175 MANUAL_NEGRO,0
62006776455,CIERRE OVAL MANUAL Y AUT_NEGRO,0
62006776434,CIERRE INT.AUTOM.S/GANCHO_NEGRO,0
62006776326,TIRADOR PASADOR 776303XX_NEGRO,0
62006776298,JGO.CORTAVIENTOS ESFERA60_NEGRO,0
62006776287,CREMONA SEGURID.2P.CORRED_NEGRO,0
62006776275,CIERRE SEGUR.BALCON.CORRED_NEGRO,0
62006776250,JGO.CORTAVIEN.DES.KOTA6_NEGRO,0
62006776193,JUEGO TIRADOR PRESTIGE 5_NEGRO,0
62006776159,JUEGO MANUB.1988 C/ESCUDO_NEGRO,0
62006776099,KIT BISAGRAS MARCO/HOJA_NEGRO,0
62006776098,KIT BISAGRAS EXTERIORES_NEGRO,0
62006776097,KIT BISAGRAS C/RODAMIENTO_NEGRO,0
62006776086,HER.PARAL.1101-1350 150Kg_NEGRO,0
62006776083,KIT PASADOR PS50 PTA.2H_NEGRO,0
62006776079,KIT BISAGRA EXTERIOR HOJA B_NEGRO,0
62006776077,CREMONA HERR.ALMA 2 PALAS_NEGRO,0
62006776076,CREMONA HERR.ALMA 1 PALA_NEGRO,0
62006776075,KIT BISAGRA C/RODAM.HOJAS PARES_NEGRO,0
62006776061,SOPORTE ROSETA MANETA_NEGRO,0
62006776047,MANETA PIVOTANTE AP.EXT_NEGRO,0
62006776039,KIT ACC.OSC.2H.S/CRE S/COM_NEGRO,0
62006776038,KIT PIVOT.VERTICAL AV40_NEGRO,0
62006776035,KIT PIVOT.VERT.PS50/TS57_NEGRO,0
62006776032,KIT PIVOTES HORIZ.PS50/TS57_NEGRO,0
62006776016,KIT PIVOTANTE HORIZONTAL_NEGRO,0
62006775915,BISAGRA REGULABLE BLITZ_NEGRO,0
62006775912,BISAGRA 2 HOJAS GRIP3_NEGRO,0
62006775905,JGO.BISAGRAS OSC/BAT_NEGRO,0
62006775902,CREMONA NEFER 1 PALA_NEGRO,0
62006737290,SOPORTE VIDRIO 46,2mm_NEGRO,0
62006736803,SOPOR.VIDRIO REFOR.STAR50_NEGRO,0
62006726456,CODO UNION PASAMANO RB10_NEGRO,0
62006726452,SOPORTE REGULABLE CRISTAL_NEGRO,0
62006726451,SOPORTE ACRISTALAR RB10_NEGRO++,0
62006726447,PZA.TERMINAL REMATE SUELO_NEGRO,0
62006726446,PIE FIJACION HORIZONTAL_NEGRO,0
62006726445,SOPORTE FIJACION VERTICAL_NEGRO,0
62006726444,PIEZA SOPORTE 220251XX_NEGRO,0
62006726442,ESCUADRA CONEX.PARED 4/20_NEGRO,0
62006726441,ESCUADRA CONEX.PARED PASAMANOS_NEGRO,0
62006726440,ESCUADRA PERF.SOP.4/23,6_NEGRO,0
62006726434,PIEZA FIJACION PASAMANOS_NEGRO,0
62006726428,KIT FIJACION PASAMANOS_NEGRO,0
62006726424,FIJACION PASAMANOS PARED RB10_NEGRO,0
62006726416,PIE BASE SUELO RB10_NEGRO,0
62006726409,PIE FIJACION SUELO REDONDO_NEGRO++,0
62006726399,PIEZA ANCLAJE PARED RB10_NEGRO,0
62006726398,PZA.ANCLA.PASAM/PARED RB10_NEGRO,0
62006716966,TAPA FINAL CANAL ALUMINIO_NEGRO,0
62006716965,TAPA LAT.CANAL 170680 PR200_NEGRO,0
62006716964,TAPA MAINEL 170697XX PR200_NEGRO,0
62006716963,TAPA MAINEL 170694XX PR200_NEGRO,0
62006716962,TAPA MAINEL 170695XX PR200_NEGRO,0
62006716959,TAPA LAT.CANAL 070680/0576_COLOR,0
62006716954,TAPA FINAL PERF.070560/61_NEGRO,0
62006716949,TAPA FINAL PERF.070595_NEGRO,0
62006716945,TAPETA LATERAL CANAL_NEGRO,0
62006716939,TAPA FINAL PERF.070593 TR200_NEGRO,0
62006716938,TAPA FIN CANAL RENACIMIEN_NEGRO,0
62006716935,TAPA ALUM.070591XX TR200_NEGRO,0
62006716933,TAPA FINAL 070511-12 TR200_NEGRO,0
62006716917,TAPA FINAL ALU.070540 TR200_NEGRO,0
62006716554,TAPON TORNILLO DIN7981 D-4,2_NEGRO++,0
62006716368,TOPE UNION MAINELES TR200_COLOR,0
62006696801,SOPORTE CRISTAL STAR60_NEGRO,0
62006696736,DEFLECTOR SERIES REYNAERS_NEGRO++,0
62006657622,TRANSMISION PIVOTE 657620_NEGRO,0
62006657620,JUEGOS PIVOTES OVALADOS_NEGRO,0
62006657086,PIVOTE VTNA.PIVOTANTE 180�_NEGRO,0
62006657085,PIVOTE VENTANA PIVOTANTE 180�_NEGRO,0
62006657084,JUEGO PIVOTES S/RETENCION_NEGRO,0
62006657083,PIVOTE PIVOTANTE C/BLOQUE_NEGRO,0
62006656519,BISAGRA VENTANA ABERTURA EXT_NEGRO,0
62006656509,PERNIO DESLIZ.3PALAS_NEGRO++,0
62006656508,PERNIO DESLIZ.2 PALAS CS59_NEGRO++,0
62006656441,BISAGRA PUERTA 3 PALAS_NEGRO,0
62006656414,BISAGRA APER.EXT.DR.HANN_NEGRO,0
62006656406,PERNIO APER.INT.2 PALAS_NEGRO,0
62006629933,MANETA PUERTA SOFTLINE INTERIOR_NEGRO,0
62006628430,MANETA PUERTA SOFTLINE INTERIOR_NEGRO,0
62006627872,U�ERO TLS110_NEGRO++,0
62006627865,MANETA INTERIOR+U�ERO_NEGRO++,0
62006627863,MANETA EXT.PLACA BOMBIN_NEGRO,0
62006627862,MANETA INT.PLACA BOMBIN_NEGRO,0
62006627861,MANETA INTERIOR TLS110_NEGRO,0
62006627802,CIERRE TP138 DERECHO_NEGRO,0
62006627801,CIERRE TP138 IZQUIERDO_NEGRO,0
62006627734,CREMONA 3 PUNTOS TP110_NEGRO,0
62006627732,MANUBRIO INTERIOR TP110_NEGRO,0
62006627731,MANETA CIERRE TP138_NEGRO,0
62006627715,TOPE FIN CORR.REFOR.TP138_NEGRO,0
62006627153,JGO.MANUBRIO_NEGRO,0
62006627151,CREMONA MANETA EXTRAIBLE_NEGRO,0
62006627143,TOPE FINAL RECORRIDO CP50_NEGRO,0
62006627126,CERRADERO MARCO CP50_NEGRO,0
62006627110,TIRADOR STANDAR CP50_NEGRO,0
62006627108,TIRADOR_NEGRO,0
62006627107,PLACA P/HOJA REFORZADA_NEGRO,0
62006627106,PLACA STANDAR CP50_NEGRO,0
62006617259,TAPAS HOJA DOBLE AP.EXT_NEGRO,0
62006617255,TAPAS HOJ.DOBLE AP.INT.IZQ_NEGRO,0
62006617248,MANUBRIO DOBLE IZDO.ELIP.57_NEGRO,0
62006617245,MANUBRIO INT.DCHA.ELIP.57_NEGRO,0
62006617230,MANETA PUERTA_NEGRO,0
62006616970,EMBELLECEDOR ALUM.BOMBIN TS57_NEGRO,0
62006607210,MANETA APER.EXT.IZQ.TS57_NEGRO,0
62006607209,MANETA APER.EXT.DCHA.TS57_NEGRO,0
62006607201,MANETA APERT.EXT.IZQUIERDA_NEGRO,0
62006607135,CREMONA PIVOTANTE_NEGRO,0
62006607134,CREMONA HOJA PROYECTANTE_NEGRO,0
62006607129,CREMONA VENTANA APERTURA EXT_NEGRO,0
62006607054,CIERRE VENTANAL OCULTO_NEGRO,0
62006607052,CIERRE VENTANAL_NEGRO,0
62005OS3412,SOPORTE REGULABLE CRISTAL_BLANCO,0
62005FR9864,TAPA FRONTAL 74mm.CINTRO_BLANCO,0
62005FR9861,TAPA FRONTAL 58mm.CINTRO_BLANCO,0
62005778813,ESCUADRA MUESTRA CS68_BLANCO,0
62005778812,ESCUADRA MUESTRA TLS110_BLANCO,0
62005778811,ESCUADRA MUESTRA ESFERA_BLANCO,0
62005778810,MUESTR.MEDAS2 1 HOJ.L.FIJA_BLANCO,0
62005778807,ESCUADRA MUESTRA TP50_BLANCO,0
62005778806,ESCUADRA MUESTRA TS57_BLANCO,0
62005778805,ESCUADRA MUESTRA KOTA6_BLANCO,0
62005778803,ESCUADRA MUESTRA AV47_BLANCO,0
62005778802,ESCUADRA MUESTRA AV40_BLANCO,0
62005778801,ESCUADRA MUESTRA AV100_BLANCO,0
820002414,MARCO PUERTA RECTO 60RT DM_CSA,0
62005777882,PANEL MODELO 777882XX 2C_BLANCO,0
62005777660,ACCIONADOR ELEC.A CADENA_BLANCO,0
62005777636,ACCIONADOR ELEC.MASTER_BLANCO,0
62005777228,TERMINAL PERFIL 421119XX_BLANCO,0
62005777218,SOPORTE REGULABLE CRISTAL_BLANCO,0
62005776616,JGO.POMO BELAQUA METALICO_BLANCO,0
62005776601,GRUPO ACCESORIOS BELAQUA_BLANCO++,0
62005776545,PERNIO K4 SIN MANO_BLANCO,0
62005776541,PERNIO 2 PALAS COMPLETO_BLANCO,0
62005776502,KIT BISAGRAS EXT/INT_BLANCO,0
62005776458,CIERRE 2175 MANUAL_BLANCO,0
62005776438,TIRAD.CIERRE CURV.S/LLAVE_BLANCO,0
62005776434,CIERRE INT.AUTOM.S/GANCHO_BLANCO,0
62005776326,TIRADOR PASADOR 776303XX_BLANCO,0
62005776324,CREMONA APERTURA EXTERIOR MEDAS_BLANCO,0
62005776287,CREMONA SEGURID.2P.CORRED_BLANCO,0
62005776279,CIERRE SEGURIDAD EMBUTIDO_BLANCO,0
62005776275,CIERRE SEGUR.BALCON.CORRED_BLANCO,0
62005776246,CIERRE MULTIPUNTO CREMONA_BLANCO,0
62005776193,JUEGO TIRADOR PRESTIGE 5_BLANCO,0
62005776099,KIT BISAGRAS MARCO/HOJA_BLANCO,0
62005776098,KIT BISAGRAS EXTERIORES_BLANCO,0
62005776097,KIT BISAGRAS C/RODAMIENTO_BLANCO,0
62005776096,KIT BISAGRAS MARCO/HOJA BALCON_BLANCO,0
62005776095,KIT BISAGRAS EXTERIORES BALCON_BLANCO,0
62005776094,KIT BISAGRAS C/RODAMIENTO BALCON_BLANCO,0
62005776086,HER.PARAL.1101-1350 150Kg_BLANCO,0
62005776085,HER.PARAL.851-1100 150Kg_BLANCO,0
62005776083,KIT PASADOR PS50 PTA.2H_BLANCO,0
62005776078,KIT BISAGRA EXTERIOR HOJA BALCON_BLANCO,0
62005776077,CREMONA HERR.ALMA 2 PALAS_BLANCO,0
62005776076,CREMONA HERR.ALMA 1 PALA_BLANCO,0
62005776075,KIT BISAGRA C/RODAM.HOJAS PARES_BLANCO,0
62005776070,BISAGRA INTERMEDIA KIT RODAMIENTO_BLANCO,0
62005776047,MANETA PIVOTANTE AP.EXT_BLANCO,0
62005776044,HER.PARAL.1101-1350 100Kg_BLANCO,0
62005776043,HER.PARAL.851-1100 100Kg_BLANCO,0
62005776038,KIT PIVOT.VERTICAL AV40_BLANCO,0
62005776035,KIT PIVOT.VERT.PS50/TS57_BLANCO,0
62005776032,KIT PIVOTES HORIZ.PS50/TS57_BLANCO,0
62005776016,KIT PIVOTANTE HORIZONTAL_BLANCO,0
62005775915,BISAGRA REGULABLE BLITZ_BLANCO,0
62005775912,BISAGRA 2 HOJAS GRIP3_BLANCO,0
62005775905,JGO.BISAGRAS OSC/BAT_BLANCO,0
62005775902,CREMONA NEFER 1 PALA_BLANCO,0
62005775901,CREMONA P/MANETA EXTRAIBLE_BLANCO,0
62005775900,MANETA EXTRAIBLE OSC/BAT_BLANCO,0
62005737315,TERMINAL TAPETA 340543XX CW50_BLANCO,0
62005726456,CODO UNION PASAMANO RB10_BLANCO,0
62005726455,TERMINAL PASAMANO RB10_BLANCO,0
62005726452,SOPORTE REGULABLE CRISTAL_BLANCO,0
62005726451,SOPORTE ACRISTALAR RB10_BLANCO++,0
62005726447,PZA.TERMINAL REMATE SUELO_BLANCO,0
62005726446,PIE FIJACION HORIZONTAL_BLANCO,0
62005726445,SOPORTE FIJACION VERTICAL_BLANCO,0
62005726444,PIEZA SOPORTE 220251XX_BLANCO,0
62005726442,ESCUADRA CONEX.PARED 4/20_BLANCO,0
62005726441,ESCUADRA CONEX.PARED PASAMANOS_BLANCO,0
62005726440,ESCUADRA PERF.SOP.4/23,6_BLANCO,0
62005726434,PIEZA FIJACION PASAMANOS_BLANCO,0
62005726428,KIT FIJACION PASAMANOS_BLANCO,0
62005726416,PIE BASE SUELO RB10_BLANCO,0
62005726409,PIE FIJACION SUELO REDONDO_BLANCO++,0
62005726394,PIEZA DECORATIVA RB10_BLANCO,0
62005718472,TAPA MAINEL ARTICULADO ALUM.TR200_BLANCO,0
62005716968,TAPA LAT.CANAL 170680/82_BLANCO,0
62005716967,TAPA LAT.CANAL 170680-070583_BLANCO,0
62005716966,TAPA FINAL CANAL ALUMINIO_BLANCO,0
62005716965,TAPA LAT.CANAL 170680 PR200_BLANCO,0
62005716964,TAPA MAINEL 170697XX PR200_BLANCO,0
62005716963,TAPA MAINEL 170694XX PR200_BLANCO,0
62005716962,TAPA MAINEL 170695XX PR200_BLANCO,0
62005716959,TAPA LAT.CANAL 070680/0576_BLANCO,0
62005716955,TOPE DEL PANEL DE VIDRIO_BLANCO,0
62005716954,TAPA FINAL PERF.070560/61_BLANCO,0
62005716939,TAPA FINAL PERF.070593 TR200_BLANCO,0
62005716938,TAPA FIN CANAL RENACIMIEN_BLANCO,0
62005716937,TERMINAL 070592 TR200_BLANCO,0
62005716935,TAPA ALUM.070591XX TR200_BLANCO,0
62005716933,TAPA FINAL 070511-12 TR200_BLANCO,0
820072321,TRAVESA�O VENTANA 45RT DM_LMD,17,45
62005716928,TAPA FINAL PERF.070511/12_BLANCO,0
62005716922,TAPA FINAL PERF.070580+81_BLANCO,0
62005716921,TAPA FINAL PERF.070575_BLANCO,0
62005716917,TAPA FINAL ALU.070540 TR200_BLANCO,0
62005716368,TOPE UNION MAINELES TR200_BLANCO,0
62005696736,DEFLECTOR SERIES REYNAERS_BLANCO++,0
62005658713,PERNIO PTA.DR.HAHN 74/20_BLANCO,0
62005657622,TRANSMISION PIVOTE 657620_BLANCO,0
62005657085,PIVOTE VENTANA PIVOTANTE 180�_BLANCO,0
62005657084,JUEGO PIVOTES S/RETENCION_BLANCO,0
62005656509,PERNIO DESLIZ.3PALAS_BLANCO++,0
62005656508,PERNIO DESLIZ.2 PALAS CS59_BLANCO++,0
62005656413,BISAGRA PUERTA DR.HAHN 78mm_BLANCO++,0
62005656412,BISAGRA PUERTA DR.HAHN 78mm_BLANCO++,0
62005627872,U�ERO TLS110_BLANCO++,0
62005627865,MANETA INTERIOR+U�ERO_BLANCO++,0
62005627863,MANETA EXT.PLACA BOMBIN_BLANCO,0
62005627862,MANETA INT.PLACA BOMBIN_BLANCO,0
62005627861,MANETA INTERIOR TLS110_BLANCO,0
62005627732,MANUBRIO INTERIOR TP110_BLANCO,0
62005627731,MANETA CIERRE TP138_BLANCO,0
62005627715,TOPE FIN CORR.REFOR.TP138_BLANCO,0
62005627145,TIRADOR C/LLAVE CP50_BLANCO,0
62005627133,TIRADOR ESTANDAR FIJO_BLANCO,0
62005627132,TIRADOR STANDAR FIJO CP50_BLANCO,0
62005627110,TIRADOR STANDAR CP50_BLANCO,0
62005627108,TIRADOR_BLANCO,0
62005627107,PLACA P/HOJA REFORZADA_BLANCO,0
62005627106,PLACA STANDAR CP50_BLANCO,0
62005626878,MANETA PUERTA_BLANCO,0
62005616970,EMBELLECEDOR ALUM.BOMBIN TS57_BLANCO,0
62005607209,MANETA APER.EXT.DCHA.TS57_BLANCO,0
62005607201,MANETA APERT.EXT.IZQUIERDA_BLANCO,0
62005607135,CREMONA PIVOTANTE_BLANCO,0
790052621,HOJA PERIMETRAL 125RT DM_LBN,0
790052620,MARCO PERIMETRAL 125RT DM_LBN,0
62005607054,CIERRE VENTANAL OCULTO_BLANCO,0
62005607052,CIERRE VENTANAL_BLANCO,0
62005481904,UNIDAD VENTILACION SUPERIOR_BLANCO,0
62005481903,UNIDAD VENTILACION INFERIOR_BLANCO,0
62004778104,CIERRE BAJO PTA.SOBREPUESTO_BRONCE,0
62004776240,CREMONA VENTANA 1190-1790_BRONCE,0
62004776087,HER.PARAL.1351-1600 150Kg_BRONCE,0
62004776086,HER.PARAL.1101-1350 150Kg_BRONCE,0
62004776044,HER.PARAL.1101-1350 100Kg_BRONCE,0
62004776042,HER.PARAL.600-850 100Kg_BRONCE,0
62004627715,TOPE FIN CORR.REFOR.TP138_BRONCE,0
790052622,CRUCE HOJAS 125RT DM_LBN,0
62003775902,CREMONA NEFER 1 PALA_ORO,0
62001779970,ESCUADRA MUESTRA CS68_PLATA,0
62001779967,ESCUADRA CW50 STANDAR_PLATA,0
62001779966,ESCUADRA CW50 HL SEMI_PLATA,0
62001778822,ESCUADRA MUESTRA BARROCA_PLATA,0
62001778818,ESCUADRA PUERTA PS50_PLATA,0
62001777667,ACCIONADOR ELEC.PISTONA3_PLATA,0
62001777662,ACCIONADOR ELECT.A CADENA_PLATA,0
62001777660,ACCIONADOR ELEC.A CADENA_PLATA,0
62001776578,MUELLE AEREO DORMA TS92 GUIA PLANA_PLATA,0
62001776541,PERNIO 2 PALAS COMPLETO_PLATA,0
62001776245,CREMONA BALCON.2391-2690_PLATA,0
62001776244,CREMONA BALCON.2091-2390_PLATA,0
62001776243,CREMONA BALCON.1791-2090_PLATA,0
62001776240,CREMONA VENTANA 1190-1790_PLATA++,0
820072443,HOJA VENTANA RECTA 60RT DM_LMD,19,91
62001775915,BISAGRA REGULABLE BLITZ_PLATA,0
62001775912,BISAGRA 2 HOJAS GRIP3_PLATA,0
62001775905,JGO.BISAGRAS OSC/BAT_PLATA,0
62001775902,CREMONA NEFER 1 PALA_PLATA,0
62001756504,ANCLAJE BARRA TRANSMISION_PLATA,0
62001756076,TAPETA DE LAMINA 402MM_PLATA,0
62001726446,PIE FIJACION HORIZONTAL_PLATA,0
62001726442,ESCUADRA CONEX.PARED 4/20_PLATA,0
62001726441,ESCUADRA CONEX.PARED PASAMANOS_PLATA,0
62001726440,ESCUADRA PERF.SOP.4/23,6_PLATA,0
62001726428,KIT FIJACION PASAMANOS_PLATA,0
62001726416,PIE BASE SUELO RB10_PLATA,0
62001718445,MECANIS.MANUAL VTA.TECHO_PLATA,0
820022316,INVERSOR RECTO 45RT DM_PEB,0
62001716921,TAPA FINAL PERF.070575_PLATA,0
62001716547,PERNIO VENTANA VERANDA_PLATA,0
820002448,ESQUINERO 90� 60RT DM_CSA,0
62001657086,PIVOTE VTNA.PIVOTANTE 180�_PLATA,0
62001657085,PIVOTE VENTANA PIVOTANTE 180�_PLATA,0
62001656509,PERNIO DESLIZ.3PALAS_PLATA++,0
62001628001,GANCHO_PLATA,0
62001627872,U�ERO TLS110_PLATA++,0
62001627865,MANETA INTERIOR+U�ERO_PLATA++,0
62001627863,MANETA EXT.PLACA BOMBIN_PLATA,0
62001627862,MANETA INT.PLACA BOMBIN_PLATA,0
62001627715,TOPE FIN CORR.REFOR.TP138_PLATA,0
62001627143,TOPE FINAL RECORRIDO CP50_PLATA,0
62001627126,CERRADERO MARCO CP50_PLATA,0
62001627110,TIRADOR STANDAR CP50_PLATA,0
62001627108,TIRADOR_PLATA,0
62001627107,PLACA P/HOJA REFORZADA_PLATA,0
62001627106,PLACA STANDAR CP50_PLATA,0
62001626723,GANCHO VERSION 3/4 HOJAS_PLATA,0
62001617196,PROLONG.PASADOR 617194 CS59_PLATA++,0
62001616265,PORTERO ELECTRICO IZQ_PLATA,0
62001607135,CREMONA PIVOTANTE_PLATA,0
62001607134,CREMONA HOJA PROYECTANTE_PLATA,0
62001607090,TIRADOR MOSQUITO_PLATA,0
62000FR9901,TAPA FRONTAL 41,3mm.CINTRO,0
62000FR9892,JUNTA TERMINACION CINTRO,0
62000FR9891,JUNTA DRENAJE EPDM CINTRO,0
62000FR9889,JUNTA ACRISTALAR CINTRO,0
820022321,TRAVESA�O VENTANA 45RT DM_PEB,0
62000FR9884,TORNILLO DIN571 6x80 INOX,0
62000FR9881,TAPA MAINEL 58mm.CINTRO,0
820022355,HOJA PUERTA RECTA 45RT DM_PEB,0
62000FR9864,TAPA FRONTAL 74mm.CINTRO,0
62000FR9862,TAPA FRONTAL 48mm.CINTRO,0
62000FR9861,TAPA FRONTAL 58mm.CINTRO,0
62000FR9860,TAPA FRONTAL 63mm.CINTRO,0
6200097G292,MATRIZ MANUAL ESC.B.REYNAERS,0
62000970557,UTIL MONTAJE HOJAS,0
790023436,MARCO PERIMETRAL 81,5mm.85RT DM_PEB,0
62000970469,PLANTILLA PERNIO 656408,0
790023406,HOJA PERIMETRAL RECTA 85RT DM_PEB,0
790023409,CRUCE HOJAS 85RT DM_PEB,0
62000970441,UTIL ESCUADRA ATORNILLAR,0
62000970440,UTIL ESCUADRA ATORNILLAR,0
62000970437,UTIL DRENAJE,0
62000970436,UTIL UNION ATORNILLAR,0
62000970421,UTIL TOPE UNION,0
62000970382,UTIL ESCUADRAS DE ATORNILLAR,0
62000970375,UTIL ESCUADRAS BLOQUEO,0
62000970368,PLANTILLA DR.HANN TURBAND 65,0
62000970308,PLANTILLA PERNIO 658714XX,0
62000970233,UTIL ESCUADRA CANAL,0
62000970130,UTIL DEFLECTOR PS50,0
6200095K312,TOPES DE CORTE PLASTICO RB10,0
62000900113,UTIL ABRIDOR RANURAS,0
62000869392,LIMPIADOR ELOXAL,0
62000869203,REYNACLEAN,0
62000869201,REYNACLEAN LIMPIADOR ALUMINIO++,0
62000869187,KIT LIMPIEZA ALUMINIO,0
62000869180,REYNACLEAN LIMPIADOR ALUMINIO++,0
62000869177,KIT LIMPIEZA PARA ALUMINIO,0
62000849397,JUNTA AUTOADHESIVA,0
62000849113,ROLLO CINTA ADHESIVA 2 CARAS,0
62000849071,PISTOLA MANUAL,0
62000849070,EPOXY,0
62000849069,EPOXY PARA ESCUADRA++,0
62000849061,PIEZA DE MEZCLADO PARA 084.907,0
62000819240,CEPILLO 7x9mm.TR100S,0
62000819230,CEPILLO 28x10,7mm,0
62000819142,CEPILLO PUERTA 25mm,0
62000819141,CEPILLO BAJO ZOCALO 20mm,0
62000819140,CEPILLO INFERIOR ZOCALO 32mm,0
62000819098,CEPILLO FINSEAL CP50,0
62000819028,CEPILLO 11,75mm,0
62000819026,CEPILLO 5x8,5mm.TP50,0
62000819025,CEPILLO 5x5,25mm.TP50,0
62000819023,CEPILLO HOJAS 5x7 TP110,0
62000809903,JUNTA PERFIL DILATACION,0
62000809886,JUNTA ADAPTABLE,0
62000809885,JUNTA ADAPTABLE,0
62000809884,JUNTA,0
62000809871,JUNTA ACRISTALAR 11mm,0
62000809861,PIEZA MATRIZADA 5,5/11mm,0
62000809860,PIEZA MATRIZADA 3,5/9mm,0
62000809856,JUNTA ACRISTALAR 3,5mm++,0
62000809855,JUNTA ESTANQUEIDAD CW50++,0
62000809850,JUNTA DE PRESION,0
62000809837,JUNTA PRESION 23,1mm++,0
62000809826,JUNTA ACRISTALAR 5,5mm,0
62000809825,JUNTA ACRISTALAR 3,5mm,0
62000809821,JUNTA ACRISTALAR 11mm,0
62000809820,JUNTA ACRISTALAR 9mm,0
62000809815,JUNTA VIDRIO TRAVESA�O 3,5mm,0
62000809810,JUNTA VIDRIO MAINEL 9mm,0
62000809805,JUNTA TOPE 1,5mm,0
62000809740,JUNTA VIDRIO 3,5mm,0
62000809712,CINTA SELLADO 100mm,0
62000809707,JUNTA ENSAMBLAJE,0
62000809701,JUNTA ACRISTALAR 3,5mm.EPDM,0
62000809700,JUNTA ACRISTALAR 2mm.EPDM,0
62000809659,JUNTA CENTRAL 15,9x6,4,0
62000809657,JUNTA CENTRAL,0
62000809651,JUNTA CENTRAL CS59,0
62000809650,JUNTA CENTRAL EPDM CS68,0
810082047,INVERSOR CURVO S40 DM_INOX,15,27
820082829,REMATE PAVIMENTO 60RT DM_INOX,3,33
62000809639,JUNTA EPDM HOJA OCULTA CS68,0
820062501,MARCO VENTANA 75RT DM_LC1,27,92
62000809594,JUNTA ACRIST.14mm.TP50 EPDM,0
820062502,HOJA VENTANA 75RT DM_LC1,31,88
820062511,HOJA PUERTA 75RT DM_LC1,36,47
62000809582,JUNTA ACRIST.VIDRIO 8mm.RB10,0
820062503,INVERSOR 75RT DM_LC1,27,72
62000809575,JUNTA ESTANQ.VENTANA TR++,0
62000809574,JUNTA ESTANQUEIDAD CANAL TR200,0
62000809573,JUNTA UNION TECHO TR200,0
62000809571,JUNTA ACRISTALAR MURO TR200,0
62000809569,JUNTA ESTANQUEIDAD CANAL,0
62000809564,JUNTA ACRISTALAR CINTRO,0
62000809560,JUNTA ACRISTALAR SUP.6-16mm,0
62000809558,JUNTA ESTANQUEIDAD CANAL PR200,0
62000809557,JUNTA ESTANQUEIDAD CANAL PR200,0
62000809552,PIEZA FINAL TRANSVERS.EPDM,0
62000809544,JUNTA ACRISTALAR 10,5mm.CW60,0
62000809543,JUNTA ACRISTALAR 7mm.CW60,0
62000809542,JUNTA ACRISTALAR 5,5mm.CW50,0
62000809540,JUNTA ACRISTALAR 3,5mm.CW50,0
820062504,TRAVESA�O 75RT DM_LC1,29,07
810062827,JUNQUILLO RECTO 38 DM_LC1,3,11
790063412,VIERTEAGUAS RT DM_LC1,0
62000809523,JUNTA CENTRAL AUTORROS.8,8mm,0
62000809522,JUNTA EPDM COMPARTIMENT.CW50,0
62000809519,JUNTA CENTRAL AUTORROS.11mm,0
62000809518,JUNTA COMPARTIMENTACION 6,7mm,0
62000809514,JUNTA ESQUINA AJUSTABLE 9mm,0
62000809513,JUNTA ESQUINA AJUSTABLE 5,5mm,0
62000809511,JUNTA ACRISTALAR INT.7-9mm++,0
62000809508,JUNTA CU�A 3,7mm.EPDM,0
62000809505,JUNTA CU�A 3,7mm.EPDM,0
62000809503,JUNTA PERFIL DILATACION,0
62000809502,JUNTA UNION TRANSVERSALES CW60,0
62000809500,CANAL DRENAJE INCLINADO CW60,0
62000809493,JUNTA UNION 340522 CW50++,0
62000809490,JUNTA UNION TRAV.A GRADOS CW50,0
820022405,HOJA PUERTA CURVA 60RT DM_PEB,0
62000809486,JUNTA TAPA 188mm.TRANSV.CW50++,0
62000809485,JUNTA TAPA 104mm.TRANSV.CW50++,0
62000809484,JUNTA TAPA 62mm.TRANSV.CW50++,0
62000809483,JUNTA PERFIL 341521XX CW50,0
62000809482,JUNTA UNION TRAV.340520XX,0
62000809481,JUNTA UNION TRAV.A GRADOS++,0
62000809478,ESCUADRA VULCANIZADA EPDM,0
62000809475,JUNTA CENTRAL VULCANIZADA,0
240001C22001,CHAPA PERF.2x1x1,2 C�20_CSA,62,95
62000809473,PIEZA CENTRAL JUNTA TS57,0
62000809470,PIEZA CENTRAL JUNTA TS50/PS50,0
62000809467,JUNTA CENTRAL VULCANIZADA,0
62000809459,JUNTA CENTRAL MARCO TS74++,0
62000809457,JUNTA CENTRAL TS57 NUEVA,0
62000809456,JUNTA CENTRAL TS67,0
62000809453,JUNTA CENTRAL TS50/PS50,0
62000809450,JUNTA HOJA EPDM ACUSTICA,0
62000809449,JUNTA ACUSTICA,0
62000809448,JUNTA REMATE OBRA TR100/200,0
62000809446,JUNTA ESTANQUEIDAD HOJA,0
62000809445,JUNTA ESTANQUEIDAD,0
62000809444,JUNTA REF�90,0
62000809443,JUNTA ESTANQUEIDAD PUERTA,0
240001C42001,CHAPA PERF.2x1x1,2 C�40_CSA,63,82
240021C42101,CHAPA PERF.2x1x1,2 C�40 2C_P.SEMI,0
62000809435,JUNTA HOJA ROTULA STAR50,0
62000809434,JUNTA MODULO MURO STAR50,0
62000809432,CIERRE,0
62000809430,JUNTA TOPE,0
62000809428,JUNTA PERIMETRO MODULOS STAR50,0
240021C22101,CHAPA PERF.2x1x1,2 C�20 2C_P.SEMI,0
62000809426,JUNTA ESTANQUEIDAD HOJA STAR50,0
62000809424,JUNTA ESTANQUEIDAD HOJA CP155,0
62000809423,JUNTA MARCO LATER.EPDM TLS110++,0
62000809396,JUNTA EPDM,0
62000809395,JUNTA EPDM,0
62000809382,JUNTA APOYO DOBLE HOJA TS67,0
62000809381,JUNTA EPDM D=4mm.TR100/200,0
62000809366,JUNTA ACRIST.6,5x9,5mm.EPDM,0
62000809365,JUNTA ACRIST.CU�A 5,5-6mm.EPDM,0
62000809364,JUNTA ACRISTALAR 3,5-5mm.EPDM,0
62000809363,JUNTA CU�A 5mm.EPDM,0
62000809362,JUNTA ACRISTAL.CU�A 4,5mm.EPDM,0
62000809360,JUNTA ACRISTAL.CU�A 3mm.EPDM,0
62000809356,JUNTA ESTANQ.TRANSVERSAL CW50++,0
62000809355,JUNTA ESTANQ.MAINEL CW50++,0
62000809351,JUNTA ACRISTALAR VIDRIO 2,5mm,0
62000809349,JUNTA EPDM ACRISTAL.MAINEL,0
62000809344,JUNTA DRENAJE INT.24-28mm.CW50,0
62000809337,JUNTA EPDM VERTICAL VENTANA,0
62000809336,JUNTA EPDM ACRISTAL.VERTICAL,0
62000809335,JUNTA EPDM PRESION VERTICAL,0
62000809328,JUNTA ACRISTALAR 11-13mm.STAR,0
240021R25101,CHAPA PERF.2x1x1 R�2,5 2C_P.SEMI,0
62000809323,JUNTA ESTANQ.MODULOS STAR50,0
62000809322,JUNTA EPDM HORIZONTAL VEC++,0
62000809321,JUNTA EPDM HORIZONTAL VENTANA++,0
62000809320,JUNTA EPDM STAR50,0
62000809318,JUNTA UNION PARA SG,0
51000G160,CREMONA CORRED.1600 C/LLAVE PLG,0
62000809303,JUNTA SG 6,8mm,0
510063070,MANILLA 3070 MULTIFUNCION EXT/INT_NEGRO,0
62000809300,JUNTA EPDM COMPARTIMENTACION,0
820072331,UNION MARCOS CURVOS 45RT DM_LMD,17,17
820052442,HOJA VENTANA CURVA 60RT DM_LBN,18,01
820052445,HOJA PUERTA ELIPT.60RT DM_LBN,21,3
820052456,HOJA PUERTA APER.EXT.60RT DM_LBN,22,4
820052424,ZOCALO 60RT DM_LBN,23,96
62000809287,ROLLO 25m.BUTILO ANCHO 60,0
62000809285,ROLLO 25m.BUTILO ANCHO 55x1,5,0
810082005,HOJA BALCONERA CURVA S40 DM_INOX,16,35
62000809277,ROLLO 20m.JUNTA ESTANQ.ADHESIV++,0
62000809253,JUNTA DILATACION,0
62000809251,JUNTA DILATACION 021180XX,0
840062876,FORRO 40mm.DM_LC1,2,83
62000809203,JUNTA CU�A ACRISTALAR 3mm.EPDM++,0
62000809118,JUNTA ACRISTALADO EXTERIOR,0
62000809116,JUNTA ACRISTALAR EXT.6mm.EPDM,0
62000809114,JUNTA ACRISTALAR EXT.EPDM,0
62000809108,JUNTA CU�A ACRISTALAR 7-8mm,0
62000809106,JUNTA DE ACRISTALAR INTERIOR++,0
62000809105,JUNTA DE ACRISTALADO INTERIOR++,0
62000809104,JUNTA CU�A ACRISTALAR 4mm.EPDM++,0
62000809103,JUNTA CU�A ACRISTALAR 3mm.EPDM++,0
62000809100,JUNTA SOPORTE P/ACRISTALADO C/SILICONA,0
62000809082,JUNTA MARCO CENTRAL CS38++,0
62000809081,JUNTA MARCO EXTERIOR CS38,0
62000809077,JUNTA TOPE,0
62000809076,JUNTA PERIMETRAL PUERTA CS59++,0
62000809075,JUNTA PERIMETRAL MARCO++,0
62000809072,JUNTA ESTANQ.PERIMETRAL PUERTA++,0
62000809071,JUNTA PERIMETRAL MARCO++,0
62000809022,JUNTA ACRISTALAR VIDRIO 26,0
62000809020,JUNTA ACRISTALAR VIDRIO 24,0
62000809003,JUNTA ESTANQ.HOJA TLS110++,0
62000809002,JUNTA ESTANQ.HOJA TLS110++,0
62000809000,JUNTA,0
62000808904,JUNTA DE ACRISTALADO INTERIOR++,0
810002810,JUNQUILLO RECTO 29 DM_CSA,0
62000788254,COMPAS PROYECTANTE 305mm,0
62000779975,TOTEM CIERRES SERIE VERSUS,0
820002415,MARCO PUERTA CURVO 60RT DM_CSA,0
820002447,ESQUINERO REGULABLE 60RT DM_CSA,0
62000779765,MATRIZ ECO-SYSTEM,0
62000779764,MATRIZ TLS110++,0
62000779763,MATRIZ CP-50 MARCO,0
62000779762,MATRIZ CP-50 HOJA,0
62000779756,MATRIZ ESCUADRAS Y UNIONES,0
62000779751,LENG�ETA ESC.MATRIZ 7797440,0
62000779750,SUPLEMENTOS ESC.PS50 7797440,0
62000779749,SUPLEMENTOS ESC.TS57 7797440,0
62000779748,SUPLEMENTOS ESC.AV40 7797440,0
62000779747,PLANTILLA PERNIOS DR.HANN,0
62000779746,PLACA BASE ADAPTADORA,0
62000779744,MATRIZ ESCUA.T.UNION AV40/TS57,0
62000779743,MATRIZ BASE MAN.AV40/TS57,0
62000779723,UTIL ESCUADRAS MOSQUITERA,0
62000779702,MATRIZ MULTIFUNCIONAL AV-10,0
62000779507,PRENSA MANUAL ESFERA CS59,0
62000779503,KIT NEUMATICO MATRICES INTERCA,0
62000779219,JGO.FRESAS SERIE PS50++,0
62000779005,LENG�ETA PRENSA 97630500/600,0
62000778871,MEDAS 2 PREF.LAMA MOVIL,0
62000778702,ESPUMA AUTOAD.AISLANTE DE 326,0
62000778701,ESPUMA AUTOAD.AISLANTE DE 245,0
62000778435,PISTOLA MANUAL BICOMPONENTE,0
62000778434,MEZCLADOR ESTATICO PISTOLA BI.,0
62000778433,TUBO BICOMPONENTE 660 GRAMOS,0
820002421,TRAVESA�O VENTANA 60RT DM_CSA,0
62000778120,CEPILLO FINSEAL 7x6,5mm,0
62000778118,CEPILLO FINSEAL 7x5mm,0
820002431,UNION MARCOS CURVOS 60RT DM_CSA,0
62000778111,CEPILLO 6x5mm++,0
820002452,MARCO VTNA.CURVO C/SOLAPE 60RT DM_CSA,0
62000778105,CEPILLO FINSEAL 7x9mm.NEGRO,0
62000778023,JUNTA ACRIST.EXT.2mm.AV40,0
62000778019,JUNTA ESTANQUEIDAD CU�A CAUCHO,0
8300030459,JGO.TAPA INVERSOR RECTO 60RT DM,0
62000778016,JUNTA ACRISTALAR 2.5mm.EPDM,0
62000778011,JUNTA ESTANQUEIDAD CAUCHO MEDAS,0
62000778005,JUNTA ACRISTALAR 5-6mm.AV47,0
62000778004,JUNTA BASE CLIPAJE JUNQUILLOS,0
62000778001,JUNTA ACRISTALAR KL39 GRANDE,0
62000777977,TACO PIVOTANTE++,0
62000777911,TACO MECANIZACION TRANSMISION,0
62000777887,PANEL MODELO 777887XX 2C,0
62000777665,PULSADOR CONMUTADOR UNIPOLAR,0
62000777663,KIT VENTANA PROYECTANTE PARA 7,0
62000777661,ABRAZADERA NYLON APER.INTER,0
820002403,HOJA VENTANA RECTA 60RT DM_CSA,0
820002455,HOJA PUERTA 93mm.RECTA 60RT DM_CSA,0
820102412,MARCO VENTANA CURVO 60RT DM_LC2,14,19
62000777315,JUEGO MANDO MEDAS 20 LAMAS,0
62000777308,JGO.MANDO MEDAS 13 LAMAS 24mm,0
62000777233,TAPA MONTANTE 220221XX RB10,0
820102417,INVERSOR CURVO 60RT DM_LC2,15,59
62000777216,KIT ANCLAJE ANTEPECHO RB10,0
62000777213,BISAGRA VERTICAL 421119XX,0
62000777204,PIEZA BISAGRA REGUL.HORIZONTAL,0
810082014,MARCO PUERTA RECTO S40 DM_INOX,12,93
62000777007,PATIN MOSQUITERA,0
810082026,TRAVESA�O PUERTA S40 DM_INOX,17,67
820102415,MARCO PUERTA CURVO 60RT DM_LC2,16,12
62000776939,TAPA DOBLE HOJA 044015 DCHA++,0
810082826,JUNQUILLO RECTO 9 DM_INOX,2,32
62000776937,GRAPA JUNQUILLO PUNTO REDONDO,0
62000776935,JUEGO TAPETA ESTANT.420127,0
62000776934,GRAPA INOX.JUNQUILLO PUNTO REDONDO,0
62000776909,MALETIN CALZOS 16x50 Y 20x50,0
62000776908,CALZO MULTIPLE 20x50,0
62000776907,CALZO MULTIPLE 16x50,0
62000776866,ESCUADRA HOJA 044128XX PS50,0
62000776865,ESCUADRA RAPIDA HOJAS PS50,0
62000776864,ESCUADRA BLOQUEO HOJA STAR50,0
62000776863,ESCUADRA BLOQUEO 47x33 CENTRAD++,0
62000776862,ESCUADRA BLOQUEO 47x33 DESCENT++,0
62000776861,ESCUADRA BLOQUEO 47x22 DESCENTRADA,0
62000776860,ESCUADRA BLOQUEO 47x12 CS59,0
62000776851,LLAVE ENSAMBLAJE,0
62000776850,BROCA P/NIVELADOR 77684800,0
62000776848,NIVELADOR 15mm,0
62000776847,ESPESOR CALZO ESCUAD.77684600,0
62000776846,CALZO ESCUADRA HOJA 424947XX,0
62000776843,ESCUADRA RAPIDA PERFIL 151021,0
62000776842,ESCUADRA RAPIDA PERFIL 151025,0
62000776841,ESCUADRA RAPIDA PERFIL 151036,0
62000776839,ESCUADRA RAPIDA PERFIL 151002,0
62000776838,ESCUADRA TAPAJUN.REG.PERSIANA,0
62000776836,ESCUAD.RAPIDA 021036/02 061730,0
62000776829,ESCUADRA ZINCADA PERF.420814XX,0
62000776823,ESCUADRA RAPIDA 151012-1029,0
62000776822,ESCUADRA MOSQUITERA 141391XX,0
62000776820,ESCUADRA GIRATORIA MARCO AV40,0
62000776816,ESCUADRA ALINEAM.TAPAJUNTAS,0
62000776813,ESCUADRA 90� 421116XX++,0
62000776812,ESCUADRA REFORZ.TAPAJUNTAS REGISTRO 9mm,0
62000776806,ESCUADRA RAPIDA PERFIL 151013,0
62000776802,ESCUADRA BLOQUEO CW50-SC/SG,0
820022303,HOJA GENERAL RECTA 45RT DM_PEB,0
62000776711,JGO.TAPAS PERFIL 776710XX,0
62000776608,1mt.JUNTA INF.VIDRIO BELAQUA,0
62000776602,JUNTA MAGNETICA MAMPARA BA�O,0
62000776601,GRUPO ACCESORIOS BELAQUA,0
62000776593,AUTOMATISMO B.PUERTA IGLOO,0
62000776592,AUTOMATISMO B.PUERTA IGLOO,0
62000776589,AUTOMATISMO B.PUERTA IGLOO,0
62000776579,MUELLE AEREO DORMA TS96 OCULTO,0
62000776540,EJE PERNIO DESMONTABLE,0
62000776482,KIT GANCHOS CIERRES VERSUS,0
62000776481,KIT GANCHOS CIERRES VERSUS,0
810082809,JUNQUILLO RECTO 22,5 DM_INOX,3,7
62000776460,KIT PARA 776436 C/LLAVE AV47,0
62000776456,GANCHO MARCO ZAMAK ESFERA,0
810102810,JUNQUILLO RECTO 29 DM_LC2,2,79
62000776451,RULETA SIMPLE REGULABLE KOTA6++,0
820102348,TUBO ESQUINERO REGULABLE 45RT DM_LC2,14,93
62000776445,KIT CIERRE PARA TP50++,0
820102447,ESQUINERO REGULABLE 60RT DM_LC2,11,61
820102421,TRAVESA�O VENTANA 60RT DM_LC2,14,11
62000776435,KIT GANCHOS ESFERA 776433/34++,0
62000776432,RULETA SIMPLE AGUJAS REG.AV47,0
62000776431,TAPA P/RULETA 77641700,0
62000776430,TAPA P/RULETA 77641900,0
62000776429,TAPA P/RULETA 77641800,0
62000776425,RULETA TANDEM AGUJAS REG.AV47,0
62000776424,RULETA TANDEM AGUJAS AV47,0
820102445,HOJA PUERTA ELIPT.60RT DM_LC2,17,91
62000776421,RULETA SIMPLE AGUJAS AV47,0
62000776419,RULETA PERFIL 420102XX,0
62000776418,RULETA PERFIL 420104XX,0
820102431,UNION MARCOS CURVOS 60RT DM_LC2,13,35
820102452,MARCO VTNA.CURVO C/SOLAPE 60RT DM_LC2,14,95
62000776381,MANILLA SLITTA,0
62000776323,PROLONGADOR 77632204 2� HOJA,0
62000776321,GOLPETE FIJACION P/VENTANAS,0
62000776320,KIT TACO TRANSMIS.HOJA 40x40,0
62000776316,JUEGO SOPORTES LAMA DER/IZQ++,0
62000776305,PASADOR BASCULANTE NYLON++,0
62000776301,JUEGO TAPAS 2 HOJAS MEDAS,0
62000776297,KIT TOPES GUIA ESFERA,0
62000776294,KIT PIEZAS ESTANQUEIDAD AV47,0
820052441,MARCO VENTANA RECTO 60RT DM_LBN,15,68
820052403,HOJA VENTANA RECTA 60RT DM_LBN,17,03
62000776257,JUEGO TOPES GUIA P/HOJA AV47,0
62000776254,JGO.CORTAVIENTOS DESLIZ.AV47,0
62000776238,ESCUADRA HOJA ESFERA60,0
820052416,INVERSOR RECTO 60RT DM_LBN,16,98
62000776224,ESCUADRA MARCO ESFERA60,0
62000776222,RUEDA TANDEM REGULA.ESFERA60,0
62000776211,CENTRADOR HOJA MARCO,0
62000776208,RUEDA SIMPLE REG.ESFERA60,0
62000776206,BOMBIN 2 CARAS MANETA ELEVABLE,0
62000776204,RUEDA SIMPLE ESFERA60,0
62000776187,KIT RODILLO P/77618400,0
62000776185,PLACA EXTREMOS CERRADURA 77,61++,0
62000776184,CERRADURA 3P GOLPE/LLAVE++,0
62000776158,ESCUDO BOMBIN INOX,0
62000776147,ESCUDO P/BOMBIN NYLON,0
62000776146,CERRADURA SERRETA,0
62000776145,CERRADURA 3 PUNTOS GOLPE/LLAVE,0
62000776139,PLACA EXTREMO CERRAD.3 PUNTOS,0
62000776136,PLACA EXTREMO CERRAD.3 PUNTOS,0
62000776134,PLACA CENTR.CERRAD.3PTOS.INOX,0
62000776132,PORTERO ELECTRICO ESP.IZQUIERD,0
62000776129,PLACA CENTR.CERRAD.3PTOS.INOX,0
62000776125,CERRADURA 3PTOS.GOLPE BULON,0
62000776124,CERRADURA 3 PUNTOS GOLPE/LLAVE,0
62000776120,CERRADURA 1 PUNTO GOLPE/LLAVE,0
62000776112,CERRADURA 1PUNTO GOLPE/LLAVE,0
62000776109,BOMBIN SEGURIDAD 35-35,0
62000776107,BOMBIN SEGURIDAD 40-35,0
62000776105,BOMBIN SEGURIDAD 32-32,0
62000776104,BOMBIN DESCENTRADO 28-33,0
62000776103,BOMBIN STANDAR 30-30,0
820052414,MARCO PUERTA RECTO 60RT DM_LBN,17,44
820052455,HOJA PUERTA 93mm.RECTA 60RT DM_LBN,22,73
62000776081,CONJUNTO PASADOR HOJA PASIVA,0
820052423,TRAVESA�O PUERTA 60RT DM_LBN,18,56
820102423,TRAVESA�O PUERTA 60RT DM_LC2,15,54
62000776072,COMPAS OSCILOBAT.380-550mm,0
62000776069,KIT TACO APERTURA EXTERIOR,0
62000776058,PIEZA RESBALON PLASTICO,0
820102341,MARCO VENTANA RECTO 45RT DM_LC2,12,55
62000776056,PESTILLO PUERTAS BALCONERAS,0
820102351,MARCO VTNA.RECTO C/SOLAPE 45RT DM_LC2,13,61
301565,PLETINA 65x4_LMC,0
62000776028,COMPAS LIMITADOR APERTURA DES.,0
62000776026,FALSO COMPAS PRACTICABLE,0
62000776024,COMPAS OSCILOBAT.ANCHO 550-900,0
62000776023,COMPAS OSCILOBAT.ANCHO 350-550,0
62000776022,JGO.COMPAS CREMALLERA ABATIBLE,0
820072441,MARCO VENTANA RECTO 60RT DM_LMD,16,65
62000776013,CIERRE CERRADERO INF/SUP 2H,0
62000776012,CERRADERO MARCO,0
62000776008,KIT PRACTICABLE 1 HOJA S/BISG,0
62000776006,KIT HOJA PASIVA 2 HOJAS,0
62000776005,KIT OSCILOBATIENTE 1 HOJA++,0
62000776004,BULON ACERO INOX,0
62000776001,ANGULO REENVIO,0
62000775993,KIT RESBALON MEDAS,0
62000775991,KIT PRACTICABLE 2 HOJAS MEDAS++,0
62000775985,JGO.TAPAS CENTRAL TS57,0
62000775970,JUEGO TAPAS PERFIL 151015XX,0
62000775957,CONJUNTO ANGULO REENVIO+CIERRE,0
62000775947,JUEGO PASADORES 2� HOJA,0
62000775944,CIERRE 2� HOJA OCULTO,0
62000775943,COMPAS ADICIONAL 1400-1700mm,0
62000775940,CASQUILLO EXCENTRICO BLITZ,0
62000775917,BULON EXCENTRICO REGULABLE,0
62000775914,KIT PRACTICABLE 1 HOJA,0
62000775913,PUNTO ANCLAJ.INTERMED.2�H OSCI,0
62000775911,KIT OSCILOBAT.2H GALIPLUS 2,0
62000775910,CERRADERO UNIVERSAL,0
62000775909,ANGULO CIERRE SUPLEMENTARIO,0
62000775908,BULON ARRASTRE CREMONA,0
62000775907,COMPAS MEDIANO 526-1200,0
62000775906,COMPAS PEQUE�O 402-650,0
62000775904,PATIN ARRASTRE CREM.GALIPLUS 2,0
62000775903,KIT OSCILOBAT.1H GALIPLUS 2,0
62000775603,GRAPA JUNQUILLO 420111XX,0
62000775210,TORNILLO 5,5x25 MECHA TORA47,0
8300031065,JUNTA ARRASTRE DM,0
62000775204,TORNILLO P/PERFIL 422107X,0
62000775109,TORNILLO DIN916 M6x25 INOX,0
62000775050,ANCLAJE MTA.M10x120 BICROM,0
62000775047,TORNILLO DIN84 M6x16,0
62000775046,TORNILLO DIN84 M6x30 INOX++,0
820072303,HOJA GENERAL RECTA 45RT DM_LMD,20,31
46000P4,PERFIL 75% APERTURA_CSA,0
62000756504,ANCLAJE BARRA TRANSMISION,0
62000756502,PIEZA DE FIJACION,0
62000756501,PIEZA DE FIJACION,0
62000756258,JUEGO SOPORTES LAMA MOVIL,0
62000756233,SOPORTE LAMINA 45�,0
62000756232,SOPORTE LAMA 30�,0
62000756088,JUEGO DE FIJACION LAMAS FIJAS,0
62000756033,TAPETA DE LAMINA 210mm,0
62000748265,KIT THERMO VENTILAC.24mm.SUP,0
62000748264,KIT THERMO VENTILAC.20mm.INF,0
62000748263,KIT THERMO VENTILAC.20mm.SUP,0
820072330,UNION MARCOS RECTOS 45RT DM_LMD,15,28
62000748260,ACCESORIO VENTILACION TS57,0
62000738332,SOPORTE VIDRIO,0
820052504,TRAVESA�O 75RT DM_LBN,25,12
62000738237,PIEZA PARA DESAGUE,0
62000738236,PIEZA DRENAJE MAINEL CW50++,0
62000738234,PIEZA P/DILATACION,0
62000738233,SOPORTE VIDRIO,0
62000738230,SOPORTE VIDRIO 32mm.CW60,0
62000738228,PIEZA DILATACION PVC CW50,0
62000738227,PIEZA DRENAJE CW50,0
820052511,HOJA PUERTA 75RT DM_LBN,31,37
820072421,TRAVESA�O VENTANA 60RT DM_LMD,18,84
62000738212,SOPORTE VIDRIO 30/32 CW50,0
62000738209,SOPORTE VIDRIO 26/28 CW50,0
62000738208,SOPORTE VIDRIO 22/24 CW50,0
62000738207,SOPORTE VIDRIO 18/20 CW50,0
62000738203,ARANDELA SEGURIDAD VIDRIO CW50,0
62000738202,ARANDELA PERF.SUJ.TAPETA CW50,0
62000738201,ARANDELA TORNILLO CW60,0
62000738190,UNION PERFIL TAPETA 15mm,0
62000737390,TOPE UNION GRADOS 340522/24,0
62000737388,TOPE UNION GRADOS 340520 CW50,0
62000737365,ANCLAJE ARRANQUE CW50,0
62000737364,ANCLAJE CONTINUIDAD CW50,0
810042802,JUNQUILLO CURVO 14 DM_BEB,0
62000737361,ANCLAJE SUPERIOR 340506 CW50,0
820072416,INVERSOR RECTO 60RT DM_LMD,18,19
62000737359,ANCLAJE SUPER.340503/04 CW50,0
820022314,MARCO PUERTA RECTO 45RT DM_PEB,0
820072414,MARCO PUERTA RECTO 60RT DM_LMD,18,71
820072455,HOJA PUERTA 93mm.RECTA 60RT DM_LMD,26,4
820052421,TRAVESA�O VENTANA 60RT DM_LBN,16,9
62000737352,ANCLAJE INFER.340503/04 CW50,0
820072403,HOJA VENTANA RECTA 60RT DM_LMD,18,53
62000737346,ANCLAJE INTERMEDIO FIJO++,0
62000737345,ANCLAJE INTERMEDIO SIN FIJACION++,0
62000737322,TOPE UNION,0
62000737321,TOPE UNION 341525 CW50,0
62000737320,TOPE UNION CW50,0
62000737319,TOPE UNION CW50,0
62000737318,TOPE TRANSVERSALES SEMIES.CW50,0
62000737315,TERMINAL TAPETA 340543XX CW50,0
62000737312,SOPORTE ANCLAJE INFERIOR MODUL,0
810082042,HOJA VENTANA 68mm.CURVA S40 DM_INOX,15,35
820052317,INVERSOR CURVO 45RT DM_LBN,17,05
62000737308,SOPORTE CRISTAL CW50,0
62000737306,SOPORTE VIDRIO STAR50,0
62000737305,SOPORTE VIDRIO V.E.C.,0
62000737079,ANCLAJE MODULO STAR50,0
62000737078,ANCLAJE MAINEL STAR50,0
62000736084,ANCLAJE SUPERIOR 341506XX CW50++,0
62000736082,ANCLAJE SUPERIOR 341503XX++,0
820042312,MARCO VENTANA CURVO 45RT DM_BEB,14,37
62000736069,ANCLAJE INFERIOR 143mm.CW50++,0
62000736068,ANCLAJE INFERIOR 121mm.CW50++,0
62000736067,ANCLAJE INFERIOR 99mm.CW50,0
820042302,HOJA VENTANA CURVA 45RT DM_BEB,14,57
810042821,JUNQUILLO GRAPA 14 DM_BEB,0
820022305,HOJA PUERTA CURVA 45RT DM_PEB,0
62000735213,PIEZA DISTANCIADORA,0
62000726456,CODO UNION PASAMANO RB10,0
62000726455,TERMINAL PASAMANO RB10,0
62000726452,SOPORTE REGULABLE CRISTAL,0
62000726451,SOPORTE ACRISTALAR RB10++,0
62000726447,PZA.TERMINAL REMATE SUELO,0
62000726446,PIE FIJACION HORIZONTAL,0
62000726445,SOPORTE FIJACION VERTICAL,0
62000726444,PIEZA SOPORTE 220251XX,0
62000726442,ESCUADRA CONEX.PARED 4/20,0
62000726441,ESCUADRA CONEX.PARED PASAMANOS,0
62000726440,ESCUADRA PERF.SOP.4/23,6,0
62000726428,KIT FIJACION PASAMANOS,0
62000726427,PIEZA BISAGRA REGULABLE,0
62000726426,PIEZA BISAG.HORIZONTAL REGULABLE,0
62000726425,BISAGRA VERTICAL 421119,0
62000726424,FIJACION PASAMANOS PARED RB10,0
62000726421,TAPETA PLASTICO 220249XX RB10,0
62000726416,PIE BASE SUELO RB10,0
62000726409,PIE FIJACION SUELO REDONDO++,0
62000726408,TERMINAL TUBO REDONDO 30 PLAST,0
62000726406,TERMINAL PERF.SOP.PLAST.NEGRO,0
62000726405,TERMINAL PERF.SOP.SEMIREDONDO,0
62000726404,TERMINAL PASAMANO ELIPTICO,0
62000726403,TERMINAL PASAMANO 020210,0
62000726402,TERMINAL PASAMANO ELIPTICO,0
62000726401,TERMINAL PASAMANO REDONDO,0
62000726400,TERMINAL PASAMANO 220200XX,0
62000726398,PZA.ANCLA.PASAM/PARED RB10,0
62000726397,TERMINAL REMATE SUELO RB10,0
62000726395,ESCUADRA PERFIL ACRIST.RB10,0
62000725209,CU�A INCLINADA INOX.RB10,0
62000725208,ARANDELA DENTADA M6 INOX,0
62000719501,PIEZA ESTANQUEIDAD MAINEL,0
62000718473,TAPA AISLANT.MAINEL ARTICULADO,0
62000718472,TAPA MAINEL ARTICULADO ALUM.TR200,0
62000718463,TAPA AISLANT.MAINEL ARTICULADO,0
62000718455,TAPA FINAL NYLON 070580XX,0
62000718446,MANETA APERTURA VENTANA TECHO,0
62000718442,TAPA CONEXION ALUMINIO CANAL,0
62000716968,TAPA LAT.CANAL 170680/82_CRUDO,0
820022341,MARCO VENTANA RECTO 45RT DM_PEB,0
820022340,HOJA VENTANA APER.EXT.45RT DM_PEB,0
820022345,HOJA PUERTA 93mm.CURVA 45RT DM_PEB,0
310019819,SEPAR.VIDRIO B-25 EXCELSA_PMD,0
62000716959,TAPA LAT.CANAL 070680/0576_CRUDO++,0
62000716954,TAPA FINAL PERF.070560/61,0
790063436,MARCO PERIMETRAL 81,5mm.85RT DM_LC1,0
790063406,HOJA PERIMETRAL RECTA 85RT DM_LC1,0
790063409,CRUCE HOJAS 85RT DM_LC1,0
62000716935,TAPA ALUM.070591XX TR200,0
820042331,UNION MARCOS CURVOS 45RT DM_BEB,13,47
820002439,HOJA PUERTA APER.EXT.60RT DM_CSA,0
820002430,UNION MARCOS RECTOS 60RT DM_CSA,0
8300630371,TAPA SALIDA DE AGUAS DM_NEGRO,0
62000716918,TAPA FINAL PERF.070522 TR200,0
62000716917,TAPA FINAL ALU.070540 TR200,0
8300530371,TAPA SALIDA DE AGUAS DM_BLANCO,0
62000716910,PIEZA CU�A SINTETICA,0
62000716908,MECANISMO CERRAMIENTO VERANDA++,0
310029713,HOJA RT B-21 EXCELSA_PEB,0
62000716904,FILTRO DESAGUE 75mm.TR100,0
62000716903,PROLONG.CANAL DESAG�E TR200,0
820072439,HOJA PUERTA APER.EXT.60RT DM_LMD,31,11
62000716901,ESQUINERO CANAL DESAG�E 90++,0
62000716900,FILTRO AGUA P/CANAL VERANDA,0
62000716887,PIEZA UNION CANAL BAJANTE,0
62000716886,TOPE UNION TR100/200,0
820052439,HOJA PUERTA APER.EXT.60RT DM_LBN,26,78
820052430,UNION MARCOS RECTOS 60RT DM_LBN,13,58
820052443,HOJA VENTANA RECTA 60RT DM_LBN,18,3
62000716750,ESCUAD.BASE REGUL.PERNIO TR200,0
62000716554,TAPON TORNILLO DIN7981 D-4,2,0
62000716549,ESCUADRA REGUL.PERNIO TR200,0
62000716368,TOPE UNION MAINELES TR200,0
820002402,HOJA VENTANA CURVA 60RT DM_CSA,0
62000715440,TAPA TORNILLO 50509400,0
62000706870,FIJACION UNIVERS.VTA.MOSQUITO,0
62000706830,ESCUADRA RIGIDA 200152 MOSQUITO,0
820002424,ZOCALO 60RT DM_CSA,0
820022845,CANAL BISAGRAS DM_PEB,0
62000698740,SOPORTE VIDRIO FIJOS TS67,0
62000698738,SOPORTE VIDRIO 22,2mm.TS57,0
62000698733,SOPORTE VIDRIO ACRISTALADO EXTERIOR,0
62000698731,SOPORTE CALZO ACRISTALAR++,0
62000698730,SOPORTE VIDRIO 28,2mm.TS57,0
62000698727,CALZO BASE CRISTAL++,0
62000698726,SOPORTE CRISTAL CS68++,0
62000698725,SOPORTE CRISTAL CS59++,0
62000698724,SOPORTE VIDRIO,0
62000698722,SOPORTE VIDRIO,0
62000698721,SOPORTE CRISTAL CS68,0
62000698720,SOPORTE CRISTAL,0
62000698422,GRAPA JUNQUILLO PUNTO REDONDO,0
62000697073,PATIN CIERRE CW50,0
62000696933,TERMINAL,0
62000696932,TERMINAL,0
62000696931,TERMINAL,0
62000696930,TERMINAL,0
62000696787,TAPA VENTANA DOBLE HOJA,0
820022846,SOPORTE COMPASES Y GRAPA DM_PEB,0
62000696747,VALVULA ESCAPE AGUA TP50++,0
62000696744,PATIN VENTANA APERTURA EXTERIOR,0
62000696739,SOPORTE CRISTAL 100x32mm.TS57,0
62000696737,VALVULA ESCAPE AGUA TP50++,0
62000696736,DEFLECTOR SERIES REYNAERS++,0
62000696732,FALCA HOJA-MARCO 22mm.REF90,0
62000696731,PATIN SUPERIOR FIJO CW50,0
62000696730,PATIN LATERAL FIJO CW50,0
62000696729,SOPORTE CEPILLOS PTA.CS59,0
62000696719,SOPORTE VIDRIO TS50/PS50,0
62000696715,TAPA DOBLE HOJA 020070XX,0
62000696714,TAPA DOBLE HOJA 090315 TS67,0
810112014,MARCO PUERTA RECTO S40 DM_LC3,7,83
62000696709,TAPA TRAV.044413/4120 194800,0
62000696704,TAPA DOBLE HOJA 021115 JUEGO++,0
62000696703,TAPETA FINAL PUERTA VAIVEN,0
62000696701,TAPETA FINAL PUERTA VAIVEN,0
62000696699,TERMINAL PUERTA 2 H.IZQ.CS59++,0
62000696698,TERMINAL PUERTA 2 H.DER.CS59++,0
62000696691,PIEZA SOPORTE MARCO TP138,0
62000696690,PIEZA SOPORTE 033101/044101,0
62000696689,TAPA PERFIL DOBLE HOJA CS68++,0
62000696680,TAPA REFUERZO 021110 TS57,0
62000696679,TAPAS VENTANA DOBLE HOJA,0
62000696659,JGO.TAPA PER.DOBLE HOJA OCULTA CS68,0
62000696658,TERMINAL D.HOJA 020015 TS57,0
62000696657,TERMINAL D.HOJA 020015 TS57,0
62000696656,TERMINAL D.HOJA 020016 TS57,0
62000696655,TERMINAL D.HOJA 020016 TS57,0
62000696648,TAPA ACOPLAMIENTO 010215XX,0
62000696644,ESCUADRA COMPLEMENTO 020052XX,0
62000696643,ESCUADRA COMPLEMENTO 020051XX,0
62000696642,ESCUADRA COMPLEMENTO HOJA TS57,0
62000696638,ESCUADRA,0
62000696633,ESCUADRA COMPL.HOJA 14,4/14,9,0
62000696632,ESCUADRA COMP.021850/16 TS57,0
62000696629,ESCUADRA COMPENSACION 090336,0
62000696628,ESCUADRA COMPLEMENTO 091836,0
62000696626,ESCUADRA COMPLEMENTO 1120/1336,0
62000696625,ESCUADRA COMPLEMENTO 35,8x18,2,0
62000696624,ESCUADRA COMPLEMENTO 1112 TS57,0
62000696623,ESCUADRA COMPENS.31,4/18,2,0
62000696622,ESCUADRA COMPL.MARCO TP50/TS57++,0
62000696621,ESCUADRA COMPLEM.HOJA 5,4/13,2,0
62000696619,ESCUADRA COMPLEMENTO,0
62000696614,ESCUADRA COMPLEMENTO 5/15,0
62000696601,PIEZAS TERMINALES PERFIL SUELO++,0
62000696576,ESCUADRA DE RELLENO 28,4x22,1mm,0
62000696572,ESCUADRA RELLENO 10,4x35,1mm,0
62000696570,ESCUADRA RELLENO 8x9,1mm,0
62000696568,ESCUAD.SOPORTE 19,4x48,1 CS68,0
62000696567,ESCUAD.SOPORTE 19,4x35,1 CS68,0
62000696566,ESCUAD.SOPORTE 19,4x22,1 CS68,0
62000696565,ESCUADRA SOPORTE 17x9,1 TLS110++,0
62000696530,SOPORTE VIDRIO,0
62000696525,ESCUADRA DE RELLENO,0
62000696524,ESCUADRA DE RELLENO,0
62000696523,ESCUADRA DE RELLENO,0
62000696521,ESCUADRA DE RELLENO,0
62000696520,ESCUADRA DE RELLENO,0
62000696507,PIEZA DOBLE HOJA,0
62000689000,TOPE UNION CS38++,0
62000688996,PIEZA TAPA TOPE UNION CS59,0
62000688992,TOPE UNION PERF.160114/25++,0
62000688991,TOPE UNION PERF.160100/20++,0
62000688990,TOPE UNION 11,1MM.++,0
62000688986,TOPE DE UNION 12,4mm++,0
62000688983,TOPE UNION TRANSVERSAL CS38,0
62000688972,PIEZA SELLADO TOPE UNION CS59++,0
62000688961,TOPE UNION 17,8x25,8++,0
810062033,HOJA PUERTA APERT.EXT.CURVA S40 DM_LC1,14,87
62000688950,TOPE UNION 5,1x12,8 CS68++,0
62000688949,SOPORTE EXTRA P/UNION T,0
62000688883,ESCUADRA ARTICULADA PEQUE�A CS68/69++,0
62000688880,ESCUADRA REGULABLE TS57,0
62000688875,ESCUADRA ATORNILLAR 4,8x10,3++,0
62000688871,ESCUADRA BLOQUEO 16,7x38,8 CS68,0
62000688869,ESCUADRA BLOQUEO 10,4x22,0
62000688868,ESCUADRA BLOQUEO 43,9x12,2,0
62000688860,ESCUADRA ATORNILLADA 25,7x12,1,0
62000688857,ESCUADRA BLOQUEO 36,6x46,6 CS59,0
62000688850,ESCUADRA ATORNILLADA 37,5x25,4,0
62000688849,ESCUADRA BLOQU.24,1x48,3 CS68,0
62000688848,ESCUADRA BLOQU.24,1x38,3 CS68,0
62000688847,ESCUADRA BLOQUEO 26x51,8 CS68,0
62000688846,ESCUADRA BLOQUEO 26x38,8 CS68,0
62000688845,ESCUADRA BLOQUEO 25,8x26 CS68,0
62000688844,ESCUADRA BLOQUEO 12,8x26 CS68,0
62000688843,ESCUADRA DE ATORNILLAR 10,3x4,0
62000688842,ESCUADRA BLOQU.16,7x38,8 CS68,0
62000688841,ESCUADRA BLOQU.16,7x25,8 CS68,0
62000688840,ESCUADRA BLOQUEO 12,8x16,7 CS68,0
62000688839,ESCUAD.BLOQUEO 17,3x25,8 CS59,0
62000688838,ESCUAD.BLOQUEO 12,8x17,3 CS59,0
62000688835,ESCUADRA TETON HOJA CP155,0
62000688830,ESCUADRA DE ATORNILLAR 25,8x30,0
62000688829,ESCUADRA DE ATORNILLAR 12,8x17,0
62000688825,ESCUADRA DE ATORNILLAR 12,8x16,0
62000688816,ESCUADRA ATORNILLAR 8x38,4,0
62000688811,ESCUADRA ATORNILLAR,0
62000688801,ESCUADRA SUPLEMENTO,0
62000688800,ESCUADRA TORNILLO HOJA TP110,0
62000688786,TOPE UNION ARTICULADO CS59/68/77++,0
62000688752,TOPE UNION 021114 TS57,0
62000688751,TOPE UNION 1120 TS57,0
62000688750,TOPE UNION PERFIL 021113 TS57,0
62000688682,SELLADO TOPE UNION,0
62000688681,SELLADO TOPE UNION,0
62000688680,PIEZA SELLADO TOPE UNION CS59,0
62000688645,TOPE UNION 12,5x5mm++,0
62000688641,TOPE UNION 17,9x25,8mm++,0
62000688636,TOPE UNION 25,8x17,9mm,0
62000688634,TOPE UNION 2x17,9x25,8mm,0
62000688633,TOPE UNION 43,9x51,8mm++,0
62000688632,TOPE UNION 30,9x38,8mm++,0
62000688631,TOPE UNION 17,8x25,8 CS68++,0
62000688630,TOPE UNION 5,1x12,8 CS68++,0
62000688587,ESCUADRA ATORNILLAR 8x18,3,0
62000688583,ESCUADRA TORNILLO HOJA TS57,0
62000688570,ESCUADRA ATORNILLAR TLS110,0
62000626789,CONJUNTO BASICO PUERTA CORREDERA,0
62000688192,TOPE UNION 32,9/46,0
62000608746,ESCUADRA ALINEAMIENTO 16,4x3,5,0
62000688140,ESCUADRA ENSAMBLAJE 020052XX,0
62000688137,ESCUADRA ENSAMBLAJE 020051XX,0
810122828,REMATE INFERIOR HOJA DM_LC4,6,55
62000687786,TOPE UNION 151070XX-151074XX++,0
62000687776,ESCUADRA ALINEAMIENTO HOJA,0
62000687749,ESCUADRA DE ENSAMBLAR 12.2X40,0
62000687741,ESCUADRAS DE ENSAMBLAR,0
62000687740,ESCUADRA ENSAMBLADORA++,0
62000687650,ESCUADRA A TETONES CP50,0
62000687613,TOPE UNION PERFIL 151014XX,0
62000687612,TOPE UNION PERFIL 151013XX,0
62000687611,ESCUADRA HOJA 6,4x27/6,4x9,4 CS38++,0
62000687610,ESCUADRA MARCO 6,4x27mm.CS38++,0
62000687609,ESCUADRA ALINEAMIENTO MARCO,0
62000687607,ESCUADRA RAPIDA PERFIL 151002,0
62000687606,ESCUADRA RAPIDA 151041-36-39,0
62000687587,ESCUADRA BASE ENSAM.STAR50/60,0
62000687571,ESCUADRA MARCO/HOJA SEMIESTRUC,0
62000687301,ESCUADRA ENSAMBLAR 12,1x53,1,0
62000686859,TOPE UNION TRAVESEROS 044413XX++,0
62000686855,TOPE UNION 021111 TS57,0
62000686853,TOPE UNION PERFIL 044413XX,0
62000686852,TOPE UNION PERFIL 194800XX,0
62000686851,TOPE UNION PERFIL 044120XX,0
62000686830,SELLADO TOPE DE UNION,0
62000686820,TOPE DE UNION 12,9mm,0
62000686385,ESCUADRA REGULABLE STAR50,0
62000686352,GRAPA JUNQUILLO REDONDO++,0
62000686350,CLIP ALUMINIO CS59/68/77,0
62000686187,TOPE UNION 020047XX TS57,0
62000686172,TOPE UNION 090313 TS67,0
62000686165,ACOPLAMIENTO TOPE UNION TS67,0
62000686147,CONJUN.ESC.MARCO 2 GUIAS TP11,0
62000686128,ESCUADRA MARCO TP110,0
62000686112,ESCUADRA MARCO 194869XX,0
62000686100,ESCUADRA RAPIDA MARCO AV471,0
810122011,MARCO VENTANA RECTO S40 DM_LC4,11,08
62000686094,ESCUADRA EXTERIOR 2/18,2,0
62000686040,ESCUADRA HOJA MARCO P.TS57,0
62000686039,ESCUADRA 12,1x25,4 DESCEN.TS57,0
62000686038,ESCUADRA 12,1x25,4 CENTR.TS57,0
62000686035,ESCUADRA RAPIDA 25x38 TS57,0
62000686028,ESCUADRA RAPIDA 12,1/25,7 TP50++,0
62000686027,ESCUADRA 12,1/25,7,0
62000686025,ESCUADRA BLOQUEO MARCO PP50,0
810122003,HOJA VENTANA 68mm.RECTA S40 DM_LC4,13,6
62000686020,ESCUADRA MARCO 194825XX,0
810122046,INVERSOR RECTO S40 DM_LC4,13,94
810062042,HOJA VENTANA 68mm.CURVA S40 DM_LC1,12,12
62000686017,ESCUADRA PERF.021880XX TS57,0
62000686016,ESCUADRA 021392/021892 TS57,0
62000686015,ESCUADRA 021120/021144 TS57,0
62000686014,ESCUADRA RAPIDA ATORN.TLS110++,0
62000686011,ESCUADRA DE ATORNILLAR,0
62000686010,ESCUADRA PERF.021116XX TS57,0
62000686008,ESCUADRA HOJA PERF.044193XX,0
62000686006,ESCUADR.BLOQ.DESCEN.121,1/28,2,0
810062047,INVERSOR CURVO S40 DM_LC1,12
62000686002,ESCUADRA RAPIDA HOJA/MARCO,0
62000686001,ESCUADRA RAPIDA HOJA 04411200,0
37006816,LAMA SIMPLE FIJA 100mm.MALLORQ_LC1,0
37006813,MARCO TROQUELADO MALLORQ.40x20_LC1,0
62000657566,ACCESORIO MUELLE PAVIMENTO,0
62000657565,MUELLE PAVIMENTO PUERTA,0
62000656555,TAPON TORNILLO H-10mm,0
62000656550,TAPON TORNILLO DIAMETRO 10mm,0
62000656509,PERNIO DESLIZ.3PALAS++,0
62000656508,PERNIO DESLIZ.2 PALAS CS59++,0
62000656491,CASQUILLO R.T.P.PERNIO S60 TS,0
810022011,MARCO VENTANA RECTO S40 DM_PEB,0
62000656441,BISAGRA PUERTA 3 PALAS,0
62000629502,TAPETA MARCO,0
62000629501,PIEZA ESTANQ.MARCO TLS110++,0
62000629500,PIEZA CORTAVIENTOS INFERIOR++,0
62000629399,CIERRE MARCO,0
62000629397,TAPETA MONORAIL,0
62000629396,JGO.PIEZAS ESTANQUEIDAD MARCO,0
62000629390,PIEZA ESTANQ.MARCO TLS110++,0
62000628440,PLETINA UNION H.23mm,0
62000628433,CONJUNTO DE EJE+TORNILLO M6,0
62000628426,CERRADURA 5 PUNTOS,0
62000628050,CORTAVIENTOS MONORAIL CP45,0
62005656441,BISAGRA PUERTA 3 PALAS_BLANCO,0
62000628036,CORTAVIENTOS SUPERIOR ELEVABLE,0
62000628035,PIEZA CORTAVIENTOS TP50,0
62000628034,PATIN GUIADOR HOJA CP155++,0
62000628030,TACO FIJACION 061600 TLS110,0
62000628029,PIEZA INF.CORTAVIENTOS TLS110++,0
62000628028,TACO FIJACION 061601XX TLS110,0
62000628026,PIEZA SUP.CORTAVIENTOS TLS110++,0
62000628025,JGO.CORTAVIENTOS CORREDERA,0
62000628024,CORTAVIE.CENTRAL 4 HOJAS TP110,0
62000628023,CORTAVIEN.CRUCE 2 GUIAS TP110,0
62000628022,JGO.CORTAVIENTOS TP110,0
62000628021,PIEZA SOPORTE P/FIJO TSL110,0
62000628013,KIT CORTAVIENTOS CENTRAL 4 HOJAS,0
62000628011,CORTAVIENTOS INFERIOR ELEVABLE,0
62000628002,CIERRE AUTOMATICO++,0
62000628001,GANCHO,0
62000627967,PIEZA FIJACION,0
62000627948,GANCHO MARCO CIERRE 627946/47,0
62000627903,RULETA FG=MIN.300KG-MAX.400KG,0
62000627902,CREMONA ELEVABLE 2170++,0
62000627894,JGO.TAPAS GUIA CP155,0
62000627893,TOPE GUIA PP50,0
62000627892,JUEGO TAPA GUIA TP110,0
62000627891,AJUSTADOR HOJA CARRIL TP138++,0
62000627890,EMBELLECEDOR TOPE GUIA TP50,0
62000627889,TOPE GUIA TP50,0
62000627888,CENTRADOR HOJA TP50-PP50,0
62000627884,TOPE GUIA TLS110++,0
62000627883,DISTANCIADOR,0
62000627882,TERMINAL HOJA LATERAL,0
62000627871,KIT CERRADEROS 4 HOJAS,0
62000627870,PASADOR+ANTO FALSA MANIOBRA,0
62000627869,GANCHO COMPLEMENTARIO,0
62000627868,CREMONA ELEVABLE 2600 AV100/TLS110++,0
62000627867,JGO.CARROS ELEVABLE,0
62000627860,MANETA INTERIOR+U�ERO TLS110++,0
62000627854,BULON CIERRE ELEVADOR TLS110++,0
62000627853,KIT ELEVABLE 4 HOJAS TLS110,0
62000627850,KIT BASE ELEVABLE TLS110++,0
62000627845,RULETA REGULABLE INOX.80K,0
62000627837,RULETA REGULABLE INOX.40K,0
62000627836,RULETA NO REGULABLE INOX.80K,0
810112828,REMATE INFERIOR HOJA DM_LC3,4,41
62000627833,RULETA TANDEM TP110,0
62000627832,RULETA SIMPLE TP138,0
810022046,INVERSOR RECTO S40 DM_PEB,0
62000627825,RULETA TANDEM REGUL.INOX.50Kg.H.PP50++,0
62000627824,RULETA TANDEM INOX.50Kg,0
62000627821,RULETA REGULABLE INOX.25Kg.H.PP50,0
62000627820,RULETA SIMPLE INOX.25Kg.H.PP50++,0
62000627800,PIEZA GUIA++,0
62000627735,CERRADURA CON PLACA 1P.TP110,0
62000627734,CREMONA 3 PUNTOS TP110,0
62000627717,TOPE FIN RECORRIDO HOJA TP50,0
62000627715,TOPE FIN CORR.REFOR.TP138,0
62000627162,TERMINAL,0
62000627161,REDUCTOR HOJA,0
62000627157,TAPETA,0
62000627147,GUIA HOJA,0
62000627143,TOPE FINAL RECORRIDO CP50,0
62000627142,TAPA GUIA,0
62000627141,RULETA FIJA CP50,0
62000627133,TIRADOR ESTANDAR FIJO,0
62000627131,BOMBIN 30-30,0
62000627129,CIERRE EMBUTIDO AUTOMATICO,0
62000627125,ESCUADRA ALINEAMIENTO CP50,0
62000627124,ESCUADRA ALINEAMIENTO,0
62000627123,PIEZA ESTANQUEIDAD INFERIOR CP50,0
62000627122,JUEGO TERMINALES,0
62000627121,TERMINAL HOJA CENTRAL CP50,0
62000627120,TERMINAL HOJA LATERAL CP50,0
62000627119,TOPE GUIA HOJA CENTRAL CP50,0
62000627118,TOPE GUIA C/SEGURO ANTI-ELEV,0
62000627117,TAPETA PARA TRAVESERO,0
62000627116,CALZO ACRISTALAR,0
62000627115,DEFLECTOR CP50,0
62000627114,JGO.PIEZAS CORTAVIENTOS CP50,0
62000627113,CERRADURA 3 PUNTOS CP50,0
62000627112,GANCHO+ANTIFALSA MANIOBRA,0
62000627105,CIERRE EMBUTIDO MANUAL CP50,0
62000627104,RULETA TANDEM REGULABLE CP50,0
62000627103,RULETA TANDEM CP50,0
62000627102,RULETA SIMPLE REGULABLE CP50,0
62000627100,CERRADURA 2 PUNTOS CORREDERA,0
62000626902,CERRADURA 3 PUNTOS,0
62000626901,CERRADURA GANCHO,0
62000626900,KIT GANCHOS,0
62000626744,TOPE FIN CORREDERA SINT.TP138,0
62000626136,TOPE FINAL RECORRID.HOJA AV100,0
810052806,JUNQUILLO RECTO 11,5 DM_LBN,0
62000617708,PLACA CERRADURA,0
62000617707,PLACA CENTRAL,0
62000617702,BOMBIN,0
62000617700,CERRADURA,0
62000617687,CERRADURA SEGURIDAD C/ROD,0
62000617685,RELLENO CERRADERO MARCO,0
62000617682,PLACA CERRADURA 1 PUNTO CS59++,0
62000617681,CERRADURA GOLPE LLAVE 1P.CS59++,0
62000617680,PLACA CENTRAL++,0
62000617678,PLACA CENTRAL++,0
62000617677,PLACA CERRADURA,0
62000617667,PLACA CENTRAL CERRADURA 3P.CS++,0
62000617656,CERRADURA 3 PUNTOS GOLPE 40mm,0
62000617653,CERRADURA 1 PUNTO RODILLO 40mm,0
62000617651,CERRADURA 1 PUNTO RODILLO 34mm,0
62000617650,CERRADURA SEGURIDAD C/PESTILLO 92mm,0
62000617634,CERRADURA 3 PUNTOS 92mm++,0
62000617545,PIEZA TERMINAL PERFIL SUELO,0
62000617540,PORTACEPILLO,0
62000617468,CERRADURA 5 PUNTOS,0
62000617354,CERRADURA 5 PUNTOS,0
62000617267,PROLONG.EXT.0,8 APERT.INTERIOR,0
62000617266,PROLONG.INT.0,8 APERT.INTERIOR,0
62000617246,PLACA SIMPLE CERRADURA 3P++,0
62000617234,MANUBRIO INTERIOR SOFTLINE,0
62000617196,PROLONG.PASADOR 617194 CS59++,0
62000617195,CERRADERO PASADOR 617194 CS59++,0
62000617194,PASADOR CS59P++,0
62000617177,PASADOR BASCULANTE 2� HOJA,0
62000617056,BOMBIN 45mm,0
840062817,SOLAPE 30mm.DM_LC1,1,96
62000617047,BOMBIN 80mm,0
62000617044,BOMBIN 70mm,0
62000617042,BOMBIN 60mm,0
62000617037,BOMBIN 90mm,0
62000616991,CERRADURA SEGURIDAD C/PESTILLO,0
810052812,JUNQUILLO RECTO 35 DM_LBN,0
820062314,MARCO PUERTA RECTO 45RT DM_LC1,18,61
62000616970,EMBELLECEDOR ALUM.BOMBIN TS57,0
62000616280,CERRADURA PORT.ELECT.IZQ,0
820062339,HOJA PUERTA APER.EXT.45RT DM_LC1,30,93
62000616248,CONTRAPLACA SIMPLE TS57,0
62000616247,PLACA CENTRAL CERRADURA++,0
62000608936,CIERRE SEGURIDAD,0
62000608726,ESCUADRA ALINEAMIENTO++,0
62000608725,ESCUADRA ALINEAMIENTO++,0
62000608724,ESCUADRA ALINEAMIENTO AJUSTABLE,0
62000608723,ESCUADRA ALINEAMIENTO CS59/68/77,0
62000608722,ESCUADRA ALINEAMIENTO CS59++,0
62000608721,ESCUADRA ALINEAMIENTO TS67-TS74++,0
62000608720,ESCUADRA ALINEAMIENTO,0
62000608287,"COMPAS 567mm.22""MAX.75KG",0
62000608279,COMPAS PROYECT.120K.REF90++,0
62000608278,COMPAS PROYECTANTE 404mm++,0
62000607870,ANGULO REENV.REG.STAR60 REF90,0
62000607722,ESCUADRA ALINEAMIENTO,0
62000607525,HERRAJE APER.EXT.TS57,0
62000607134,CREMONA HOJA PROYECTANTE,0
820062324,ZOCALO 45RT DM_LC1,27,59
62000607121,KIT CIERRE,0
62000607119,PUNTO CIERRE VENTANA APERT.EXT.,0
62000607118,CONJUNTO BASICO APERTURA EXTERIOR,0
62000607117,PUENTE VENTANA PIVOTANTE,0
62000607116,PUNTO ANCLAJE INTERMEDIO,0
62000607115,CIERRE VENTANA PIVOTANTE 180�,0
62000607090,TIRADOR MOSQUITO,0
62000607072,CERRADERO MARCO REGULABLE ZAMAC,0
62000607065,CERRADERO BULON INOX,0
62000607064,CERRADERO MARCO REGULABLE,0
62000607054,CIERRE VENTANAL OCULTO,0
62000606701,CERRADERO MARCO,0
62000575720,REMACHE TUERCA M6,0
62000575711,REMACHE CONICO ROSCA METRIC.M5,0
62000575710,REMACHE TUERCA M5,0
62000566214,PIEZA DISTANCIADORA,0
820062316,INVERSOR RECTO 45RT DM_LC1,18,11
62000555620,REMACHE 4x6 ALUMINIO,0
62000545479,TORNILLO Y TUERCA 726445XX,0
62000545469,TORNILLO Y TUERCA,0
62000535469,TORNILLO AUTORR.6,3x46 INOX,0
62000535467,TORNILLO AUTORR.6,3x40 INOX,0
62000535466,TORNILLO AUTORR.6,3x37 INOX,0
62000535465,TORNILLO AUTORR.6,3x34 INOX,0
62000535464,TORNILLO AUTORR.6,3x31 INOX,0
62000535462,TORNILLO AUTORR.6,3x25 INOX,0
62000535461,TORNILLO AUTORR.6,3x22 INOX,0
62000535460,TORNILLO AUTORR.6,3x19 INOX,0
810062828,REMATE INFERIOR HOJA DM_LC1,5,34
820002441,MARCO VENTANA RECTO 60RT DM_CSA,0
820002442,HOJA VENTANA CURVA 60RT DM_CSA,0
810002809,JUNQUILLO RECTO 22,5 DM_CSA,0
62000535451,TORNILLO 6x35 ESP.FIJ.INOX,0
820102450,MARCO PROYECTANTE 60RT DM_LC2,13,81
62000535419,TORNILLO 6x25 ESP.FIJ.INOX,0
62000535412,TORNILLO AUTORR.DIN7504N 4,2x19 INOX,0
62000535403,TORNILLO AUTORR.DIN7504P 4,2x13 INOX,0
62000535401,TORNILLO AUTORR.DIN7504P 4,2x25,4 INOX,0
62000525373,TORNILLO DIN912 6,3x70 INOX,0
62000525372,TORNILLO DIN912 6,3x12,7 INOX,0
62000525371,TORNILLO GUILLOTINA 38mm,0
62000525360,TORNILLO DIN7981 4,2x9,5 INOX,0
62000525332,TORNILLO DIN7982 4,8x13 INOX,0
62000525330,TORNILLO DIN7981 4,8x13 INOX,0
62000525325,TORNILLO 4,2x50,0
62000525320,TORNILLO DIN7981 3,5x9,5 INOX,0
62000525317,TORNILLO DIN7981 4,2x12,7 INOX,0
62000525316,TORNILLO DIN7982 4,2x19 INOX,0
62000525315,TORNILLO DIN7981 4,2x25 INOX,0
62000525314,TORNILLO DIN7981 4,2x50,8 INOX,0
62000525313,TORNILLO DIN7982 4,2x32 INOX,0
62000525312,TORNILLO DIN7982 4,2x13 INOX,0
62000525311,TORNILLO DIN7982 4,2x16 INOX,0
62000525310,TORNILLO DIN7981 4,2x16 INOX,0
62000525304,TORNILLO DIN7981 4,8x90 INOX,0
62000525303,TORNILLO 5x50 ESPECIAL TP50,0
62000525302,TORNILLO DIN7981 M4,8x50,8 INOX,0
62000525301,TORNILLO DIN7981 M4,8x38,1 INOX,0
62000525300,TORNILLO DIN7981 4,8x19 INOX,0
62000515280,TORNILLO DIN916 M5x12 INOX,0
62000515271,TORNILLO DIN914 M6x10 INOX,0
62000515250,TORNILLO DIN916 M5x10 INOX,0
62000515240,TORNILLO DIN916 M5x6 INOX,0
62000505395,TUERCA HEXAGONAL DIN934 M6x5 INOX,0
62000505391,TORNILLO DIN933 M6x20 INOX,0
62000505380,TORNILLO CAB.CUADR.M6x16 INOX,0
84002224,MARCO TROQUELADO DM_PEB,5,56
62000505180,TORNILLO DIN912 M6x25 INOX,0
62000505170,TORNILLO DIN965 M4x10 INOX,0
62000505130,TORNILLO DIN965 M5x10 INOX,0
62000505119,TORNILLO DIN7985 M5x12 INOX,0
62000505118,TORNILLO DIN7985 M5x6 INOX,0
62000505110,TORNILLO DIN7985 M5x8 INOX,0
62000505094,TORNILLO M8x15 INOX,0
62000505091,TORNILLO M8x10 INOX,0
62000505081,TORNILLO DIN965 M5x45 INOX,0
62000505052,TORNILLO DIN965 M6x35 INOX,0
62000505051,TORNILLO DIN965 M6x30 INOX,0
62000505050,TORNILLO DIN965 M6x25 INOX,0
62000505034,TORNILLO DIN912 M6x40 INOX,0
62000505033,TORNILLO DIN912 M6x35 INOX,0
62000505032,TORNILLO DIN912 M6x30 INOX,0
62000505031,TORNILLO DIN912 M6x20 INOX,0
62000505030,TORNILLO DIN912 M6x50 INOX,0
62000505029,TORNILLO DIN912 M6x16 INOX,0
62000505021,TORNILLO DIN912 M6x45 INOX,0
62000505019,TORNILLO DIN7985 M4x18 INOX,0
62000505016,TORNILLO DIN7985 M5x12 INOX,0
62000505015,TORNILLO DIN965 M5x8 INOX,0
62000505014,TORNILLO DIN7985 M5x20 INOX,0
62000505010,TORNILLO DIN7985 M5x6 INOX,0
62000505009,TORNILLO DIN965 M5x16 INOX,0
62000505001,TORNILLO DIN965 M5x25 INOX,0
62000374408,TORNILLO 5x25mm.INOX,0
62000330102,TORNILLO 2,9x9,5mm.INOX,0
62000328408,TORNILLO M5x20,0
62000227068,CEPILLO 4,25mm,0
62000225502,CONJUNTO ACC.4 HOJAS,0
62000223036,JUNTA,0
62000221139,JUNTA ACRISTALAR 6mm,0
62000221129,JUNTA ACRISTALAR 22mm,0
62000221078,JUNTA ACRISTALAR 6-9mm,0
62000215650,COMPAS 535mm.105Kg,0
62000215640,COMPAS 404mm.80Kg,0
62000215180,SOPORTE VIDRIO 82mm,0
62000215146,BOLSA 100 GRAPAS PERFIL TAPETA,0
62000215086,JUNTA TOPE,0
62000215078,BOLSA 100 PIEZAS DISTANCIADORAS,0
62000215044,BOLSA 100 TAPONES,0
62000213211,PIEZA DE SELLADO,0
62000213209,DEFLECTOR AIRE,0
62000213201,DEFLECTOR AIRE,0
62000213187,JGO.PIEZA CORTAVIENTOS,0
62000213004,TERMINAL PARA CRUCE,0
62000211177,RULETA DOBLE NO REGULABLE MAX.120Kg,0
62000211073,RULETA REGULABLE MAX.60Kg,0
62000211072,RULETA DOBLE REGULABLE MAX.120Kg,0
62000210283,TOPE UNION C/MUELLE,0
62000210245,ESCUADRA DE RELLENO 21x1,0
620,ACC.REYNAERS,0
610REVARIOS,PERFILES VARIOS REYNAERS,0
61019303631,JUNQUILLO HOJA 32,2mm.CS_I245,0
61019160136,MARCO 49mm.CS59P_I245,0
61019160102,HOJA 66mm_I245,0
61019060340,HOJA PERIMETRAL CP155_I245++,0
61017421009,JUNQUILLO BOCA 32mm.12930_LMV++,0
61017420827,TAPABOCAS REGI.PLANO 50824_LMV,0
61017303611,JUNQUILLO CS 23,2mm_LMV,0
61017303610,JUNQUILLO CS 20,2mm_LMV,0
61017170680,CANAL 114x174mm.PR200_LMV++,0
61017170650,BAJ.SOP.CANAL 110x66 PR200_LMV++,0
61017083536,MARCO 76mm_LMV++,0
61017083505,TRAVESERO 126mm_LMV++,0
61017082504,HOJA_LMV,0
61017082500,HOJA_LMV,0
61017070582,ACOP.CANAL RENAC.TR100/200_LMV++,0
61017070552,TAPA DRENAJ.VERT.TR100/200_LMV,0
61017062621,HOJA TLS110_LMV++,0
61017061630,CRUCE TLS110_LMV++,0
61017061603,GUIA SUPERIOR TLS110_LMV++,0
61017061602,MARCO LATERAL TLS110_LMV++,0
61017061601,GUIA INFER.DOBLE TLS110_LMV++,0
61017060342,TAPA HOJA CRUCE CP155_LMV++,0
61017060340,HOJA PERIMETRAL CP155_LMV++,0
61017060306,MARCO LATERAL ELEVABLE CP155_LMV++,0
61017060302,MARCO SUPERIOR ELEVABLE CP155_LMV++,0
61017060300,MARCO INFERIOR ELEVABLE CP155_LMV++,0
61017051533,JUNQUILLO 2,2mm_LMV++,0
61017050535,ACOP.JUNQU.HOJA OCUL.CS68_LMV++,0
61016420831,TAPAJUNTAS PUNTO R� 35mm_LMN,0
61016141651,TAPA MARCO LATERAL ESFERA_LMN++,0
61016141646,MARCO ELIPTICO ESFERA_LMN,0
61016141642,CRUCE CORTO ESFERA_LMN,0
61016141640,HOJA PERIM.H-18,5mm.ESFERA_LMN,0
61016110486,VIERTEAGUAS CP45_LMN,0
61016110461,CARRO RULETAS CP45_LMN,0
61016110450,HOJA LATERAL_LMN,0
61016110440,HOJA CRUCE_LMN,0
61016110410,MARCO 2 CARRILES RECTO_LMN,0
61016061688,CRUCE CENTRAL TP110_LMN++,0
61016061686,HOJA PERIMETRAL TP110_LMN++,0
61016061685,MARCO PERIM.2 GUIAS TP110_LMN++,0
61016061621,HOJA TLS110_LMN++,0
61015220235,TAPETA R� REMAT.BAR.RB10_LMC,0
61015220231,REMATE SUP/IN.BA.TROQ.RB10_LMC,0
61015044436,MARCO VENTANA PS50_LMC++,0
61000341550,MONTANTE 135�_CSA,0
61015044120,TE MEDIANA 77mm.PS50_LMC++,0
61015043329,JUNQUILLO 22mm_LMC++,0
61014420831,TAPAJUNTAS PUNTO R� 35mm_LMP,0
61013424959,JUNQUILLO CLIP PTO.REDONDO 9mm_LBP,0
61013421123,TAPETA PERFIL 9793/9795_LBP,0
61013421016,JUNQUILLO PUNTO R�9mm_LBP,0
61013420834,TAPAJUNTAS PUNTO R� 50mm_LBP,0
61013420810,JUNQUILLO REGISTRO 50674_LBP,0
61013114641,CARRO HUECO 24mm.PP50_LBP++,0
61013111746,GUIA TRES CARRILES PP50_LBP,0
61013111645,MARCO PERIMET.CERRADO PP50_LBP++,0
61013111642,CRUCE CENTRAL P/R� PP50_LBP,0
61013111640,HOJA LATERAL P/R� PP50_LBP++,0
61013111606,MARCO PERIMET.4 GUIAS PP50_LBP++,0
61013021852,HOJA BALCON ELIPTICA TS57_LBP++,0
61013021851,HOJA VENTANA ELIPTICA TS57_LBP++,0
61013021850,MARCO ELIPTICO TS57_LBP++,0
61013020070,ACOPL.CENTRAL APE.EXT.TS57_LBP++,0
61012A60400,RECTANGULAR 60x40x1,3_LC4,0
61012A12063,RECTANGULAR 120x60x3_LC4,0
61012424959,JUNQUILLO CLIP PTO.REDONDO 9mm_LC4,0
61012424954,TAPAJUNTAS REGISTRO 35mm_LC4,0
61012421016,JUNQUILLO PUNTO R�9mm_LC4++,0
61012421009,JUNQUILLO BOCA 32mm.12930_LC4++,0
61012420831,TAPAJUNTAS PUNTO R� 35mm_LC4,0
61012420827,TAPABOCAS REGI.PLANO 50824_LC4,0
61012420823,TAPABOCAS REGISTRO 90mm_LC4,0
61012343634,PLETINA PRESION VERTICAL_LC4,0
61012341625,TRAVESERO 141,35mm_LC4,0
61012341522,TRANSVERSAL 67,2mm.CW50_LC4++,0
61012341503,MAINEL 104,5mm.CW50_LC4,0
61012340638,TAPETA TRANSV.23mm.CW60_LC4,0
61012340619,COMPENSADOR VIDRIO 18mm_LC4,0
61012340617,REDUCTOR VIDRIO 6mm_LC4,0
61012340543,TAPETA ELIP.SEMIMAIN.CW50_LC4,0
61012340538,TAPETA EXTERIOR 23,5 CW50_LC4,0
61012340537,TAPETA EXTERIOR 18mm.CW50_LC4,0
61012340122,HOJA PROYECT.SEMIEST.CW50_LC4++,0
61012340121,MARCO PROYEC.SEMIEST.CW50_LC4++,0
61012303877,PROTECTOR INTERIOR MARCO_LC4,0
61012303876,PROTECTOR EXTERIOR MARCO_LC4,0
61012303631,JUNQUILLO HOJA 32,2mm.CS_LC4,0
61012303630,JUNQUILLO HOJA 29,2mm_LC4,0
61012303615,JUNQUILLO CS 35,2mm_LC4,0
61012303613,JUNQUILLO CS 29,2mm_LC4,0
61012303612,JUNQUILLO CS 26,2mm_LC4,0
61012303611,JUNQUILLO CS 23,2mm_LC4,0
61012303610,JUNQUILLO CS 20,2mm_LC4,0
61012220241,BARROTE REDONDO D-22 RB10_LC4,0
61012220235,TAPETA R� REMAT.BAR.RB10_LC4,0
61012220231,REMATE SUP/IN.BA.TROQ.RB10_LC4,0
61012220221,MONTANTE BARROT.FRONT.RB10_LC4,0
61012220204,TAPA PASAMANOS R� RB10_LC4,0
61012220201,PASAMANOS REDONDO RB10_LC4,0
61012083136,MARCO VENTANA 51mm.CS77_LC4,0
61012083132,PERFIL CANTONERO 90�_LC4,0
61012083125,MARCO 77mm_LC4,0
61012083123,TRAVESERO 115mm_LC4,0
61012083121,HOJA 107mm_LC4,0
61012083120,TE TRANSVERSAL 89mm.CS77_LC4,0
61012083102,HOJA VENTANA 68mm.CS77_LC4,0
61012062621,HOJA TLS110_LC4++,0
61012062085,CARRO CP50_LC4++,0
61012061630,CRUCE TLS110_LC4++,0
61012061620,HOJA TLS110_LC4++,0
61012061615,TRANSVERSAL TLS110_LC4++,0
61012061603,GUIA SUPERIOR TLS110_LC4++,0
61012061602,MARCO LATERAL TLS110_LC4++,0
61012061601,GUIA INFER.DOBLE TLS110_LC4++,0
61012061600,GUIA INFER.SIMPLE TLS110_LC4++,0
61012061067,HOJA CENTRAL REFORZADA CP50_LC4++,0
61012061064,HOJA CENTRAL CP50_LC4++,0
61012061061,HOJA LATERAL CP50_LC4++,0
61012061015,MARCO RECTO CP50_LC4++,0
61012052504,HOJA OCULTA JUNQ.EXT.CS68_LC4++,0
61012051533,JUNQUILLO 2,2mm_LC4++,0
61012051502,HOJA OCUL.JUN.EX.14,7 CS68_LC4++,0
61012051122,ACOPLAMIENTO PIVOTANTE CS68_LC4++,0
61012051029,ACOPL.MARCO PUERTA_LC4++,0
61012051026,HOJA PUERTA APERT.INTERIOR_LC4++,0
61012051014,HOJA PUERTA AP.EXT.102mm.CS68_LC4++,0
61012050536,MARCO HOJA OCULTA CS68_LC4++,0
61012050535,ACOP.JUNQU.HOJA OCUL.CS68_LC4++,0
61012050513,TE HOJA OCULTA 101mm.CS68_LC4++,0
61012050192,HOJA VENTANA 81mm CS68_LC4++,0
61012050183,MARCO FUNCIONAL 64mm.CS68_LC4++,0
61012050176,PERFIL DE SOPORTE PARA CEPILLO_LC4++,0
61012050175,PERFIL DE SOPORTE PARA CEPILLO_LC4++,0
61012050141,MARCO TAPAJUNTAS 51mm.CS68_LC4++,0
61012050136,MARCO FUNCIONAL 51mm.CS68_LC4++,0
61012050125,MARCO FUNCIONAL 77mm.CS68_LC4++,0
61012050121,HOJA BALCON 107mm.CS68_LC4++,0
61012050120,TRANSVERSAL 89mm.CS68_LC4++,0
61012050115,CENTRAL 2 HOJAS CS68_LC4++,0
61012050114,TE 102mm.CS68_LC4++,0
61012050113,TE 76mm.CS68_LC4++,0
61012050071,PERFIL DE SUELO_LC4++,0
61012050049,REMATE BAJO PTA.34,7x22,9 CS68_LC4++,0
61012050030,SUPLEMENTO BAJO PUERTA CS68_LC4++,0
61012050028,PERFIL TOPE PUERTA_LC4++,0
61012043333,JUNQUILLO 18,5mm_LC4++,0
61012010075,PLETINA TRANSM.HOJA 3859_LC4,0
61011420831,TAPAJUNTAS PUNTO R� 35mm_LC3,0
61011342528,TRANSVERSAL 204,35mm.CW50_LC3,0
61011342526,TRAVESERO 151,2mm_LC3,0
61011342522,TRANSVERSAL 67,2mm.CW50_LC3,0
61011341506,MAINEL 146,5mm.CW50_LC3,0
61011341505,MAINEL 125,5mm.CW50_LC3,0
61011341109,PERFIL UNION_LC3,0
61011341106,PERFIL UNION 163mm_LC3,0
61011340538,TAPETA EXTERIOR 23,5 CW50_LC3,0
61011340537,TAPETA EXTERIOR 18mm.CW50_LC3,0
61011340517,REDUCTOR DE VIDRIO 5,2mm_LC3,0
61011340119,HOJA SC_LC3,0
61011340118,MARCO FIJO CW50-SC_LC3,0
61011340010,TAPETA EXTERIOR 170 GRA.CW50_LC3,0
61011303633,JUNQUILLO 38,2mm_LC3,0
61011303628,JUNQUILLO HOJAS 23,2mm.CS_LC3,0
61011300030,VIERTEAGUAS 82,7mm_LC3,0
61011220235,TAPETA R� REMAT.BAR.RB10_LC3,0
61011050125,MARCO FUNCIONAL 77mm.CS68_LC3++,0
61011050121,HOJA BALCON 107mm.CS68_LC3++,0
61011050049,REMATE BAJO PTA.34,7x22,9 CS68_LC3++,0
61010M06003,PLETINA 60x3_LC2,0
61001063621,HOJA TLS110_PMD++,0
61010L35351,ANGULO 35x1,5_LC2,0
61010L20200,ANGULO 20x1_LC2,0
61010I71574,SOPORTE INT.CANAL 36mm_LC2,0
61010I70522,REMATE INF/INT.A OBRA 45mm_LC2,0
61010A40400,CUADRADO 40x1,3_LC2,0
61010424954,TAPAJUNTAS REGISTRO 35mm_LC2,0
61010421123,TAPETA PERFIL 9793/9795_LC2,0
61010420834,TAPAJUNTAS PUNTO R� 50mm_LC2,8,66
61010420827,TAPABOCAS REGI.PLANO 50824_LC2,0
61010420810,JUNQUILLO REGISTRO 50674_LC2,0
61010420801,ADAPT.REGI.OTRAS SER.50166_LC2,0
61010420131,TAPABOCAS C/GRAPA G54 1522_LC2++,0
61010342526,TRAVESERO 151,2mm_LC2,0
61010341508,MAINEL 188,5mm.CW50_LC2,0
61010341502,MAINEL 83,5mm.CW50_LC2,0
61010340670,TAPETA TRANSVER.INCLINADO_LC2,0
61010340619,COMPENSADOR VIDRIO 18mm_LC2,0
61010340618,REDUCTOR VIDRIO 10mm.CW60_LC2,0
61010340543,TAPETA ELIP.SEMIMAIN.CW50_LC2,0
61010340538,TAPETA EXTERIOR 23,5 CW50_LC2,0
61010340537,TAPETA EXTERIOR 18mm.CW50_LC2,0
61010303647,JUNQUILLO SEGURIDAD 11,2_LC2,0
61010303645,JUNQUILLO SEGURIDAD 5,2mm_LC2,0
61010303609,JUNQUILLO CS 17,2mm_LC2,0
61012340118,MARCO FIJO CW50-SC_LC4,0
61001341122,HOJA VENTANA PROYECT.C/COMPAS SG_PMD,0
56007111,MARCO INFERIOR 3 CARR.AJ_LMD,0
61010303119,VIERTEAGUAS PUNTO REDONDO_LC2,0
61010301097,REFUERZO INTERIOR_LC2,0
61010263159,VIERTEAGUAS INF.235mm_LC2,0
61010263158,VIERTEAGUAS INF.194mm_LC2,0
61010260119,REMATE VIERTEAG.POLIVALEN_LC2,0
61010250056,JUNQUILLO U 12x12_LC2,0
61010220251,BARROTE HORIZ.REDONDO RB10_LC2,0
61006063621,HOJA TLS110_LC1++,0
61010220242,BARROTE RECTANGULAR RB10_LC2,0
61010220241,BARROTE REDONDO D-22 RB10_LC2,0
61010220231,REMATE SUP/IN.BA.TROQ.RB10_LC2,0
61010220221,MONTANTE BARROT.FRONT.RB10_LC2,0
61010220203,TAPA PASAMANOS PLANA RB10_LC2,0
61010220201,PASAMANOS REDONDO RB10_LC2,0
6200097K404,MATRIZ,0
61010194904,TAPA CANAL CLIP_LC2,0
780,ANGULO 80_LMD,0
810002824,JUNQUILLO CURVO 25,7 DM_CSA,0
8300030185,ESCUADRA TETON 17x14 DM++,0
8300030171,ESCUADRA TETON 16x24 DM,0
8300031057,ANGULO VULCANIZADO DM,0
62000688731,TOPE UNION 17,7x25,8mm,0
11004FM4032,FORRAMARCO 40x32 P/CAJON_BEB,0
61010194417,ZOCALO CENTRAL 150mm.PS50_LC2,0
61010170695,MAINEL LATERAL 90mm.PR200_LC2,0
61010170694,MAINEL LATER.51x125 PR200_LC2,0
11006FM4032,FORRAMARCO 40x32 P/CAJON_LC1,0
61010170691,MAINEL 90mm.PR200_LC2,0
61010170690,MAINEL 90mm.PR200_LC2,0
61010170640,REMATE SUP.170mm.PR200_LC2,0
61010170622,REMATE SUP.110mm.PR200_LC2,0
61010170593,REMATE GOTERON VIDRIO 16mm_LC2,0
61010170592,REMATE GOTERON VIDRIO 10mm_LC2,0
61010170197,VIERT.FINAL 19,4mm.PP50_LC2,0
61010152041,MARCO VENTANA TAPAJ.AV40_LC2,0
61010151191,TRANSVERSAL VERTICAL 60mm_LC2,0
61010151036,MARCO VENTANA 47,9mm.AV40_LC2,0
61010151025,MARCO PUERTA AV40_LC2,0
61010151002,HOJA VENTANA AV40_LC2,0
810002806,JUNQUILLO RECTO 11,5 DM_CSA,0
4401860,TAPAJUNTAS 40mm.LG_LMCC,0
61010141649,CARRIL CLIPADO ESFERA_LC2,0
61010141648,CARRIL TRES GUIAS ESFERA_LC2,0
61010141645,MARCO PERIMETRAL ESFERA_LC2,0
840072817,SOLAPE 30mm.DM_LMD,3,21
61010141642,CRUCE CORTO ESFERA_LC2,0
61010141640,HOJA PERIM.H-18,5mm.ESFERA_LC2,0
810072006,HOJA BALCONERA RECTA S40 DM_LMD,20,26
61010141351,MARCO LATERAL AV47 CPI_LC2,0
820002341,MARCO VENTANA RECTO 45RT DM_CSA,0
37013811,MARCO MALLORQUINA 40x20_LBP,0
61000111730,HOJA CRUCE_CSA,0
61000070879,CANAL PLASTICO++,0
61010071574,CANAL DREN.VERAN.90,4x174_LC2++,0
61010071530,REMATE INF.2 AGUAS 128x133_LC2++,0
61010070589,COMPLEMEN.CLIP.JUNQ.TR200_LC2++,0
37010811,MARCO MALLORQUINA 40x20_LC2,0
61010070578,SOPORT.OBRA MAIN.TR100/200_LC2++,0
61010070568,TRANSVERS.HORIZ.TR100/200_LC2++,0
61010070564,PLETINA GRADUABLE 195mm_LC2++,0
61010070563,PLETINA GRADUABLE 135mm_LC2++,0
61010070562,PLETINA GRADUABLE 75mm_LC2++,0
61010070534,SOPORTE REGULABLE TR200_LC2++,0
101984,ANGULO 80x40_I245,0
20006AD1720,ABRAZADERA CRISTAL 40x20_NEGRO,0
37005812,TAPETA MALLORQUINA 40x20_LBN,2,05
37006811,MARCO MALLORQUINA 40x20_LC1,0
61010062621,HOJA TLS110_LC2++,0
61010062085,CARRO CP50_LC2++,0
460025109,POSTE SOPORTE Y EVACUACION_PEB,0
71001303099,TAPA REFUERZO SOBREP.TRANSV_PMD,0
61001060306,MARCO LATERAL ELEVABLE CP155_PMD++,0
62006726455,TERMINAL PASAMANO RB10_NEGRO,0
400074,RECTANGULAR 70x40_CSA,0
61010061688,CRUCE CENTRAL TP110_LC2++,0
24007312101,CHAPA 3x1,25x1,2 2C P1_LMD,0
61010061631,CRUCE REFORZADO TLS110_LC2++,0
61010061061,HOJA LATERAL CP50_LC2++,0
61010051236,MARCO RENACIMI.51mm.CS68_LC2++,0
62000809005,SELLADO UNION A PARED,0
61001071820,UNION A PARED_PMD++,0
61010050292,HOJA BALCON RENACIMI.81mm_LC2++,0
61010050227,JUNQ.RENACIMI.32,2mm.CS68_LC2++,0
61010050226,JUNQ.RENACIMI.23,2mm.CS68_LC2++,0
61010050141,MARCO TAPAJUNTAS 51mm.CS68_LC2++,0
61010050136,MARCO FUNCIONAL 51mm.CS68_LC2++,0
61010050125,MARCO FUNCIONAL 77mm.CS68_LC2++,0
61010050115,CENTRAL 2 HOJAS CS68_LC2++,0
61010050114,TE 102mm.CS68_LC2++,0
61010050113,TE 76mm.CS68_LC2++,0
61010050112,HOJA FUNCIONAL 94mm.CS68_LC2++,0
61010050102,HOJA FUNCIONAL 68mm.CS68_LC2++,0
61010044819,INVERSOR MARCO PUERTA PS50_LC2++,0
61010044436,MARCO VENTANA PS50_LC2++,0
61010044413,TRANSVERSAL VENTANA PS50_LC2++,0
61008083136,MARCO VENTANA 51mm.CS77_INOX,0
61010044120,TE MEDIANA 77mm.PS50_LC2++,0
62000809331,JUNTA UNION PARA SG,0
61010044110,MAINEL TRANSVERSAL PS50_LC2++,0
301740,PLETINA 40x4_LMV,0
61010043846,VIERTEAGUAS SUP.APER.EXT_LC2++,0
2100255,TAPETA ANCLAJE CRISTAL_PEB,0
61010043364,JUNQUILLO 32mm_LC2++,0
61010043333,JUNQUILLO 18,5mm_LC2++,0
61010043329,JUNQUILLO 22mm_LC2++,0
61010043328,JUNQUILLO 2mm_LC2++,0
61010043327,JUNQUILLO HOJA 15,5mm_LC2++,0
61010043307,JUNQUILLO 4mm_LC2++,0
61010043306,JUNQUILLO 10mm_LC2++,0
61010043305,JUNQUILLO HOJA 22mm_LC2++,0
61010043304,JUNQUILLO HOJA 25,5mm_LC2++,0
61010043161,TAPETA MARCO 50mm.PS50_LC2++,0
61010043138,SOPORTE INF.CEPILLO PUERTA_LC2++,0
820002454,INVERSOR PIVOTANTE 60RT DM_CSA,0
61000341122,HOJA VENTANA PROYECT.C/COMPAS SG_CSA,0
61010021892,HOJA VENTANA 52mm.TS57_LC2++,0
8300030370,TAPA DESAGUE NEGRA DM++,0
61010021825,MARCO PUERTA 76mm.TS57_LC2++,0
61005071820,UNION A PARED_LBN++,19,16
61010021136,MARCO VTA.40x20mm.TS57_LC2++,0
61010021122,HOJA PIVOTANTE TS57_LC2++,0
810002821,JUNQUILLO GRAPA 14 DM_CSA,0
61010021114,TRANSVER.MARCO 93mm.TS57_LC2++,0
61010021112,HOJA BALCON 40x40mm.TS57_LC2++,0
61010021111,TRANSVERSAL 87mm.TS57_LC2++,0
61010020017,ZOCALO 125x50mm.TS57_LC2++,0
61010020015,DOBLE HOJA APER.INT.TS57_LC2++,0
61010020014,HOJA PTA.APERTURA EXT.TS57_LC2++,0
61010010215,ACOP.RENACIMIEN.64mm.CS59_LC2++,0
61010010199,SOPORTE CEPILLO ZOCALO_LC2++,0
61010010171,REMATE PUERTA CEPILLO INF_LC2++,0
61010010075,PLETINA TRANSM.HOJA 3859_LC2,0
61009M08003,PLETINA 80x3_AOC,0
61009A50501,CUADRADO 50x1,5_AOC,0
61009424959,JUNQUILLO CLIP PTO.REDONDO 9mm_AOC++,0
61009421618,VAIVEN AV44_AOC,0
61009421016,JUNQUILLO PUNTO R�9mm_AOC++,0
61009421009,JUNQUILLO BOCA 32mm.12930_AOC++,0
61009420831,TAPAJUNTAS PUNTO R� 35mm_AOC,0
61009420827,TAPABOCAS REGI.PLANO 50824_AOC,0
61009420104,CARRO VITRINA 3268_AOC,0
61009341522,TRANSVERSAL 67,2mm.CW50_AOC++,0
61009341520,TRANSVERSAL 23,7mm.CW50_AOC++,0
61009341504,MAINEL REFOR.104,5mm.CW50_AOC,0
61009341116,SOPORTE VIDRIO SEMIESTRUC_AOC,0
61009340537,TAPETA EXTERIOR 18mm.CW50_AOC,0
61009340536,TAPETA EXTERIOR 15mm.CW50_AOC,0
61009340122,HOJA PROYECT.SEMIEST.CW50_AOC++,0
61009340121,MARCO PROYEC.SEMIEST.CW50_AOC++,0
61009303876,PROTECTOR EXTERIOR MARCO_AOC,0
61009303632,JUNQUILLO FUNCIONAL 32,2mm_AOC,0
61009303630,JUNQUILLO HOJA 29,2mm_AOC,0
61009303629,JUNQUILLO 26,2mm_AOC,0
61009303612,JUNQUILLO CS 26,2mm_AOC,0
61009303610,JUNQUILLO CS 20,2mm_AOC,0
61009303609,JUNQUILLO CS 17,2mm_AOC,0
61009303119,VIERTEAGUAS PUNTO REDONDO_AOC,0
61009300139,UNION MARCOS 16x11 CS68_AOC,0
61009300138,UNION MARCOS 17x8,2_AOC,0
61009300030,VIERTEAGUAS 82,7mm_AOC,0
61009260119,REMATE VIERTEAG.POLIVALEN_AOC,0
61009221220,MONTANTE BARROTE LAT.RB10_AOC,0
61009220251,BARROTE HORIZ.REDONDO RB10_AOC,0
61009220236,TAPETA FUNC.REMAT.BAR.RB10_AOC,0
61009220230,REMATE SUP/INF.BARROT.RB10_AOC,0
61009220221,MONTANTE BARROT.FRONT.RB10_AOC,0
61009220204,TAPA PASAMANOS R� RB10_AOC,0
61009220201,PASAMANOS REDONDO RB10_AOC,0
61009194904,TAPA CANAL CLIP_AOC,0
61009160636,MARCO 51mm.CS59_AOC,0
61009160192,HOJA BALCONERA 77mm.CS59P_AOC,0
61009160143,PERFIL Z_AOC,0
61009160132,PERFIL CASRONERO 90�_AOC,0
61009160115,PERFIL DOBLE HOJA_AOC,0
61009160113,TRAVESERO 74mm_AOC,0
61009160106,MARCO VENTANA 49mm.CS59_AOC,0
61009160102,HOJA 66mm_AOC,0
61009152041,MARCO VENTANA TAPAJ.AV40_AOC,0
61009151209,ACOPLAM.REDUCTOR 24-12mm.MEDAS 3_AOC++,0
61009151208,TRANS.HORIZONTAL 60x24mm.MEDAS 3_AOC++,0
61009151204,HOJA PRACTICABLE 69,5mm.MEDAS 3_AOC++,0
61009151201,MARCO PRACTICABLE MEDAS 3_AOC,0
61009151047,ZOCALO BAJO 120mm.AV40_AOC,0
61009151039,MARCO TAPABOCAS EXTERIOR 50301_AOC++,0
61009151036,MARCO VENTANA 47,9mm.AV40_AOC,0
61009151029,HOJA EXTERIOR AV40_AOC,0
61009151025,MARCO PUERTA AV40_AOC,0
61009151015,DOBLE HOJA AV40_AOC,0
61009151012,HOJA PUERTA AV40_AOC,0
61009151002,HOJA VENTANA AV40_AOC,0
61009141652,HOJA ESFERA REFORZADA H-25_AOC,0
61009141651,TAPA MARCO LATERAL ESFERA_AOC++,0
61009141649,CARRIL CLIPADO ESFERA_AOC,0
61009141645,MARCO PERIMETRAL ESFERA_AOC,0
61009141642,CRUCE CORTO ESFERA_AOC,0
61009083443,PERFIL Z_AOC,0
61009083120,TE TRANSVERSAL 89mm.CS77_AOC,0
61009083115,DOBLE HOJA_AOC,0
61009083112,HOJA 94mm_AOC,0
61009070563,PLETINA GRADUABLE 135mm_AOC++,0
61009062621,HOJA TLS110_AOC++,0
61009062085,CARRO CP50_AOC++,0
61009061631,CRUCE REFORZADO TLS110_AOC++,0
61009061067,HOJA CENTRAL REFORZADA CP50_AOC++,0
61009061064,HOJA CENTRAL CP50_AOC++,0
61009061061,HOJA LATERAL CP50_AOC++,0
61009061015,MARCO RECTO CP50_AOC++,0
61009061007,MARCO 2 CARRILES CP50_AOC++,0
61009060363,PERFIL CENTRAL_AOC++,0
61009060362,PERFIL TAPETA MARCO_AOC++,0
61009060345,CENTRAL 4 HOJAS CP155_AOC++,0
61009060342,TAPA HOJA CRUCE CP155_AOC++,0
61009060340,HOJA PERIMETRAL CP155_AOC++,0
61009060326,MARCO LATERAL MONORAIL_AOC++,0
61009060324,MARCO LATERAL MONORAIL_AOC++,0
61009060322,MARCO MONORAIL_AOC++,0
61009060320,MARCO MONORAIL_AOC++,0
61009060306,MARCO LATERAL ELEVABLE CP155_AOC++,0
61009060302,MARCO SUPERIOR ELEVABLE CP155_AOC++,0
61009060300,MARCO INFERIOR ELEVABLE CP155_AOC++,0
61009051837,MAINEL UNION MARCOS 117,8mm_AOC++,0
61009051492,HOJA 89MM_AOC++,0
61009051436,MARCO 51MM_AOC++,0
61009050859,TRANSVERSAL HOJAS 76mm.CS68_AOC++,0
61009050227,JUNQ.RENACIMI.32,2mm.CS68_AOC++,0
61009050226,JUNQ.RENACIMI.23,2mm.CS68_AOC++,0
61009050221,HOJA BALCON RENACIMIENTO 107mm_AOC++,0
61009050216,MARCO RENACIMI.64mm.CS68_AOC++,0
61009050202,HOJA VENTANA RENACIMIENTO 68mm_AOC++,0
61009050192,HOJA VENTANA 81mm CS68_AOC++,0
61009050183,MARCO FUNCIONAL 64mm.CS68_AOC++,0
61009050136,MARCO FUNCIONAL 51mm.CS68_AOC++,0
61009050121,HOJA BALCON 107mm.CS68_AOC++,0
61009050120,TRANSVERSAL 89mm.CS68_AOC++,0
61009050102,HOJA FUNCIONAL 68mm.CS68_AOC++,0
61009050071,PERFIL DE SUELO_AOC++,0
61009043846,VIERTEAGUAS SUP.APER.EXT_AOC++,0
61009043329,JUNQUILLO 22mm_AOC++,0
61009043327,JUNQUILLO HOJA 15,5mm_AOC++,0
61009043140,PLETINA TRANSVER.MARCO Y T_AOC++,0
110084508,TAPAJUNTAS 30mm.4000_INOX,0
240063121001,CHAPA 3x1,25x1 1C P1_LC1,0
61009021636,MARCO 48mm.CS38_AOC++,0
61009021136,MARCO VTA.40x20mm.TS57_AOC++,0
61009021114,TRANSVER.MARCO 93mm.TS57_AOC++,0
61009020660,TE RESALTE 52mm.CS38_AOC++,0
61009020653,TRANSVERSAL 47mm.CS38_AOC++,0
61009020651,HOJA OSCILOBATIENTE CS38_AOC++,0
61009020636,MARCO GENERAL CS38_AOC++,0
61009020605,JUNQUILLO 12mm.CS38_AOC++,0
61009010075,PLETINA TRANSM.HOJA 3859_AOC,0
61009010071,PERFIL DE SUELO_AOC++,0
61002063621,HOJA TLS110_PEB++,0
61008I70522,REMATE INF/INT.A OBRA 45mm_INOX,0
61008E70575,CANAL DESAG�E RENAC.EXT_INOX,0
61008431010,TAPETA CANAL VISION 50_INOX,0
61008424963,COMPENSADOR REGUL.35,5mm_INOX,0
61008424959,JUNQUILLO CLIP PTO.REDONDO 9mm_INOX,0
61008424954,TAPAJUNTAS REGISTRO 35mm_INOX,0
61008424947,HOJA VENTANA PERIMETRAL_INOX,0
61008424942,REFUERZO VERTICAL HOJAS_INOX,0
20000RA489,ESCUADRA FIJACION TRAVESA�O_CRUDO,0
61008421530,CANTONERO REDONDO 9538_INOX++,0
61008421505,ESQUINERO 150� 8273_INOX,0
61008421123,TAPETA PERFIL 9793/9795_INOX,0
61008421122,SOPORTE SUPERIOR PASAMANOS 9792_INOX,0
61008421119,SOPORTE CRISTAL I 12395_INOX++,0
61008421108,PASAMANOS 75mm.P/CRISTAL 12394_INOX++,0
61008421018,JUNQUILLO PTO.R�15mm.CLIP_INOX,0
61008421016,JUNQUILLO PUNTO R�9mm_INOX,0
61008421009,JUNQUILLO BOCA 32mm.12930_INOX++,0
61008420834,TAPAJUNTAS PUNTO R� 50mm_INOX,0
61008420831,TAPAJUNTAS PUNTO R� 35mm_INOX,0
61008420827,TAPABOCAS REGI.PLANO 50824_INOX,0
61008420823,TAPABOCAS REGISTRO 90mm_INOX,0
840002864,SOLAPE 49mm.DM_CSA,0
61008420813,TAPABOCAS 12118_INOX,0
5001580,UNION 4 HOJAS PLG_LMC,0
61008420109,GUIA VITRINA SUPERIOR 8295_INOX,0
61008420108,GUIA VITRINA SUPERIOR 4359_INOX,0
61008420106,GUIA VITRINA INFERIOR 8296_INOX,0
61008420104,CARRO VITRINA 3268_INOX,0
61008420103,CARRO VITRINA 3109_INOX,0
61008420102,CARRO VITRINA 835_INOX,0
61008342524,TRAVESERO 109,2mm_INOX,0
61008342523,TRANSVERSAL 88,2mm.CW50_INOX,0
61008342521,TRANSVERSAL 46,2mm.CW50_INOX,0
61008342520,TRAVESERO 34,85mm_INOX,0
61008342014,TAPETA ANGULAR 44x85mm.CW50_INOX,0
61008341540,TAPETA EXT.R� 50mm.CW50_INOX,0
61008341523,TRANSVERSAL 88,2mm.CW50_INOX++,0
61008341522,TRANSVERSAL 67,2mm.CW50_INOX++,0
61008341521,TRANSVERSAL 46,2mm.CW50_INOX++,0
61008341520,TRANSVERSAL 23,7mm.CW50_INOX++,0
61008341506,MAINEL 146,5mm.CW50_INOX,0
61008341505,MAINEL 125,5mm.CW50_INOX,0
61008341504,MAINEL REFOR.104,5mm.CW50_INOX,0
61008341503,MAINEL 104,5mm.CW50_INOX,0
61008341502,MAINEL 83,5mm.CW50_INOX,0
61008340570,TAPETA TRANS.VIERT.CW50_INOX,0
61008340543,TAPETA ELIP.SEMIMAIN.CW50_INOX,0
61008340542,TAPETA N.EXT.REDONDA 30,7 CW50_INOX,0
61008340538,TAPETA EXTERIOR 23,5 CW50_INOX,0
61008340537,TAPETA EXTERIOR 18mm.CW50_INOX,0
61008340536,TAPETA EXTERIOR 15mm.CW50_INOX,0
3701981,LAMA FIJA MALLORQUINA_I245,0
401931,RECTANGULAR 30x15_I245,0
61008043140,PLETINA TRANSVER.MARCO Y T_INOX++,0
62006215851,CLIP HL 38mm_NEGRO,0
61008340122,HOJA PROYECT.SEMIEST.CW50_INOX++,0
61008340121,MARCO PROYEC.SEMIEST.CW50_INOX++,0
61008303717,JUNQUILLO 23,2mm_INOX,0
61008303707,JUNQUILLO 14,2mm_INOX,0
61008303629,JUNQUILLO 26,2mm_INOX,0
61008303628,JUNQUILLO HOJAS 23,2mm.CS_INOX,0
61008303614,JUNQUILLO CS 32,2mm_INOX,0
61008303613,JUNQUILLO CS 29,2mm_INOX,0
61008303611,JUNQUILLO CS 23,2mm_INOX,0
61008303610,JUNQUILLO CS 20,2mm_INOX,0
61008303609,JUNQUILLO CS 17,2mm_INOX,0
61008303340,JUNQUILLO R� MARCO 15mm_INOX,0
61012340119,HOJA SC_LC4,0
201716,CUADRADO 16_LMV,0
24019312001,CHAPA 3x1,25x1,2 1C P1_I245,0
61008303119,VIERTEAGUAS PUNTO REDONDO_INOX,0
61008303099,TAPA REFUER.SOBREP.TRANSV_INOX++,0
61008301097,REFUERZO INTERIOR_INOX,0
61008250056,JUNQUILLO U 12x12_INOX,0
61008220249,RECERCO VIDRIO ELIP.RB10_INOX,0
61008220242,BARROTE RECTANGULAR RB10_INOX,0
61008220241,BARROTE REDONDO D-22 RB10_INOX,0
61008220235,TAPETA R� REMAT.BAR.RB10_INOX,0
61008220230,REMATE SUP/INF.BARROT.RB10_INOX,0
61008220221,MONTANTE BARROT.FRONT.RB10_INOX,0
61008220204,TAPA PASAMANOS R� RB10_INOX,0
61008220203,TAPA PASAMANOS PLANA RB10_INOX,0
61008220202,PASAMANOS ELIPTICO RB10_INOX,0
61008220201,PASAMANOS REDONDO RB10_INOX,0
61008214533,TAPETA 8mm.CS_INOX,12,25
61008214531,MAINEL INFERIOR 35mm.CS_INOX,33,22
8300030170,ESCUADRA TETON 24x26 DM,0
8300030628,ESCUADRA ALINEACION 9x14 DM,0
62000505153,TORNILLO 4,8x13,8mm,0
61008170697,MAINEL LATER.65x125 PR200_INOX,0
61008170693,MAINEL CENT.128x128 PR200_INOX,0
61008170680,CANAL 114x174mm.PR200_INOX++,0
820082450,MARCO PROYECTANTE 60RT DM_INOX,15,85
61008170640,REMATE SUP.170mm.PR200_INOX,0
61008170596,REMATE GOTERON VIDRIO 25mm_INOX,0
61008170235,VIERTEAGUAS CLIPADO 45mm_INOX,0
61008170120,TAPAJUNTAS CLIP 35,5mm_INOX,0
61008160817,ZOCALO TE 151mm.CPS59_INOX++,0
61008160636,MARCO 51mm.CS59_INOX,0
61008160626,HOJA APER.INT.98mm.CS59P_INOX++,0
61008160625,MARCO 73mm.CS59_INOX++,0
61008160614,HOJA APER.EXT.98mm.CS59P_INOX++,0
61008160192,HOJA BALCONERA 77mm.CS59P_INOX,0
61008160143,PERFIL Z_INOX,0
61008160125,MARCO BALCONERA 71mm.CS59_INOX++,0
61008160120,TE TRANSVERSAL 85mm.CPS59_INOX,0
61008160114,TE TRANSVERSAL 96mm.CPS59_INOX++,0
61008160106,MARCO VENTANA 49mm.CS59_INOX,0
61008160104,MARCO PARA TUBO RED.50mm_INOX,0
61008152041,MARCO VENTANA TAPAJ.AV40_INOX,0
61008151052,HOJA PUERTA P/R� AV40_INOX,0
61008151051,HOJA VENTANA P/R� AV40_INOX,0
61008151047,ZOCALO BAJO 120mm.AV40_INOX,0
24004C231101,CHAPA PERF.3x1,25x1,2 C�20 2C_BRONCE,0
61008151036,MARCO VENTANA 47,9mm.AV40_INOX,0
61008151029,HOJA EXTERIOR AV40_INOX,0
61008151025,MARCO PUERTA AV40_INOX,0
61008151022,ACOPLAMIEN.PIVOTANTE AV40_INOX,0
61008151021,HOJA PIVOTANTE AV40_INOX,0
61008151017,ZOCALO CENTRAL AV40_INOX,0
61008151015,DOBLE HOJA AV40_INOX,0
61008151012,HOJA PUERTA AV40_INOX,0
61008151002,HOJA VENTANA AV40_INOX,0
61003220200,PASAMANOS FUNCIONAL RB10_OEB,0
810002033,HOJA PUERTA APERT.EXT.CURVA S40 DM_CSA,0
810002003,HOJA VENTANA 68mm.RECTA S40 DM_CSA,0
810002009,HOJA BALCON APERT.EXT.CURVA S40 DM_CSA,0
810002006,HOJA BALCONERA RECTA S40 DM_CSA,0
810002828,REMATE INFERIOR HOJA DM_CSA,0
820002314,MARCO PUERTA RECTO 45RT DM_CSA,0
61008114644,TRANSVERSAL 55mm.PP50_INOX,0
61008114641,CARRO HUECO 24mm.PP50_INOX++,0
61008070878,CANAL_INOX++,0
61008111645,MARCO PERIMET.CERRADO PP50_INOX++,0
61008111643,CRUCE CENT.REFOR.P/R� PP50_INOX,0
61008111642,CRUCE CENTRAL P/R� PP50_INOX,0
61008111640,HOJA LATERAL P/R� PP50_INOX++,0
61008110746,HOJA LATERAL ELIPTICA_INOX,0
61008110461,CARRO RULETAS CP45_INOX,0
61008110460,TRANSVERSAL HOJA_INOX,0
61008110442,CRUCE RECTO REFORZADO_INOX,0
61008110440,HOJA CRUCE_INOX,0
61008110412,MARCO 4 CARRILES RECTO_INOX,0
61008093127,REMATE PUERTA HOJA C/HOJA TS74_INOX,0
61008070587,JUNQUILLO EXT.14mm.TR200_INOX++,0
61008070578,SOPORT.OBRA MAIN.TR100/200_INOX++,0
61008070576,ACOPLA.CANAL BARROCO PR200_INOX++,0
61008070564,PLETINA GRADUABLE 195mm_INOX++,0
61008070563,PLETINA GRADUABLE 135mm_INOX++,0
61008070562,PLETINA GRADUABLE 75mm_INOX++,0
61008070552,TAPA DRENAJ.VERT.TR100/200_INOX,0
201970,CUADRADO 70_I245,0
80066962,LAMA TUBULAR 120mm_LC1,0
61008062621,HOJA TLS110_INOX++,0
61008062085,CARRO CP50_INOX++,0
61010214533,TAPETA 8mm.CS_LC2,0
61001050141,MARCO TAPAJUNTAS 51mm.CS68_PMD++,0
61001060302,MARCO SUPERIOR ELEVABLE CP155_PMD++,0
770026500,BASTIDOR SOLUXE_PEB,0
61008061631,CRUCE REFORZADO TLS110_INOX++,0
61008061630,CRUCE TLS110_INOX++,0
61008061621,HOJA TLS110_INOX++,0
61008061603,GUIA SUPERIOR TLS110_INOX++,0
61008061602,MARCO LATERAL TLS110_INOX++,0
61008061601,GUIA INFER.DOBLE TLS110_INOX++,0
61008061600,GUIA INFER.SIMPLE TLS110_INOX++,0
61008061067,HOJA CENTRAL REFORZADA CP50_INOX++,0
61008061064,HOJA CENTRAL CP50_INOX++,0
61008061061,HOJA LATERAL CP50_INOX++,0
61008061015,MARCO RECTO CP50_INOX++,0
61008061009,MARCO 2 CARRILES ELIPTICOS_INOX++,0
61008061007,MARCO 2 CARRILES CP50_INOX++,0
61008060406,MARCO 3-GUIAS_INOX++,0
61008060402,MARCO 3-GUIAS_INOX++,0
61008060400,MARCO 3-GUIAS_INOX++,0
61008060342,TAPA HOJA CRUCE CP155_INOX++,0
61008060340,HOJA PERIMETRAL CP155_INOX++,0
61008060320,MARCO MONORAIL_INOX++,0
61008052504,HOJA OCULTA JUNQ.EXT.CS68_INOX++,0
61008051837,MAINEL UNION MARCOS 117,8mm_INOX++,0
61008051533,JUNQUILLO 2,2mm_INOX++,0
61008051220,TRAVESERO 89mm_INOX++,0
61008051216,MARCO RENACIMIENTO 64mm.CS68_INOX++,0
61008051132,ESQUINERO 64x64mm.CS68_INOX++,0
61008051034,REMATE BAJO PTA.CEPILLO_INOX++,0
61008050583,MARCO HOJA OCULTA 89mm.CS68_INOX++,0
61008050535,ACOP.JUNQU.HOJA OCUL.CS68_INOX++,0
61008050515,ACOPL.CENT.DOBLE HOJA OCUL_INOX++,0
61008050506,TRANS.HOJA OCULTA 152mm.CS68_INOX++,0
61008050227,JUNQ.RENACIMI.32,2mm.CS68_INOX++,0
61008050226,JUNQ.RENACIMI.23,2mm.CS68_INOX++,0
61008050221,HOJA BALCON RENACIMIENTO 107mm_INOX++,0
61008050192,HOJA VENTANA 81mm CS68_INOX++,0
61008050183,MARCO FUNCIONAL 64mm.CS68_INOX++,0
61008050141,MARCO TAPAJUNTAS 51mm.CS68_INOX++,0
61008050136,MARCO FUNCIONAL 51mm.CS68_INOX++,0
61008050125,MARCO FUNCIONAL 77mm.CS68_INOX++,0
61008050120,TRANSVERSAL 89mm.CS68_INOX++,0
61008050115,CENTRAL 2 HOJAS CS68_INOX++,0
61008050114,TE 102mm.CS68_INOX++,0
61008050113,TE 76mm.CS68_INOX++,0
61008050112,HOJA FUNCIONAL 94mm.CS68_INOX++,0
61008050102,HOJA FUNCIONAL 68mm.CS68_INOX++,0
61008050033,SUPLEM.ZOCALO PTA.CEPILLO_INOX++,0
61008050018,UNION ROTULA CS68_INOX++,0
37002811,MARCO MALLORQUINA 40x20_PEB,0
61008044436,MARCO VENTANA PS50_INOX++,0
61008044413,TRANSVERSAL VENTANA PS50_INOX++,0
61008083192,HOJA 81mm_INOX,0
61012341502,MAINEL 83,5mm.CW50_LC4,0
62000215660,COMPAS 665mm.130Kg,0
51000864N,CIERRE S/CONDENA-ESCUDO_CRUDO,0
61008043364,JUNQUILLO 32mm_INOX++,0
61008043329,JUNQUILLO 22mm_INOX++,0
61008043328,JUNQUILLO 2mm_INOX++,0
61008043305,JUNQUILLO HOJA 22mm_INOX++,0
61008030092,HOJA 78mm_INOX++,0
61008030036,MARCO 48mm_INOX++,0
61008030016,MARCO 54mm_INOX++,0
61008030015,PERFIL DOBLE HOJA_INOX++,0
61008030013,TRAVESERO 70mm_INOX++,0
61008030002,HOJA 65mm_INOX++,0
5001779,MARCO FIJO CURVO PLG_LMV,0
11003FM4032,FORRAMARCO 40x32 P/CAJON_OEB,0
61008021136,MARCO VTA.40x20mm.TS57_INOX++,0
61008021113,TRANSVER.MARCO 67mm.TS57_INOX++,0
400774,RECTANGULAR 70x40_LMD,0
61008011649,ACOPLAMIENTO BAJO PTA.CS59_INOX++,0
61008010649,ACOPLAMIENTO BAJO PUERTA_INOX++,0
61008010215,ACOP.RENACIMIEN.64mm.CS59_INOX++,0
61008010171,REMATE PUERTA CEPILLO INF_INOX++,0
61008010075,PLETINA TRANSM.HOJA 3859_INOX,0
61007M06003,PLETINA 60x3_LMD,0
61007L40200,ANGULO 40x20x1,3_LMD,0
61007A10012,CUADRADO 100x2_LMD,0
61007431038,TAPETA CLIPADA PP50_LMD,0
61007431010,TAPETA CANAL VISION 50_LMD,0
61007424954,TAPAJUNTAS REGISTRO 35mm_LMD,0
61007424947,HOJA VENTANA PERIMETRAL_LMD,0
61007421530,CANTONERO REDONDO 9538_LMD++,0
61007421123,TAPETA PERFIL 9793/9795_LMD,0
61007421019,JUNQUILLO PTO.R�23mm.CLIP_LMD,0
61007421017,JUNQUILLO PUNTO R�23mm_LMD,0
61007420834,TAPAJUNTAS PUNTO R� 50mm_LMD,0
61007420831,TAPAJUNTAS PUNTO R� 35mm_LMD,0
61007420830,TAPAJUNTAS PUNTO R� 85mm_LMD,0
61007420827,TAPABOCAS REGI.PLANO 50824_LMD,0
61007420810,JUNQUILLO REGISTRO 50674_LMD,0
61007420801,ADAPT.REGI.OTRAS SER.50166_LMD,0
50015175,HOJA BALCON CLIM.DISE�O PLG_LMC,0
5001573,SUPLEMENTO HOJA PEQ.PLG_LMC,0
61007341540,TAPETA EXT.R� 50mm.CW50_LMD,0
61007340536,TAPETA EXTERIOR 15mm.CW50_LMD,0
61007303877,PROTECTOR INTERIOR MARCO_LMD,0
61007303876,PROTECTOR EXTERIOR MARCO_LMD,0
61007303665,JUNQUILLO SEGURIDAD HOJAS 14,2mm_LMD,0
61007303645,JUNQUILLO SEGURIDAD 5,2mm_LMD,0
61007303340,JUNQUILLO R� MARCO 15mm_LMD,0
61007220241,BARROTE REDONDO D-22 RB10_LMD,0
61007220235,TAPETA R� REMAT.BAR.RB10_LMD,0
61007220230,REMATE SUP/INF.BARROT.RB10_LMD,0
61007220203,TAPA PASAMANOS PLANA RB10_LMD,0
61007220202,PASAMANOS ELIPTICO RB10_LMD,0
61007214534,MAINEL 8mm.CINTRO/VERANDA_LMD,0
61007214533,TAPETA 8mm.CS_LMD,0
61007170680,CANAL 114x174mm.PR200_LMD++,0
61007170650,BAJ.SOP.CANAL 110x66 PR200_LMD++,0
61007151051,HOJA VENTANA P/R� AV40_LMD,0
61007151047,ZOCALO BAJO 120mm.AV40_LMD,0
61007151036,MARCO VENTANA 47,9mm.AV40_LMD,0
61007151022,ACOPLAMIEN.PIVOTANTE AV40_LMD,0
61007151021,HOJA PIVOTANTE AV40_LMD,0
61007151015,DOBLE HOJA AV40_LMD,0
61007141649,CARRIL CLIPADO ESFERA_LMD,0
61007141645,MARCO PERIMETRAL ESFERA_LMD,0
61007141642,CRUCE CORTO ESFERA_LMD,0
61007141640,HOJA PERIM.H-18,5mm.ESFERA_LMD,0
61007141392,GUIA MOSQUITERA AV47_LMD,0
61007141391,HOJA MOSQUITERA AV47_LMD,0
3701381,LAMA FIJA MALLORQUINA_LBP,0
460084000,EMBELLECEDOR CIERRE PANELUX 82mm_INOX,0
820082454,INVERSOR PIVOTANTE 60RT DM_INOX,16,95
62006627133,TIRADOR ESTANDAR FIJO_NEGRO,0
61007111648,VIERTEAGUAS PP/TP50_LMD++,0
61012110450,HOJA LATERAL_LC4,0
61007111642,CRUCE CENTRAL P/R� PP50_LMD,0
400174,RECTANGULAR 70x40_PMD,0
61007070582,ACOP.CANAL RENAC.TR100/200_LMD++,0
61007070563,PLETINA GRADUABLE 135mm_LMD++,0
61007070552,TAPA DRENAJ.VERT.TR100/200_LMD,0
61007062621,HOJA TLS110_LMD++,0
61007062085,CARRO CP50_LMD++,0
61007061067,HOJA CENTRAL REFORZADA CP50_LMD++,0
61007061064,HOJA CENTRAL CP50_LMD++,0
61007061061,HOJA LATERAL CP50_LMD++,0
61007061007,MARCO 2 CARRILES CP50_LMD++,0
61007051236,MARCO RENACIMI.51mm.CS68_LMD++,0
61007051220,TRAVESERO 89mm_LMD++,0
61007051216,MARCO RENACIMIENTO 64mm.CS68_LMD++,0
61007051132,ESQUINERO 64x64mm.CS68_LMD++,0
61007050292,HOJA BALCON RENACIMI.81mm_LMD++,0
61007050227,JUNQ.RENACIMI.32,2mm.CS68_LMD++,0
61007050226,JUNQ.RENACIMI.23,2mm.CS68_LMD++,0
61007050221,HOJA BALCON RENACIMIENTO 107mm_LMD++,0
61007050183,MARCO FUNCIONAL 64mm.CS68_LMD++,0
61007050115,CENTRAL 2 HOJAS CS68_LMD++,0
61007050114,TE 102mm.CS68_LMD++,0
61007050102,HOJA FUNCIONAL 68mm.CS68_LMD++,0
61007043328,JUNQUILLO 2mm_LMD++,0
61007043327,JUNQUILLO HOJA 15,5mm_LMD++,0
61007043305,JUNQUILLO HOJA 22mm_LMD++,0
61007021892,HOJA VENTANA 52mm.TS57_LMD++,0
810002807,JUNQUILLO RECTO 14 DM_CSA,0
11005FM4032,FORRAMARCO 40x32 P/CAJON_LBN,0
61007021136,MARCO VTA.40x20mm.TS57_LMD++,0
61007021122,HOJA PIVOTANTE TS57_LMD++,0
61007021120,TRANSVER.MARCO 77mm.TS57_LMD++,0
61007021115,DOBLE HOJA VENTANA TS57_LMD++,0
61007021114,TRANSVER.MARCO 93mm.TS57_LMD++,0
61007021112,HOJA BALCON 40x40mm.TS57_LMD++,0
99018RIOS,ARTICULO COMODIN_LMCC,0
61007010649,ACOPLAMIENTO BAJO PUERTA_LMD++,0
61007010215,ACOP.RENACIMIEN.64mm.CS59_LMD++,0
61007010075,PLETINA TRANSM.HOJA 3859_LMD,0
61006M08003,PLETINA 80x3_LC1,0
61005063621,HOJA TLS110_LBN++,0
61006M01005,PLETINA 5x10_LC1,0
61006L30300,ANGULO 30x1_LC1,0
61006L20200,ANGULO 20x1_LC1,0
61006I70522,REMATE INF/INT.A OBRA 45mm_LC1,0
61006A80401,RECTANGULAR 80x40x1,5_LC1,0
61006A60400,RECTANGULAR 60x40x1,3_LC1,0
61006A20101,RECTANGULAR 20x10x1,3_LC1,0
61006A12041,RECTANGULAR 120x40x1,5_LC1,0
61006A10041,RECTANGULAR 100x40x1,5_LC1,0
61006A10012,CUADRADO 100x2_LC1,0
61006776710,PERFIL THERMO VENT_LC1,0
61006431038,TAPETA CLIPADA PP50_LC1,0
61006424992,JUNQUILLO 50mm.CS68_LC1,0
61006424975,GUIA INFERIOR PLEGABLE FD AV40_LC1,0
61006424974,GUIA SUPERIOR PLEGABLE FD AV40_LC1,0
37018810N,PERFIL BASE MALLORQUINA_LMCC++,0
61006424959,JUNQUILLO CLIP PTO.REDONDO 9mm_LC1++,0
61006424954,TAPAJUNTAS REGISTRO 35mm_LC1,0
61006424947,HOJA VENTANA PERIMETRAL_LC1,0
61006421546,UNION MARCO 3798_LC1,0
61006421530,CANTONERO REDONDO 9538_LC1++,0
61006421123,TAPETA PERFIL 9793/9795_LC1,0
61006421120,SOPORTE INFERIOR 9793_LC1,0
61006421119,SOPORTE CRISTAL I 12395_LC1++,0
61006421019,JUNQUILLO PTO.R�23mm.CLIP_LC1,0
61006421018,JUNQUILLO PTO.R�15mm.CLIP_LC1,0
61006421017,JUNQUILLO PUNTO R�23mm_LC1,0
61006421016,JUNQUILLO PUNTO R�9mm_LC1++,0
61006421009,JUNQUILLO BOCA 32mm.12930_LOC++,0
61006420834,TAPAJUNTAS PUNTO R� 50mm_LC1,0
61006420831,TAPAJUNTAS PUNTO R� 35mm_LC1,0
61006420827,TAPABOCAS REGI.PLANO 50824_LC1,0
61006420823,TAPABOCAS REGISTRO 90mm_LC1,0
50015199,MARCO PERIMET.4 CARR.PLG_LMC,43,95
61006342534,SUJECCION TAPETA VERTICAL_LC1,0
61006342526,TRAVESERO 151,2mm_LC1,0
61006342524,TRAVESERO 109,2mm_LC1,0
61006342522,TRANSVERSAL 67,2mm.CW50_LC1,0
61006342521,TRANSVERSAL 46,2mm.CW50_LC1,0
37015814,MARCO 65mm.MALLORQUINA_LMC,0
37015816,LAMA SIMPLE FIJA 100mm.MALLORQ_LMC,0
61006341540,TAPETA EXT.R� 50mm.CW50_LC1,0
61006341521,TRANSVERSAL 46,2mm.CW50_LOC++,0
61006341508,MAINEL 188,5mm.CW50_LC1,0
61006341506,MAINEL 146,5mm.CW50_LC1,0
61006341505,MAINEL 125,5mm.CW50_LC1,0
61006341504,MAINEL REFOR.104,5mm.CW50_LC1,0
61006341503,MAINEL 104,5mm.CW50_LC1,0
61006341502,MAINEL 83,5mm.CW50_LC1,0
61006341501,MAINEL 62,5mm.CW50_LC1,0
701920,U 20_I245,0
61006340570,TAPETA TRANS.VIERT.CW50_LC1,0
61006340558,TAPETA 13mm_LC1,0
61006340538,TAPETA EXTERIOR 23,5 CW50_LC1,0
61006340537,TAPETA EXTERIOR 18mm.CW50_LC1,0
61006340536,TAPETA EXTERIOR 15mm.CW50_LC1,0
650083811,UNION MARCOS 50mm.ROTURA_INOX,0
61006340517,REDUCTOR DE VIDRIO 5,2mm_LC1,0
401996,RECTANGULAR 120x40_I245,0
443,ANGULO 40x3_BEB,0
61000303644,JUNQUILLO 2,2mm_CSA,0
61006340119,HOJA SC_LC1,0
61006340118,MARCO FIJO CW50-SC_LC1,0
400583,RECTANGULAR 80x30_LBN,0
61006340111,COMPLEMENTO PARED CW50-SC_LC1,0
61006303668,JUNQUILLO SEGURIDAD HOJA 23,2mm_LC1,0
61006303650,JUNQUILLO SEGURIDAD HOJA 20,2mm_LC1,0
61006303648,JUNQUILLO SEGURIDAD HOJA 14,2mm_LC1,0
61006303647,JUNQUILLO SEGURIDAD 11,2_LC1,0
61006303631,JUNQUILLO HOJA 32,2mm.CS_LC1,0
61006303628,JUNQUILLO HOJAS 23,2mm.CS_LC1,0
61006303615,JUNQUILLO CS 35,2mm_LC1,0
61006303613,JUNQUILLO CS 29,2mm_LC1,0
61006303612,JUNQUILLO CS 26,2mm_LC1,0
61006303608,JUNQUILLO CS 14,2mm_LC1,0
61006303340,JUNQUILLO R� MARCO 15mm_LC1,0
820002506,ESQUINERO 75RT DM_CSA,0
7500416000,PILASTRA CAMARA 16_BEB,0
20006AD1286,"ROTULA""U""CRISTAL_NEGRO",0
9001151136,MARCO ELIPTICO VTA.AV-40_PMD++,0
61006303119,VIERTEAGUAS PUNTO REDONDO_LC1,0
61006300032,PERFIL CONDENSACION 122,7mm_LC1,0
61006300030,VIERTEAGUAS 82,7mm_LC1,0
61006263158,VIERTEAGUAS INF.194mm_LC1,0
61006260119,REMATE VIERTEAG.POLIVALEN_LC1,0
61006221212,PASAMANOS ACRIS.ELIP.RB10_LC1,0
61006220251,BARROTE HORIZ.REDONDO RB10_LC1,0
61006030447,MARCO 54mm_LC1++,0
61006220249,RECERCO VIDRIO ELIP.RB10_LC1,0
61006220242,BARROTE RECTANGULAR RB10_LC1,0
61006220235,TAPETA R� REMAT.BAR.RB10_LC1,0
61006220231,REMATE SUP/IN.BA.TROQ.RB10_LC1,0
61006220221,MONTANTE BARROT.FRONT.RB10_LC1,0
61006220204,TAPA PASAMANOS R� RB10_LC1,0
61006220203,TAPA PASAMANOS PLANA RB10_LC1,0
61006220202,PASAMANOS ELIPTICO RB10_LC1,0
61006220201,PASAMANOS REDONDO RB10_LC1,0
61006220200,PASAMANOS FUNCIONAL RB10_LC1,0
61006214592,INTERMEDIO P/CAMARA CS_LC1,0
61006214535,MAINEL 18mm.CS_LC1,0
61006214533,TAPETA 8mm.CS_LC1,0
61006214532,MAINEL INTERIOR 25mm.CS_LC1,0
61006214531,MAINEL INFERIOR 35mm.CS_LC1,0
61006194904,TAPA CANAL CLIP_LC1,0
700783,U 15x30x15_LMD,0
810002825,JUNQUILLO GRAPA 25,7 DM_CSA,0
8300030181,ESCUADRA TETON 24x39 DM,0
8300030463,JGO.TAPA INVERSORA DM,0
61001341501,MAINEL 62,5mm.CW50_PMD,0
44004FM3020,TAPAJUNTAS 30 CO/ABAT_BEB,0
61008303615,JUNQUILLO CS 35,2mm_INOX,0
61006170695,MAINEL LATERAL 90mm.PR200_LC1,0
820082501,MARCO VENTANA 75RT DM_INOX,30,93
820082503,INVERSOR 75RT DM_INOX,30,8
61006170680,CANAL 114x174mm.PR200_LC1++,0
61006170650,BAJ.SOP.CANAL 110x66 PR200_LC1++,0
820082453,HOJA PIVOTANTE 60RT DM_INOX,21,47
61006170593,REMATE GOTERON VIDRIO 16mm_LC1,0
61006170214,REMATE INT/EXT.107x35mm.PP50_LC1,0
61006170205,VIERTEAGUAS CLIP 130mm_LC1,0
61006170198,VIERTEAGUAS CLIP 60mm_LC1,0
61006170197,VIERT.FINAL 19,4mm.PP50_LC1,0
61006170131,TAPAJUNTAS CLIPADO CANAL 35,7mm_LC1,0
61006170120,TAPAJUNTAS CLIP 35,5mm_LC1,0
61006170077,TAPAJUNTAS CLIP 55,3mm_LC1,0
61006160817,ZOCALO TE 151mm.CPS59_LOC++,0
61006160628,ACOPLAM.TE APER.EXT.CS59P_LOC++,0
61006160627,ACOPLAM.TE APER.INT.CS59P_LOC++,0
61006160626,HOJA APER.INT.98mm.CS59P_LOC++,0
61006160625,MARCO 73mm.CS59_LOC++,0
61006160614,HOJA APER.EXT.98mm.CS59P_LOC++,0
61006160125,MARCO BALCONERA 71mm.CS59_LOC++,0
61006160114,TE TRANSVERSAL 96mm.CPS59_LOC++,0
61006152041,MARCO VENTANA TAPAJ.AV40_LC1,0
61006151195,COMPENSADOR SUP+INF.MEDAS_LC1++,0
61006151052,HOJA PUERTA P/R� AV40_LC1,0
61006151051,HOJA VENTANA P/R� AV40_LC1,0
61006151047,ZOCALO BAJO 120mm.AV40_LC1,0
61006151036,MARCO VENTANA 47,9mm.AV40_LC1,0
61006151029,HOJA EXTERIOR AV40_LC1,0
61006151025,MARCO PUERTA AV40_LC1,0
61006151022,ACOPLAMIEN.PIVOTANTE AV40_LC1,0
61006151021,HOJA PIVOTANTE AV40_LC1,0
61006151017,ZOCALO CENTRAL AV40_LC1,0
61006151015,DOBLE HOJA AV40_LC1,0
61006151012,HOJA PUERTA AV40_LC1,0
61006151002,HOJA VENTANA AV40_LC1,0
61006141650,VIERTEAGUAS SUPER.ESFERA_LC1,0
61006141353,MARCO SUPERIOR 40mm.AV47_LC1,0
61006141351,MARCO LATERAL AV47 CPI_LC1,0
61006141350,MARCO INF.CERRADO AV47_LC1,0
61006141349,TRANSFORMAD.CLIM/NOR.AV47_LC1,0
61006141348,CARRO RULE.100mm.CLIM.AV47_LC1,0
61006141325,CARRO RULETA B-10 KOTA6_LC1,0
61006141318,HOJA LATERAL B-10 KOTA6_LC1,0
61006141316,HOJA CENTRAL 50 B-10 KOTA6_LC1,0
61006141306,MARCO FIJO SOLUCION KOTA6_LC1,0
810002032,HOJA PUERTA 93mm.CURVA S40 DM_CSA,0
810002008,HOJA VENTANA S/JUNQUILLO S40 DM_CSA,0
820002321,TRAVESA�O VENTANA 45RT DM_CSA,0
37013800AN,ZOCALO PEQUE�O AUTORR_LBP,0
37013810N,PERFIL BASE MALLORQUINA_LBP,0
810082802,JUNQUILLO CURVO 14 DM_INOX,2,91
61006111747,MARCO MONORAIL PP50_LC1++,0
61008070896,ELEVACION CANAL_INOX++,0
61012110833,ENCUENTRO CENTRAL REFORZADO_LC4,0
61006111643,CRUCE CENT.REFOR.P/R� PP50_LC1++,0
61006111642,CRUCE CENTRAL P/R� PP50_LC1,0
400274,RECTANGULAR 70x40_PEB,0
2100455,TAPETA ANCLAJE CRISTAL_BEB,0
61006071580,CANAL POLIVALEN.124,4x90,4_LC1++,0
61006071561,SEMIMAI.ARTIC.HEMBRA TR200_LC1++,0
61006071560,SEMIMAI.ARTIC.MACHO TR200_LC1++,0
61009043305,JUNQUILLO HOJA 22mm_AOC++,0
820002511,HOJA PUERTA 75RT DM_CSA,0
24001213D101,CHAPA DAMERO 2x1x3+RES 2C_P.MATE,0
37006814,MARCO 65mm.MALLORQUINA_LC1,0
48019611,CANTONERA 90� EU_I245,0
61006070583,ACOP.CANAL ELIP.TR100/200_LC1++,0
61006070581,ACOPL.CANAL FUNCIONAL_LC1++,0
61006070576,ACOPLA.CANAL BARROCO PR200_LC1++,0
61006070563,PLETINA GRADUABLE 135mm_LC1++,0
61006070562,PLETINA GRADUABLE 75mm_LC1++,0
46005CI,COBIJA INFERIOR_LBN,10,98
46005U16,PERFIL U 16mm_LBN,3,05
61006070552,TAPA DRENAJ.VERT.TR100/200_LC1,0
61006070534,SOPORTE REGULABLE TR200_LC1++,0
61006070523,REMATE SUP/INF.TR100/200_LC1++,0
4400278,UNION CORREDERA LG/ABISAG_PEB,0
7501716010,INVERSOR CAMARA 16_LMV,0
810002812,JUNQUILLO RECTO 35 DM_CSA,0
5000980,UNION 4 HOJAS PLG_AOC,0
12008205,ESCUADRA ALINEACION FM4032_INOX,0
61006062621,HOJA TLS110_LC1++,0
61006062085,CARRO CP50_LC1++,0
61010214531,MAINEL INFERIOR 35mm.CS_LC2,0
2300025,SOPORTE BARAND.P/C�30 Y 40_CRUDO,0
61001060300,MARCO INFERIOR ELEVABLE CP155_PMD++,0
61001303610,JUNQUILLO CS 20,2mm_PMD,0
80006962,LAMA TUBULAR 120mm_CSA,0
61006061698,TAPA MARCO TP110_LC1++,0
61006061697,ACOPL.CENTRAL 3-4 H.TP110_LC1++,0
61006061689,PERFIL CENTRAL_LC1++,0
61006061688,CRUCE CENTRAL TP110_LC1++,0
61006061687,HOJA 96,8mm_LC1++,0
61006061686,HOJA PERIMETRAL TP110_LC1++,0
61006061685,MARCO PERIM.2 GUIAS TP110_LC1++,0
61006061683,MARCO PERIMETRAL C/FIJO_LC1++,0
61006061067,HOJA CENTRAL REFORZADA CP50_LC1++,0
61006061065,HOJA CENTRAL REFORZADA CP50_LC1++,0
61006061064,HOJA CENTRAL CP50_LC1++,0
61006061063,HOJA LATERAL REFORZADA CP50_LC1++,0
61006061062,HOJA LATERAL REFORZADA CP50_LC1++,0
61006061061,HOJA LATERAL CP50_LC1++,0
61006061021,MARCO 3 CARRILES CP50_LC1++,0
61006061009,MARCO 2 CARRILES ELIPTICOS_LC1++,0
61006061007,MARCO 2 CARRILES CP50_LC1++,0
61006060342,TAPA HOJA CRUCE CP155_LC1++,0
61006060340,HOJA PERIMETRAL CP155_LC1++,0
61006060306,MARCO LATERAL ELEVABLE CP155_LC1++,0
61006060302,MARCO SUPERIOR ELEVABLE CP155_LC1++,0
61006060300,MARCO INFERIOR ELEVABLE CP155_LC1++,0
61006052503,HOJA OCULTA JUNQ.EXT.(22,7mm)CS68_LC1++,0
61006052499,HOJA_LC1++,0
61006051533,JUNQUILLO 2,2mm_LC1++,0
650053843,ZOCALO CENTRAL 140mm_LBN++,0
61006051122,ACOPLAMIENTO PIVOTANTE CS68_LC1++,0
61006051034,REMATE BAJO PTA.CEPILLO_LOC++,0
61006051029,ACOPL.MARCO PUERTA_LC1++,0
61006051026,HOJA PUERTA APERT.INTERIOR_LC1++,0
61006051014,HOJA PUERTA AP.EXT.102mm.CS68_LC1++,0
61006050583,MARCO HOJA OCULTA 89mm.CS68_LC1++,0
61006050536,MARCO HOJA OCULTA CS68_LC1++,0
61006050535,ACOP.JUNQU.HOJA OCUL.CS68_LC1++,0
61006050515,ACOPL.CENT.DOBLE HOJA OCUL_LC1++,0
61006050513,TE HOJA OCULTA 101mm.CS68_LC1++,0
61006050505,TRAVESERO 126mm_LC1++,0
11000FM4032,FORRAMARCO 40x32 P/CAJON_CSA,0
61006050448,MARCO 64mm_LC1++,0
61006050192,HOJA VENTANA 81mm CS68_LC1++,0
61006050176,PERFIL DE SOPORTE PARA CEPILLO_LC1++,0
61006050175,PERFIL DE SOPORTE PARA CEPILLO_LC1++,0
61006050140,MARCO 90mm_LC1++,0
61006050136,MARCO FUNCIONAL 51mm.CS68_LC1++,0
61006050125,MARCO FUNCIONAL 77mm.CS68_LC1++,0
61006050121,HOJA BALCON 107mm.CS68_LC1++,0
61006050120,TRANSVERSAL 89mm.CS68_LC1++,0
61006050114,TE 102mm.CS68_LC1++,0
61006050049,REMATE BAJO PTA.34,7x22,9 CS68_LC1++,0
61006050033,SUPLEM.ZOCALO PTA.CEPILLO_LC1++,0
61006050028,PERFIL TOPE PUERTA_LC1++,0
61006044436,MARCO VENTANA PS50_LC1++,0
61006044413,TRANSVERSAL VENTANA PS50_LC1++,0
61008083115,DOBLE HOJA_INOX,0
61006044120,TE MEDIANA 77mm.PS50_LC1++,0
62000617200,GANCHO INFERIOR,13,54
99019RIOS,ARTICULO COMODIN_I245,0
61006044110,MAINEL TRANSVERSAL PS50_LC1++,0
62000776313,BULON GUIA EMPOTRADA,1,1
61006043846,VIERTEAGUAS SUP.APER.EXT_LC1++,0
2200926,RECEPTOR CRISTAL PROF.22mm_AOC,0
61006043333,JUNQUILLO 18,5mm_LC1++,0
61006043329,JUNQUILLO 22mm_LC1++,0
61006043328,JUNQUILLO 2mm_LC1++,0
61006043327,JUNQUILLO HOJA 15,5mm_LC1++,0
61006043307,JUNQUILLO 4mm_LC1++,0
61006043305,JUNQUILLO HOJA 22mm_LC1++,0
61006043304,JUNQUILLO HOJA 25,5mm_LC1++,0
61006043161,TAPETA MARCO 50mm.PS50_LC1++,0
840002855,SOLAPE 35mm.DM_CSA,0
820002453,HOJA PIVOTANTE 60RT DM_CSA,0
4401747,TAPAJUNTAS 30mm.LG_LMV,0
61006021892,HOJA VENTANA 52mm.TS57_LC1++,0
61006021880,MARCO DILAT.VIER.55mm.TS57_LOC++,0
61006021136,MARCO VTA.40x20mm.TS57_LC1++,0
810002802,JUNQUILLO CURVO 14 DM_CSA,0
61006021114,TRANSVER.MARCO 93mm.TS57_LC1++,0
61006021113,TRANSVER.MARCO 67mm.TS57_LC1++,0
61006021112,HOJA BALCON 40x40mm.TS57_LC1++,0
61006021111,TRANSVERSAL 87mm.TS57_LC1++,0
61006021102,HOJA VENTANA 40x20mm.TS57_LC1++,0
8300039999,FRESA PRACTICABLE DM++,0
61006020052,HOJA BALCON APER.EXT.TS57_LC1++,0
61006010820,TRAVESERO 89mm_LC1++,0
61006010649,ACOPLAMIENTO BAJO PUERTA_LC1++,0
61006010075,PLETINA TRANSM.HOJA 3859_LC1,0
61005U25252,U 25x25x25x2_LBN,0
61005U10201,U 10x20x10x1,5_LBN,0
61005T15151,T 15x1,5_LBN,0
61005M08003,PLETINA 80x3_LBN,0
61005M06003,PLETINA 60x3_LBN,0
61005M04003,PLETINA 40x3mm_LBN,0
61008063621,HOJA TLS110_INOX++,0
61005L50500,ANGULO 50x1,3_LBN,0
61005K50817,TRAVESERO ZOCALO 180mm.CS68_LBN,0
61005I71574,SOPORTE INT.CANAL 36mm_LBN,0
61005I70522,REMATE INF/INT.A OBRA 45mm_LBN,15,86
61005E70575,CANAL DESAG�E RENAC.EXT_LBN,0
61005A80802,CUADRADO 80x2_LBN,0
61005A80402,RECTANGULAR 80x40x2_LBN,0
61005A80401,RECTANGULAR 80x40x1,5_LBN,0
61005A50504,CUADRADO 50x4_LBN,0
61005A50404,RECTANGULAR 50x40x4_LBN,0
61005A25251,CUADRADO 25x1,5_LBN,0
61005A17052,RECTANGULAR 170x50x2,7_LBN,0
61004061064,HOJA CENTRAL CP50_BEB++,0
61005481901,PERF.VENTILACION C/ROTURA_LBN++,0
61005431010,TAPETA CANAL VISION 50_LBN,0
61005424975,GUIA INFERIOR PLEGABLE FD AV40_LBN,0
61005424974,GUIA SUPERIOR PLEGABLE FD AV40_LBN,0
20000RA490,ESCUADRA FIJACION TRAVESA�O_CRUDO,0
61005424959,JUNQUILLO CLIP PTO.REDONDO 9mm_LBN,0
61005424957,TAPETA_LBN,0
61005424954,TAPAJUNTAS REGISTRO 35mm_LBN,0
61005424947,HOJA VENTANA PERIMETRAL_LBN,0
61005424942,REFUERZO VERTICAL HOJAS_LBN,0
61005422107,MONTANTE PRINCIPAL 40x20_LBN,0
08006PO120,PREMARCO OBRA 120mm_LC1,0
61005421530,CANTONERO REDONDO 9538_LBN++,0
61005421225,GRUPO 3 PERFILES BELAQUA_LBN,0
61005421221,COMPENSADOR REGISTRO PARED_LBN,0
61005421123,TAPETA PERFIL 9793/9795_LBN,0
61005421119,SOPORTE CRISTAL I 12395_LBN,0
61005421116,CERCO P/ACRISTALAR 8769_LBN,0
61005421019,JUNQUILLO PTO.R�23mm.CLIP_LBN,0
61005421018,JUNQUILLO PTO.R�15mm.CLIP_LBN,0
61005421017,JUNQUILLO PUNTO R�23mm_LBN,0
61005421016,JUNQUILLO PUNTO R�9mm_LBN,0
61005421009,JUNQUILLO BOCA 32mm.12930_LBN++,0
61005420834,TAPAJUNTAS PUNTO R� 50mm_LBN,0
61005420831,TAPAJUNTAS PUNTO R� 35mm_LBN,6,57
61005420830,TAPAJUNTAS PUNTO R� 85mm_LBN,0
61005420827,TAPABOCAS REGI.PLANO 50824_LBN,0
61005420823,TAPABOCAS REGISTRO 90mm_LBN,0
61005420821,TAPABOCAS REGIS.85 CL14157_LBN,0
810002012,MARCO VENTANA CURVO S40 DM_CSA,0
61005420819,TAPABOCAS REGIS.35 CL50906_LBN,0
61005420810,JUNQUILLO REGISTRO 50674_LBN,0
61005420801,ADAPT.REGI.OTRAS SER.50166_LBN,0
61005420131,TAPABOCAS C/GRAPA G54 1522_LBN++,0
61005420129,PREMARCO 35-A_LBN,0
61005420127,SOPORTE ESTANTES 14118_LBN,0
5001578,UNION MARCOS PLG_LMC,0
5001581,MARCO FIJO RECTO PLG_LMC,0
61005420109,GUIA VITRINA SUPERIOR 8295_LBN,0
61005420108,GUIA VITRINA SUPERIOR 4359_LBN,0
5001574,HOJA PUERTA PLG_LMC,0
61005420106,GUIA VITRINA INFERIOR 8296_LBN,0
61005420105,GUIA VITRINA INFERIOR 4361_LBN,0
61005420104,CARRO VITRINA 3268_LBN,0
61005420102,CARRO VITRINA 835_LBN,0
61005342523,TRANSVERSAL 88,2mm.CW50_LBN,0
37015812,TAPETA MALLORQUINA 40x20_LMC,0
61005341542,PERFIL 341542_LBN,0
61005341540,TAPETA EXT.R� 50mm.CW50_LBN,0
61005341523,TRANSVERSAL 88,2mm.CW50_LBN++,0
61005341522,TRANSVERSAL 67,2mm.CW50_LBN++,0
61005341521,TRANSVERSAL 46,2mm.CW50_LBN++,0
61005341508,MAINEL 188,5mm.CW50_LBN,0
61005341507,MAINEL 167,5mm.CW50_LBN,0
61005341506,MAINEL 146,5mm.CW50_LBN,0
61005341502,MAINEL 83,5mm.CW50_LBN,0
61005340670,TAPETA TRANSVER.INCLINADO_LBN,0
61005340669,SUJECCION TAPETA INCLINADA_LBN,0
61005340638,TAPETA TRANSV.23mm.CW60_LBN,0
501920,REDONDO 20_I245,0
61005340619,COMPENSADOR VIDRIO 18mm_LBN,0
61005340618,REDUCTOR VIDRIO 10mm.CW60_LBN,0
61005340570,TAPETA TRANS.VIERT.CW50_LBN,0
61005340538,TAPETA EXTERIOR 23,5 CW50_LBN,0
61005340537,TAPETA EXTERIOR 18mm.CW50_LBN,6,49
61005340536,TAPETA EXTERIOR 15mm.CW50_LBN,0
61005340526,TAPETA TRANSVER.103,7 CW50_LBN,0
873,ANGULO 70x3_INOX,0
460175174,EMBELLECEDOR CANALON RECOG.AGUAS_LMV,0
61003220249,RECERCO VIDRIO ELIP.RB10_OEB,0
61005303890,JUNQUILLO REVESTIMIENTO CHAPA_LBN,0
61005303877,PROTECTOR INTERIOR MARCO_LBN,0
61005303876,PROTECTOR EXTERIOR MARCO_LBN,0
61005303668,JUNQUILLO SEGURIDAD HOJA 23,2mm_LBN,0
61005303650,JUNQUILLO SEGURIDAD HOJA 20,2mm_LBN,0
61005303648,JUNQUILLO SEGURIDAD HOJA 14,2mm_LBN,0
61005303647,JUNQUILLO SEGURIDAD 11,2mm_LBN,0
61005303633,JUNQUILLO 38,2mm_LBN,0
61005303632,JUNQUILLO FUNCIONAL 32,2mm_LBN,0
61005303631,JUNQUILLO HOJA 32,2mm.CS_LBN,0
61005303630,JUNQUILLO HOJA 29,2mm_LBN,0
61005303629,JUNQUILLO 26,2mm_LBN,0
61005303613,JUNQUILLO CS 29,2mm_LBN,0
61005303612,JUNQUILLO CS 26,2mm_LBN,0
61005303611,JUNQUILLO CS 23,2mm_LBN,0
61005303610,JUNQUILLO CS 20,2mm_LBN,0
61005303609,JUNQUILLO CS 17,2mm_LBN,0
61005303608,JUNQUILLO CS 14,2mm_LBN,0
61000303634,JUNQUILLO 41,2_CSA,0
61005303353,JUNQUILLO R� HOJA 22mm_LBN++,0
61005303340,JUNQUILLO R� MARCO 15mm_LBN,0
61005303297,JUNQU.HOJA ENRASADO 22mm_LBN,0
61005303099,TAPA REFUER.SOBREP.TRANSV_LBN++,0
61005300030,VIERTEAGUAS 82,7mm_LBN,0
61005260119,REMATE VIERTEAG.POLIVALEN_LBN,0
61005250056,JUNQUILLO U 12x12_LBN,0
61005221212,PASAMANOS ACRIS.ELIP.RB10_LBN,0
61005220251,BARROTE HORIZ.REDONDO RB10_LBN,0
61005220250,REMATE VIDRIO RB10_LBN++,0
61005220249,RECERCO VIDRIO ELIP.RB10_LBN,0
61005220242,BARROTE RECTANGULAR RB10_LBN,0
61005220241,BARROTE REDONDO D-22 RB10_LBN,0
61005220235,TAPETA R� REMAT.BAR.RB10_LBN,0
61005220231,REMATE SUP/IN.BA.TROQ.RB10_LBN,0
61005220230,REMATE SUP/INF.BARROT.RB10_LBN,0
61005220221,MONTANTE BARROT.FRONT.RB10_LBN,0
61005220212,PASAMANOS ACRIS.ELIP.RB10_LBN++,0
61005220204,TAPA PASAMANOS R� RB10_LBN,0
61005220203,TAPA PASAMANOS PLANA RB10_LBN,0
61005220202,PASAMANOS ELIPTICO RB10_LBN,0
61005220201,PASAMANOS REDONDO RB10_LBN,0
61005214594,PROTECCION VIDRIO 16mm_LBN,0
61005214592,INTERMEDIO P/CAMARA CS_LBN,0
61005214580,CANAL 75mm_LBN,0
61005214535,MAINEL 18mm.CS_LBN,17,27
61005214534,MAINEL 8mm.CINTRO/VERANDA_LBN,9,23
61005214533,TAPETA 8mm.CS_LBN,7,91
61005214532,MAINEL INTERIOR 25mm.CS_LBN,20,18
61005214531,MAINEL INFERIOR 35mm.CS_LBN,27,95
24000213D001,CHAPA DAMERO 2x1x3+RES_CSA,91,52
99000C450SA,FRESADORA COPIADORA,0
61005214509,BRAZO ROT.MACHO C/GAN.CS_LBN,0
61005214508,BRAZO ROT.MACHO C/BASE CS_LBN,0
61005214505,BRAZO ROTUL.HEMBRA 50mm.CS_LBN,0
61005194947,ZOCALO CENTRAL 200mm.PS50_LBN,0
780023341,ADAPTADOR 3 CARRILES DM_PEB,0
8300030195,ESCUADRA ALINEACION 30x30x3,7 DM,0
8300030635,TOPE ZANCA PUERTA 25x18 DM,0
61009050115,CENTRAL 2 HOJAS CS68_AOC++,0
61005194417,ZOCALO CENTRAL 150mm.PS50_LBN,0
61005171668,HOJA VENTANA TECHO PR200_LBN++,0
61005171665,MARCO VENTANA TECHO PR200_LBN++,0
61005170697,MAINEL LATER.65x125 PR200_LBN++,0
99000TL500A,TRONZADORA AUTOMATICA DE 500,0
99000P3000,PRENSA NEUMATICA CON BASE METALICA,0
61005170693,MAINEL CENT.128x128 PR200_LBN++,0
61005170692,MAINEL 99x125mm.PR200_LBN,0
820082502,HOJA VENTANA 75RT DM_INOX,35,54
840082855,SOLAPE 35mm.DM_INOX,2,76
61005170680,CANAL 114x174mm.PR200_LBN,0
810082824,JUNQUILLO CURVO 25,7 DM_INOX,3,43
61005170650,BAJ.SOP.CANAL 110x66 PR200_LBN++,0
61005170640,REMATE SUP.170mm.PR200_LBN++,0
61005170622,REMATE SUP.110mm.PR200_LBN,0
61005170596,REMATE GOTERON VIDRIO 25mm_LBN,0
61005170595,PERFIL CONDENSACION 32mm_LBN,0
61005170593,REMATE GOTERON VIDRIO 16mm_LBN,0
61005170592,REMATE GOTERON VIDRIO 10mm_LBN,0
61005170120,TAPAJUNTAS CLIP 35,5mm_LBN,0
61005161534,SUPLEMENTO BAJO PTA.CS59_LBN,0
61005160817,ZOCALO TE 151mm.CPS59_LBN++,0
61005160628,ACOPLAM.TE APER.EXT.CS59P_LBN++,0
61005160627,ACOPLAM.TE APER.INT.CS59P_LBN++,0
61005160626,HOJA APER.INT.98mm.CS59P_LBN++,0
61005160625,MARCO 73mm.CS59_LBN++,0
61005160614,HOJA APER.EXT.98mm.CS59P_LBN++,0
61005160591,ACOPLAMIENTO ZOCALO CS59_LBN,0
61005160590,ACOPLAMIENTO HOJA CS59_LBN,0
61005160547,ZOCALO SOPOR.AUTOMATISM0_LBN,0
61005160501,HOJA CENTRO P.AUTOMATICA_LBN,0
61005160192,HOJA BALCONERA 77mm.CS59P_LBN,0
61005160136,MARCO 49mm.CS59P_LBN,0
61005160125,MARCO BALCONERA 71mm.CS59_LBN++,0
61005160114,TE TRANSVERSAL 96mm.CPS59_LBN++,0
61005160106,MARCO VENTANA 49mm.CS59_LBN,0
61005160102,HOJA VENTANA 66mm.CS59-P_LBN,0
61005152041,MARCO VENTANA TAPAJ.AV40_LBN,0
61005151098,COMPENSACION SUP+INF_LBN,0
61005151052,HOJA PUERTA P/R� AV40_LBN,0
61005151051,HOJA VENTANA P/R� AV40_LBN,0
61005151047,ZOCALO BAJO 120mm.AV40_LBN,0
61005151046,ACOPLAMIENTO AV44/AV12680_LBN,0
61005151036,MARCO VENTANA 47,9mm.AV40_LBN,0
61005151029,HOJA EXTERIOR AV40_LBN,0
61005151025,MARCO PUERTA AV40_LBN,0
61005151022,ACOPLAMIEN.PIVOTANTE AV40_LBN,0
61005151021,HOJA PIVOTANTE AV40_LBN,0
61005151017,ZOCALO CENTRAL AV40_LBN,0
61005151015,DOBLE HOJA AV40_LBN,0
61005151012,HOJA PUERTA AV40_LBN,0
61005151002,HOJA VENTANA AV40_LBN,0
61005141651,TAPA MARCO LATERAL ESFERA_LBN++,0
61005141650,VIERTEAGUAS SUPER.ESFERA_LBN,0
61005141649,CARRIL CLIPADO ESFERA_LBN,0
61005141646,MARCO ELIPTICO ESFERA_LBN,0
61005141645,MARCO PERIMETRAL ESFERA_LBN,0
61005141643,CRUCE LARGO ESFERA_LBN,0
61005141642,CRUCE CORTO ESFERA_LBN,0
61005141640,HOJA PERIM.H-18,5mm.ESFERA_LBN,0
61005141638,HOJA ELIPTICA ESFERA 60_LBN,0
61005141392,GUIA MOSQUITERA AV47_LBN,0
61005141390,UNION P/MARCOS AV47_LBN,0
61005141353,MARCO SUPERIOR 40mm.AV47_LBN,0
61005141351,MARCO LATERAL AV47 CPI_LBN,0
61005141350,MARCO INF.CERRADO AV47_LBN,0
61005141349,TRANSFORMAD.CLIM/NOR.AV47_LBN,0
61005141348,CARRO RULE.100mm.CLIM.AV47_LBN,0
61005141345,MARCO FIJO SOLUCION AV47_LBN,0
61005141342,HOJA CENTRAL 24mm.AV47_LBN,0
61005141341,CARRO RULET.60mm.CLIM.AV47_LBN,0
61005141340,HOJA LATERAL 25mm.AV47_LBN,0
61005141325,CARRO RULETA B-10 KOTA6_LBN,0
61005141324,PERFIL TRES HOJAS KOTA6_LBN,0
810002013,MARCO FIJO 60mm.BANDERA S40 DM_CSA,0
61005141320,HOJA LATERAL B-18,7 KOTA6_LBN,0
61005141318,HOJA LATERAL B-10 KOTA6_LBN,0
810002046,INVERSOR RECTO S40 DM_CSA,0
61005141316,HOJA CENTRAL 50 B-10 KOTA6_LBN,0
61005141306,MARCO FIJO SOLUCION KOTA6_LBN,0
810002022,TRAVESA�O VENTANA S40 DM_CSA,0
810002005,HOJA BALCONERA CURVA S40 DM_CSA,0
820002323,TRAVESA�O PUERTA 45RT DM_CSA,0
61005114641,CARRO HUECO 24mm.PP50_LBN,0
61005111746,GUIA TRES CARRILES PP50_LBN++,0
61000070878,CANAL_CSA++,0
61005111648,VIERTEAGUAS PP/TP50_LBN,0
61005111642,CRUCE CENTRAL P/R� PP50_LBN,0
61005111640,HOJA LATERAL P/R� PP50_LBN,0
61005111606,MARCO PERIMET.4 GUIAS PP50_LBN,0
61005110766,UNION CENTRAL 3-4 HOJAS CP45_LBN,0
61005110487,COMPLEMENTO MONORRAIL+FIJO CP45_LBN,0
61005110486,VIERTEAGUAS CP45_LBN,0
61005110461,CARRO RULETAS CP45_LBN,0
61005110451,HOJA RECTA REFORZADA CP45_LBN,0
61005110450,HOJA LATERAL_LBN,0
61005110443,CRUCE FIJO MONORRAIL CP45_LBN,0
61005110441,CRUCE CENTRAL REFORZADO 71,7mm_LBN,0
61005110440,HOJA CRUCE_LBN,0
61005110431,MONORRAIL+FIJO CP45_LBN,0
61005110410,MARCO 2 CARRILES RECTO_LBN,0
61005093127,REMATE PUERTA HOJA C/HOJA TS74_LBN,0
61005083805,PERFIL ANTIBALA_LBN,0
61005083804,PERFIL ANTIBALA_LBN,0
61005083192,HOJA 81mm_LBN,0
61005083136,MARCO VENTANA 51mm.CS77_LBN,0
61005083122,INVERSOR PIVOTANTE CS77_LBN,0
61005083120,TE TRANSVERSAL 89mm.CS77_LBN,0
61005083115,DOBLE HOJA_LBN,0
61005083102,HOJA VENTANA 68mm.CS77_LBN,0
61005071580,CANAL POLIVALEN.124,4x90,4_LBN++,0
61005071574,CANAL DREN.VERAN.90,4x174_LBN++,0
61005071561,SEMIMAI.ARTIC.HEMBRA TR200_LBN++,0
61005071560,SEMIMAI.ARTIC.MACHO TR200_LBN++,0
61005071530,REMATE INF.2 AGUAS 128x133_LBN++,0
61005070770,JUNQUILLO VTA.TECHO 51,1mm_LBN++,0
61005070769,JUNQUILLO VTA.TECHO 41,1mm_LBN++,0
61005070589,COMPLEMEN.CLIP.JUNQ.TR200_LBN++,0
61005070588,JUNQUILLO EXT.30mm.TR200_LBN++,0
37001813,MARCO TROQUELADO MALLORQ.40x20_PMD,0
61005070586,JUNQUILLO EXT.14mm.TR200_LBN++,0
61005070583,ACOP.CANAL ELIP.TR100/200_LBN++,0
61005070582,ACOP.CANAL RENAC.TR100/200_LBN++,0
61005070581,ACOPL.CANAL FUNCIONAL_LBN++,0
73006160628,ACOPLAM.TE APER.EXT.CS-59_LC1,0
61005070578,SOPORT.OBRA MAIN.TR100/200_LBN++,0
61005070576,ACOPLA.CANAL BARROCO PR200_LBN++,0
61005070568,TRANSVERS.HORIZ.TR100/200_LBN++,0
61005070564,PLETINA GRADUABLE 195mm_LBN++,0
61005070563,PLETINA GRADUABLE 135mm_LBN++,0
61005070562,PLETINA GRADUABLE 75mm_LBN++,0
46005CS,COBIJA SUPERIOR_LBN,11,08
46005PS,PERFIL ARRASTRE SUPERIOR_LBN,7,45
61005070557,PERFIL NUDO_LBN++,0
61005070556,PERFIL NUDO_LBN++,0
61005070552,TAPA DRENAJ.VERT.TR100/200_LBN,0
61005070550,ESQUINE.66x112mm.TR100/200_LBN++,0
46005P3,PERFIL 3 CARRILES 66% APERTURA_LBN,29,28
460,PERFILES TECHO C/PANEL AUTOPORTANTE,0
61005070538,REMATE FINAL SOPOR.MAINEL_LBN++,0
61005070537,REMATE EXT.R�VIDRIO TR100_LBN++,0
61005070534,SOPORTE REGULABLE TR200_LBN++,0
61005070531,REMA.SUP/EXT.2 AGUAS TR100_LBN++,0
51000881,RUEDA REGULABLE P/PLG-175,0
4019410,RECTANGULAR 40x10_I245,0
61005070523,REMATE SUP/INF.TR100/200_LBN++,0
61005070522,REMATE SUPER.110mm TR100/2_LBN,0
5001978,UNION MARCOS PLG_I245,0
2401910001,CHAPA 2x1x1 1C P1_I245,0
2100486D,PASAMANO_BEB,0
61005070513,UNION CANAL-CARP.TR100/200_LBN++,0
62001776096,KIT BISAGRAS MARCO/HOJA BALCON_PLATA,0
61001342522,TRANSVERSAL 67,2mm.CW50_PMD,0
61005070506,TAPETA_LBN++,0
13001189,TAPON P/6499_GRIS,0
640000650,MECANISMO INT.P/OSIRIDE 43mm,0
7501716001,HOJA VENTANA CAMARA 16_LMV,0
61005070001,MAINEL 93mm.STAR50_LBN,0
2100864,PASAMANOS RECTANG.60x40_INOX,0
61005062621,HOJA TLS110_LBN++,0
61005062085,CARRO CP50_LBN++,0
61005061741,CRUCE CENTRAL TP50_LBN,0
61000061303,COMPLEMENTO PVC MARCO SUPERIOR++,0
61001303607,JUNQUILLO 11,2mm_PMD,0
61001060342,TAPA HOJA CRUCE CP155_PMD++,0
13005189,TAPON P/6499_BLANCO,0
61005061688,CRUCE CENTRAL TP110_LBN++,0
61005061686,HOJA PERIMETRAL TP110_LBN++,0
61005061685,MARCO PERIM.2 GUIAS TP110_LBN++,0
61005061631,CRUCE REFORZADO TLS110_LBN++,0
61005061630,CRUCE TLS110_LBN++,0
61005061621,HOJA TLS110_LBN++,0
61005061620,HOJA TLS110_LBN++,0
61005061603,GUIA SUPERIOR TLS110_LBN++,0
61005061602,MARCO LATERAL TLS110_LBN++,0
61005061601,GUIA INFER.DOBLE TLS110_LBN++,0
61005061600,GUIA INFER.SIMPLE TLS110_LBN++,0
61005061067,HOJA CENTRAL REFORZADA CP50_LBN++,0
61005061066,HOJA CENTRAL REFORZADA CP50_LBN++,0
61005061064,HOJA CENTRAL CP50_LBN++,0
61005061063,HOJA LATERAL REFORZADA CP50_LBN++,0
61005061061,HOJA LATERAL CP50_LBN++,0
61005061040,VIERTEAGUAS SUPERIOR CP50_LBN++,0
61005061021,MARCO 3 CARRILES CP50_LBN++,0
61005061007,MARCO 2 CARRILES CP50_LBN++,0
61005060342,TAPA HOJA CRUCE CP155_LBN++,0
61005060340,HOJA PERIMETRAL CP155_LBN++,0
61005060306,MARCO LATERAL ELEVABLE CP155_LBN++,0
61005060302,MARCO SUPERIOR ELEVABLE CP155_LBN++,0
61005060300,MARCO INFERIOR ELEVABLE CP155_LBN++,0
61005051443,HOJA 89mm_LBN++,0
61005051249,MARCO 51mm.CS68_LBN++,0
61005051236,MARCO RENACIMI.51mm.CS68_LBN++,0
61005051216,MARCO RENACIMIENTO 64mm.CS68_LBN++,0
61005051034,REMATE BAJO PTA.CEPILLO_LBN++,0
61005051029,ACOPL.MARCO PUERTA_LBN++,0
61005051026,HOJA PUERTA APERT.INTERIOR_LBN++,0
61005051014,HOJA PUERTA AP.EXT.102mm.CS68_LBN++,0
61005050898,MARCO PUERTA APER.INT.CS68_LBN++,0
61005050859,TRANSVERSAL HOJAS 76mm.CS68_LBN++,0
61005050535,ACOP.JUNQU.HOJA OCUL.CS68_LBN++,0
61005050292,HOJA BALCON RENACIMI.81mm_LBN++,0
61005050251,HOJA VENTANA 68mm.CS68_LBN++,0
61005050227,JUNQ.RENACIMI.32,2mm.CS68_LBN++,0
61005050226,JUNQ.RENACIMI.23,2mm.CS68_LBN++,0
61005050221,HOJA BALCON RENACIMIENTO 107mm_LBN++,0
61005050202,HOJA VENTANA RENACIMIENTO 68mm_LBN++,0
61005050192,HOJA VENTANA 81mm CS68_LBN++,0
61005050183,MARCO FUNCIONAL 64mm.CS68_LBN++,0
61005050139,MARCO VENTANA TAPAJUNTAS EXT.CS68_LBN++,0
61005050136,MARCO FUNCIONAL 51mm.CS68_LBN++,0
61005050125,MARCO FUNCIONAL 77mm.CS68_LBN++,0
61005050121,HOJA BALCON 107mm.CS68_LBN++,0
61005050120,TRANSVERSAL 89mm.CS68_LBN++,0
61005050115,CENTRAL 2 HOJAS CS68_LBN++,0
61005050114,TE 102mm.CS68_LBN++,0
61005050113,TE 76mm.CS68_LBN++,0
61005050112,HOJA FUNCIONAL 94mm.CS68_LBN++,0
61005050111,MAINEL INVERTIDO INT.109mm.CS68_LBN++,0
61005050102,HOJA FUNCIONAL 68mm.CS68_LBN++,0
61005050052,HOJA BALCON AP.EXT.CS68_LBN++,0
61005050033,SUPLEM.ZOCALO PTA.CEPILLO_LBN++,0
61005050030,SUPLEMENTO BAJO PUERTA CS68_LBN++,0
61005044951,HOJA VENTANA PUNTO PS50_LBN,0
61005044436,MARCO VENTANA PS50_LBN++,0
61005044413,TRANSVERSAL VENTANA PS50_LBN++,0
61008303630,JUNQUILLO HOJA 29,2mm_INOX,0
643,ANGULO 40x3_LC1,0
62000737260,SOPORTE VIDRIO 20,2mm,0
61005044120,TE MEDIANA 77mm.PS50_LBN++,0
62000535468,TORNILLO AUTORR.6,3x43 INOX,0
61005044110,MAINEL TRANSVERSAL PS50_LBN++,0
61001341550,MONTANTE 135�_PMD,0
200925,CUADRADO 25_AOC,0
61005043364,JUNQUILLO 32mm_LBN++,0
61005043333,JUNQUILLO 18,5mm_LBN++,0
61005043329,JUNQUILLO 22mm_LBN++,0
61005043328,JUNQUILLO 2mm_LBN++,0
61005043327,JUNQUILLO HOJA 15,5mm_LBN++,0
61005043326,JUNQUILLO HOJA 33mm_LBN++,0
61005043308,JUNQUILLO 36mm.TS_LBN++,0
61005043307,JUNQUILLO 4mm_LBN++,0
61005043306,JUNQUILLO 10mm_LBN++,0
61005043305,JUNQUILLO HOJA 22mm_LBN++,0
61005043304,JUNQUILLO HOJA 25,5mm_LBN++,0
61005043149,VIERTEAGUAS INF.CEPILLO PS50_LBN++,0
61005043140,PLETINA TRANSVER.MARCO Y T_LBN++,0
61005043138,SOPORTE INF.CEPILLO PUERTA_LBN++,0
61005021892,HOJA VENTANA 52mm.TS57_LBN++,0
810002808,JUNQUILLO RECTO 17,5 DM_CSA,0
61005021851,HOJA VENTANA ELIPTICA TS57_LBN++,0
61005021850,MARCO ELIPTICO TS57_LBN++,0
61005021825,MARCO PUERTA 76mm.TS57_LBN++,0
61005021141,MARCO TAPAJUNTAS INT.TS57_LBN++,0
61005021136,MARCO VTA.40x20mm.TS57_LBN++,0
61005021122,HOJA PIVOTANTE TS57_LBN++,0
61005021117,ZOCAL.CEN.MARCO 150mm.TS57_LBN++,0
61005021115,DOBLE HOJA VENTANA TS57_LBN++,0
61005021114,TRANSVER.MARCO 93mm.TS57_LBN++,0
61005021113,TRANSVER.MARCO 67mm.TS57_LBN++,0
61005021112,HOJA BALCON 40x40mm.TS57_LBN++,0
61005021102,HOJA VENTANA 40x20mm.TS57_LBN++,0
61005021019,ESQUINERO ANGULO VARIABLE HEMBRA_LBN++,0
61005021018,ESQUINERO ANGULO VARIABLE MACHO_LBN++,0
61005020098,MARCO PUERTA APER.INT.TS57_LBN++,0
61005020069,MARCO PTA.APER.EXT.TS57_LBN++,0
61005020051,HOJA VTA.APER.EXT.TS57_LBN++,0
61005020047,ZOCALO 102x50mm.TS57_LBN++,0
61005020029,SUPLEM.PTA.APER.INT.TS57_LBN++,0
61005020026,HOJA PTA.APE.INT.50mm.TS57_LBN++,0
61005020015,DOBLE HOJA APER.INT.TS57_LBN++,0
61005020014,HOJA PTA.APERTURA EXT.TS57_LBN++,0
61005011698,MARCO AP.INT.CS59_LBN++,0
61005011669,MARCO AP.EXT.CS59_LBN++,0
61005011649,ACOPLAMIENTO BAJO PTA.CS59_LBN++,0
61005011626,HOJA AP.INT.CS59_LBN++,0
61005011614,HOJA AP.EXT.CS59_LBN++,0
61005010649,ACOPLAMIENTO BAJO PUERTA_LBN++,0
61005010599,ANCLAJE HOJA-AUTOMATISMO_LBN++,0
61005010215,ACOP.RENACIMIEN.64mm.CS59_LBN++,0
61005010199,SOPORTE CEPILLO ZOCALO_LBN++,0
61005010171,REMATE PUERTA CEPILLO INF_LBN++,0
61005010075,PLETINA TRANSM.HOJA 3859_LBN,0
61005010071,PERFIL DE SUELO_LBN++,0
61004U20802,U 20x80x20x2_BEB,0
61004I70522,REMATE INF/INT.A OBRA 45mm_BEB,0
61004424959,JUNQUILLO CLIP PTO.REDONDO 9mm_BEB,0
61004424942,REFUERZO VERTICAL HOJAS_BEB,0
61004421123,TAPETA PERFIL 9793/9795_BEB,0
61004421019,JUNQUILLO PTO.R�23mm.CLIP_BEB,0
61004421018,JUNQUILLO PTO.R�15mm.CLIP_BEB,0
61004421017,JUNQUILLO PUNTO R�23mm_BEB,0
61004421016,JUNQUILLO PUNTO R�9mm_BEB,0
61004420834,TAPAJUNTAS PUNTO R� 50mm_BEB,0
61004420821,TAPABOCAS REGIS.85 CL14157_BEB,0
5001583,HOJA PUERTA BOCA 25 PLG_LMC,0
61004420109,GUIA VITRINA SUPERIOR 8295_BEB,0
61004420108,GUIA VITRINA SUPERIOR 4359_BEB,0
37015800AN,ZOCALO PEQUE�O AUTORR_LMC,0
61004420106,GUIA VITRINA INFERIOR 8296_BEB,0
61004420104,CARRO VITRINA 3268_BEB,0
61004303340,JUNQUILLO R� MARCO 15mm_BEB,0
61004303297,JUNQU.HOJA ENRASADO 22mm_BEB,0
61004221210,PASAM.ACRIS.FUNCIONAL RB10_BEB,0
61004220249,RECERCO VIDRIO ELIP.RB10_BEB,0
61004220242,BARROTE RECTANGULAR RB10_BEB,0
61004220240,BARROTE CUADRAD.21x21 RB10_BEB,0
61004220236,TAPETA FUNC.REMAT.BAR.RB10_BEB,0
61004220235,TAPETA R� REMAT.BAR.RB10_BEB,0
61004220230,REMATE SUP/INF.BARROT.RB10_BEB,0
61004220221,MONTANTE BARROT.FRONT.RB10_BEB,0
61004220204,TAPA PASAMANOS R� RB10_BEB,0
61004220203,TAPA PASAMANOS PLANA RB10_BEB,0
61004220202,PASAMANOS ELIPTICO RB10_BEB,0
61004220201,PASAMANOS REDONDO RB10_BEB,0
61004214534,MAINEL 8mm.CINTRO/VERANDA_BEB,0
61004214533,TAPETA 8mm.CS_BEB,0
61004214531,MAINEL INFERIOR 35mm.CS_BEB,0
61004214508,BRAZO ROT.MACHO C/BASE CS_BEB,0
61004214505,BRAZO ROTUL.HEMBRA 50mm.CS_BEB,0
61004170120,TAPAJUNTAS CLIP 35,5mm_BEB,0
61004151052,HOJA PUERTA P/R� AV40_BEB,0
61004151036,MARCO VENTANA 47,9mm.AV40_BEB,0
61004151017,ZOCALO CENTRAL AV40_BEB,0
61004141390,UNION P/MARCOS AV47_BEB,0
61004141363,MARCO FIJO P/R� AV47_BEB,0
61004141357,ACOPLAMIEN.3-4 HOJAS AV47_BEB,0
61004141353,MARCO SUPERIOR 40mm.AV47_BEB,0
61004141351,MARCO LATERAL AV47 CPI_BEB,0
61004141350,MARCO INF.CERRADO AV47_BEB,0
61004141349,TRANSFORMAD.CLIM/NOR.AV47_BEB,0
61004141348,CARRO RULE.100mm.CLIM.AV47_BEB,0
61004141345,MARCO FIJO SOLUCION AV47_BEB,0
61004141342,HOJA CENTRAL 24mm.AV47_BEB,0
61004141341,CARRO RULET.60mm.CLIM.AV47_BEB,0
61004141340,HOJA LATERAL 25mm.AV47_BEB,0
810002014,MARCO PUERTA RECTO S40 DM_CSA,0
810082821,JUNQUILLO GRAPA 14 DM_INOX,2,42
460004000,EMBELLECEDOR CIERRE PANELUX 82mm_CSA,0
61004111642,CRUCE CENTRAL P/R� PP50_BEB,0
2100454,ANCLAJE CRISTAL_BEB,0
400474,RECTANGULAR 70x40_BEB,0
61004070564,PLETINA GRADUABLE 195mm_BEB++,0
61004070563,PLETINA GRADUABLE 135mm_BEB++,0
5001980,UNION 4 HOJAS PLG_I245,0
13006189,TAPON P/6499_NEGRO,0
37006812,TAPETA MALLORQUINA 40x20_LC1,0
80013379,LAMA RIBIER_PMD,0
61001303627,JUNQUILLO 20,2mm_PMD,0
61001060340,HOJA PERIMETRAL CP155_PMD++,0
61004061631,CRUCE REFORZADO TLS110_BEB++,0
61004061621,HOJA TLS110_BEB++,0
61004043329,JUNQUILLO 22mm_BEB++,0
61004043138,SOPORTE INF.CEPILLO PUERTA_BEB++,0
61004021136,MARCO VTA.40x20mm.TS57_BEB++,0
61004020051,HOJA VTA.APER.EXT.TS57_BEB++,0
61003420109,GUIA VITRINA SUPERIOR 8295_OEB,0
61003420108,GUIA VITRINA SUPERIOR 4359_OEB,0
61003420106,GUIA VITRINA INFERIOR 8296_OEB,0
61003420105,GUIA VITRINA INFERIOR 4361_OEB,0
61003420104,CARRO VITRINA 3268_OEB,0
61003420102,CARRO VITRINA 835_OEB,0
61003141649,CARRIL CLIPADO ESFERA_OEB,0
61003062621,HOJA TLS110_OEB++,0
61003043329,JUNQUILLO 22mm_OEB++,0
61002U15301,U 15x30x15x1,5_PEB,0
61002T40402,T 40x2_PEB,0
61002M08003,PLETINA 80x3_PEB,0
61002M06005,PLETINA 60x5_PEB,0
61002M06003,PLETINA 60x3_PEB,0
61002I70522,REMATE INF/INT.A OBRA 45mm_PEB,0
61002A80802,CUADRADO 80x2_PEB,0
62006726406,TERMINAL PERF.SOP.PLAST.NEGRO_COLOR,0
61002424942,REFUERZO VERTICAL HOJAS_PEB,0
61002421505,ESQUINERO 150� 8273_PEB,0
61002421018,JUNQUILLO PTO.R�15mm.CLIP_PEB,0
810052133,HOJA PUERTA EXT.93mm.CURVA S45 DM_LBN,0
61002421009,JUNQUILLO BOCA 32mm.12930_PEB++,0
61002420834,TAPAJUNTAS PUNTO R� 50mm_PEB,0
61002420831,TAPAJUNTAS PUNTO R� 35mm_PEB,0
61002420827,TAPABOCAS REGI.PLANO 50824_PEB,0
61002420127,SOPORTE ESTANTES 14118_PEB,0
61002420109,GUIA VITRINA SUPERIOR 8295_PEB,0
61002420108,GUIA VITRINA SUPERIOR 4359_PEB,0
61002420106,GUIA VITRINA INFERIOR 8296_PEB,0
61002420105,GUIA VITRINA INFERIOR 4361_PEB,0
61002420104,CARRO VITRINA 3268_PEB,0
61002420102,CARRO VITRINA 835_PEB,0
61002342535,SUJECCION TAPETA HORIZONTAL_PEB,0
61002342522,TRANSVERSAL 67,2mm.CW50_PEB,0
61002341508,MAINEL 188,5mm.CW50_PEB,0
61002341504,MAINEL REFOR.104,5mm.CW50_PEB,0
61002340638,TAPETA TRANSV.23mm.CW60_PEB,0
61002340635,SUJECCION TAPETA CW60_PEB,0
61002340543,TAPETA ELIP.SEMIMAIN.CW50_PEB,0
61002340536,TAPETA EXTERIOR 15mm.CW50_PEB,0
61002340110,PERFIL UNION_PEB,0
61002303649,JUNQUILLO SEGURIDAD_PEB,0
61002303630,JUNQUILLO HOJA 29,2mm_PEB,0
61002303615,JUNQUILLO CS 35,2mm_PEB,0
61002303614,JUNQUILLO CS 32,2mm_PEB,0
61002303613,JUNQUILLO CS 29,2mm_PEB,0
61002303610,JUNQUILLO CS 20,2mm_PEB,0
61002303609,JUNQUILLO CS 17,2mm_PEB,0
61002263159,VIERTEAGUAS INF.235mm_PEB,0
61002263144,VIERTEAGUAS INF.88,5mm_PEB,0
61002221220,MONTANTE BARROTE LAT.RB10_PEB,0
61002220249,RECERCO VIDRIO ELIP.RB10_PEB,0
61002220242,BARROTE RECTANGULAR RB10_PEB,0
61002220241,BARROTE REDONDO D-22 RB10_PEB,0
61002220236,TAPETA FUNC.REMAT.BAR.RB10_PEB,0
61002220235,TAPETA R� REMAT.BAR.RB10_PEB,0
61002220231,REMATE SUP/IN.BA.TROQ.RB10_PEB,0
61002220230,REMATE SUP/INF.BARROT.RB10_PEB,0
61002220221,MONTANTE BARROT.FRONT.RB10_PEB,0
61002220204,TAPA PASAMANOS R� RB10_PEB,0
61002220203,TAPA PASAMANOS PLANA RB10_PEB,0
61002220202,PASAMANOS ELIPTICO RB10_PEB,0
61002220201,PASAMANOS REDONDO RB10_PEB,0
61002214533,TAPETA 8mm.CS_PEB,0
61002214531,MAINEL INFERIOR 35mm.CS_PEB,0
34019245,MOSQUITERA DISE�O_I245,0
8300030200,ESCUADRA ALINEACION 30x30x0,8 DM,0
8300031041,JUNTA BATIENTE EXT/INT DM,0
5001880,UNION 4 HOJAS PLG_LMCC,0
61002170593,REMATE GOTERON VIDRIO 16mm_PEB,0
61002160817,ZOCALO TE 151mm.CPS59_PEB++,0
61002160628,ACOPLAM.TE APER.EXT.CS59P_PEB++,0
61002160627,ACOPLAM.TE APER.INT.CS59P_PEB++,0
61002160626,HOJA APER.INT.98mm.CS59P_PEB++,0
61002160625,MARCO 73mm.CS59_PEB++,0
61002160614,HOJA APER.EXT.98mm.CS59P_PEB++,0
61002160518,PERFIL DE SELLADO_PEB,0
61002160517,PERFIL AUXILIAR PROTECCION DED_PEB,0
61002160512,HOJA PUERTA VAIVEN_PEB,0
61002160510,MARCO CON PROTECCION DEDOS_PEB,0
61002160501,HOJA CENTRO P.AUTOMATICA_PEB,0
61002160136,MARCO 49mm.CS59P_PEB,0
61002160114,TE TRANSVERSAL 96mm.CPS59_PEB++,0
61002160113,TRAVESERO 74mm_PEB,0
61002160106,MARCO VENTANA 49mm.CS59_PEB,0
61002151052,HOJA PUERTA P/R� AV40_PEB,0
61002151051,HOJA VENTANA P/R� AV40_PEB,0
61002151047,ZOCALO BAJO 120mm.AV40_PEB,0
61002151046,ACOPLAMIENTO AV44/AV12680_PEB++,0
61002151036,MARCO VENTANA 47,9mm.AV40_PEB,0
61002151029,HOJA EXTERIOR AV40_PEB,0
61002151025,MARCO PUERTA AV40_PEB,0
61002151022,ACOPLAMIEN.PIVOTANTE AV40_PEB,0
61002151021,HOJA PIVOTANTE AV40_PEB,0
61002151012,HOJA PUERTA AV40_PEB,0
61002151002,HOJA VENTANA AV40_PEB,0
61002151000,MAINEL TRANSVERSAL AV40_PEB,0
61002141649,CARRIL CLIPADO ESFERA_PEB,0
20008AD1770,TAPON CURVO IZQU_INOX,0
61002141390,UNION P/MARCOS AV47_PEB,0
61002141353,MARCO SUPERIOR 40mm.AV47_PEB,0
61002141351,MARCO LATERAL AV47 CPI_PEB,0
61002141350,MARCO INF.CERRADO AV47_PEB,0
61002141345,MARCO FIJO SOLUCION AV47_PEB,0
61002141342,HOJA CENTRAL 24mm.AV47_PEB,0
61002141341,CARRO RULET.60mm.CLIM.AV47_PEB,0
61002141340,HOJA LATERAL 25mm.AV47_PEB,0
61002141325,CARRO RULETA B-10 KOTA6_PEB,0
61002141318,HOJA LATERAL B-10 KOTA6_PEB,0
61002141316,HOJA CENTRAL 50 B-10 KOTA6_PEB,0
61002141308,MARCO FIJO P/R� KOTA6_PEB,0
810002026,TRAVESA�O PUERTA S40 DM_CSA,0
650043814,FORRAMARCO 45mm.DISE�O_BEB++,0
820002316,INVERSOR RECTO 45RT DM_CSA,0
61000110833,ENCUENTRO CENTRAL REFORZADO_CSA,0
61000381001,LAMINA 140mm_CSA,0
61002111648,VIERTEAGUAS PP/TP50_PEB++,0
400574,RECTANGULAR 70x40_LBN,0
61012111730,HOJA CRUCE_LC4,0
61012110461,CARRO RULETAS CP45_LC4,0
61002111642,CRUCE CENTRAL P/R� PP50_PEB,0
61002110486,VIERTEAGUAS CP45_PEB,0
61002110461,CARRO RULETAS CP45_PEB,0
61002110450,HOJA LATERAL_PEB,0
61002110441,CRUCE CENTRAL REFORZADO 71,7mm_PEB,0
61002110440,HOJA CRUCE_PEB,0
61002110410,MARCO 2 CARRILES RECTO_PEB,0
61002071575,CANAL DESAG�E RENAC.TR100/200_PEB++,0
61002071574,CANAL DREN.VERAN.90,4x174_PEB++,0
61002071530,REMATE INF.2 AGUAS 128x133_PEB++,0
61002070564,PLETINA GRADUABLE 195mm_PEB++,0
61002070563,PLETINA GRADUABLE 135mm_PEB++,0
61002070562,PLETINA GRADUABLE 75mm_PEB++,0
61002070552,TAPA DRENAJ.VERT.TR100/200_PEB,0
61002070531,REMA.SUP/EXT.2 AGUAS TR100_PEB++,0
110194012,SEPAR.CRISTAL CLIM.4000_I245,0
61002070523,REMATE SUP/INF.TR100/200_PEB++,0
61002062621,HOJA TLS110_PEB++,0
61002062085,CARRO CP50_PEB++,0
61002061698,TAPA MARCO TP110_PEB++,0
61002061688,CRUCE CENTRAL TP110_PEB++,0
61002061686,HOJA PERIMETRAL TP110_PEB++,0
61002061685,MARCO PERIM.2 GUIAS TP110_PEB++,0
61002061683,MARCO PERIMETRAL C/FIJO_PEB++,0
61002061630,CRUCE TLS110_PEB++,0
61002061603,GUIA SUPERIOR TLS110_PEB++,0
61002061602,MARCO LATERAL TLS110_PEB++,0
61002061601,GUIA INFER.DOBLE TLS110_PEB++,0
61002061069,CRUCE PARED 22,4mm_PEB++,0
61002061066,HOJA CENTRAL REFORZADA CP50_PEB++,0
61002061064,HOJA CENTRAL CP50_PEB++,0
61002061062,HOJA LATERAL REFORZADA CP50_PEB++,0
61002061061,HOJA LATERAL CP50_PEB++,0
61002061052,PERFIL ENCUENTRO 3-4 HOJAS_PEB++,0
61002061023,MARCO RECTO TRES CARRILES_PEB++,0
61002061015,MARCO RECTO CP50_PEB++,0
61002061007,MARCO 2 CARRILES CP50_PEB++,0
61002051837,MAINEL UNION MARCOS 117,8mm_PEB++,0
61002051236,MARCO RENACIMI.51mm.CS68_PEB++,0
61002051220,TRAVESERO 89mm_PEB++,0
61002051034,REMATE BAJO PTA.CEPILLO_PEB++,0
61002050292,HOJA BALCON RENACIMI.81mm_PEB++,0
61002050227,JUNQ.RENACIMI.32,2mm.CS68_PEB++,0
61002050226,JUNQ.RENACIMI.23,2mm.CS68_PEB++,0
61002050221,HOJA BALCON RENACIMIENTO 107mm_PEB++,0
61002050192,HOJA VENTANA 81mm CS68_PEB++,0
61002050136,MARCO FUNCIONAL 51mm.CS68_PEB++,0
61002050125,MARCO FUNCIONAL 77mm.CS68_PEB++,0
61002050121,HOJA BALCON 107mm.CS68_PEB++,0
61002050115,CENTRAL 2 HOJAS CS68_PEB++,0
61002044110,MAINEL TRANSVERSAL PS50_PEB++,0
240063125101,CHAPA 3x1,25x1,5 2C P1_LC1,0
61002043364,JUNQUILLO 32mm_PEB++,0
61002043333,JUNQUILLO 18,5mm_PEB++,0
61002043329,JUNQUILLO 22mm_PEB++,0
61002043328,JUNQUILLO 2mm_PEB++,0
61002043326,JUNQUILLO HOJA 33mm_PEB++,0
61002043306,JUNQUILLO 10mm_PEB++,0
61002043305,JUNQUILLO HOJA 22mm_PEB++,0
61002021136,MARCO VTA.40x20mm.TS57_PEB++,0
61002021115,DOBLE HOJA VENTANA TS57_PEB++,0
61002021114,TRANSVER.MARCO 93mm.TS57_PEB++,0
61002021113,TRANSVER.MARCO 67mm.TS57_PEB++,0
61002021112,HOJA BALCON 40x40mm.TS57_PEB++,0
61002021102,HOJA VENTANA 40x20mm.TS57_PEB++,0
61002021019,ESQUINERO ANGULO VARIABLE HEMBRA_PEB++,0
61002021018,ESQUINERO ANGULO VARIABLE MACHO_PEB++,0
61002020052,HOJA BALCON APER.EXT.TS57_PEB++,0
61002010649,ACOPLAMIENTO BAJO PUERTA_PEB++,0
61002010215,ACOP.RENACIMIEN.64mm.CS59_PEB++,0
61002010171,REMATE PUERTA CEPILLO INF_PEB++,0
61002010075,PLETINA TRANSM.HOJA 3859_PEB,0
61012063621,HOJA TLS110_LC4++,0
61001431038,TAPETA CLIPADA PP50_PMD,0
810052141,MARCO VENTANA RECTO S45 DM_LBN,0
61001421009,JUNQUILLO BOCA 32mm.12930_PMD++,0
61001420909,MAINEL DOBLE GUIA 8058_PMD,0
61001420831,TAPAJUNTAS PUNTO R� 35mm_PMD,0
61001420830,TAPAJUNTAS PUNTO R� 85mm_PMD,0
61001420827,TAPABOCAS REGI.PLANO 50824_PMD,0
61001420819,TAPABOCAS REGIS.35 CL50906_PMD,0
5001572,HOJA VENTANA CLIM.PLG_LMC,0
61001420109,GUIA VITRINA SUPERIOR 8295_PMD,0
61001420108,GUIA VITRINA SUPERIOR 4359_PMD,0
61001420105,GUIA VITRINA INFERIOR 4361_PMD,0
61001420104,CARRO VITRINA 3268_PMD,0
61001420102,CARRO VITRINA 835_PMD,0
61001381006,LAMINA 400mm_PMD,0
61001380160,VARILLA DE UNION_PMD,0
61001380120,PIEZA DISTANCIADORA_PMD,0
61001380106,SOPORTE_PMD,0
61001342535,SUJECCION TAPETA HORIZONTAL_PMD,0
61001342528,TRANSVERSAL 204,35mm.CW50_PMD,0
61001342527,TRAVESERO 172,2mm_PMD,0
61001342526,TRAVESERO 151,2mm_PMD,0
61001342525,TRANSVERSAL 130,2mm.CW50_PMD,0
61001342523,TRANSVERSAL 88,2mm.CW50_PMD,0
61001342521,TRANSVERSAL 46,2mm.CW50_PMD,0
61001342520,TRAVESERO 34,85mm_PMD,0
61001342120,PERFIL HOJA_PMD,0
61001341523,TRANSVERSAL 88,2mm.CW50_PMD++,0
61001341521,TRANSVERSAL 46,2mm.CW50_PMD++,0
61001341508,MAINEL 188,5mm.CW50_PMD,0
61001341507,MAINEL 167,5mm.CW50_PMD,0
61001341506,MAINEL 146,5mm.CW50_PMD,0
61001341505,MAINEL 125,5mm.CW50_PMD,0
61001341504,MAINEL REFOR.104,5mm.CW50_PMD,0
61001341503,MAINEL 104,5mm.CW50_PMD,0
61001341121,MARCO PROYEC.SEMIEST.CW50_PMD,0
61001340559,TAPETA 15mm_PMD,0
61001340558,TAPETA 13mm_PMD,0
61001340557,PLETINA PRESION HORIZONTAL_PMD,0
61001340556,PLETINA PRESION VERTICAL_PMD,0
61001340543,TAPETA ELIP.SEMIMAIN.CW50_PMD,0
61001340538,TAPETA EXTERIOR 23,5 CW50_PMD,0
61001340537,TAPETA EXTERIOR 18mm.CW50_PMD,0
61001340536,TAPETA EXTERIOR 15mm.CW50_PMD,0
61009341121,MARCO PROYEC.SEMIEST.CW50_AOC,0
61001340191,TAPETA MAINEL ACOPLAMIENTO_PMD,0
61001340190,MAINEL ACOPL.A ESTRUCTURA_PMD,0
460075174,EMBELLECEDOR CANALON RECOG.AGUAS_LMD,9,26
61001303632,JUNQUILLO FUNCIONAL 32,2mm_PMD,0
61001303628,JUNQUILLO HOJAS 23,2mm.CS_PMD,0
61001303612,JUNQUILLO CS 26,2mm_PMD,0
61001303608,JUNQUILLO CS 14,2mm_PMD,0
61001220235,TAPETA R� REMAT.BAR.RB10_PMD,0
61001220231,REMATE SUP/IN.BA.TROQ.RB10_PMD,0
61001214533,TAPETA 8mm.CS_PMD,8,3
61001214531,MAINEL INFERIOR 35mm.CS_PMD,0
3401922,MOSQUITERA GRANDE 60_I245,0
61001194847,ZOCALO BAJO 125mm.PS50_PMD,0
61001194825,MARCO BALCONERA 72mm.PS50_PMD,0
61001194814,HOJA PUERTA APER.EXT.PS50_PMD,0
61001194800,TRANSVERSAL 93mm.PS50_PMD,0
11007FM4032,FORRAMARCO 40x32 P/CAJON_LMD,0
61001194417,ZOCALO CENTRAL 150mm.PS50_PMD,0
99000TM3,TOPE CON CAMINO RODILLOS,0
37008814,MARCO 65mm.MALLORQUINA_INOX,0
61001170640,REMATE SUP.170mm.PR200_PMD++,0
61001152041,MARCO VENTANA TAPAJ.AV40_PMD,0
61001151052,HOJA PUERTA P/R� AV40_PMD,0
61001151047,ZOCALO BAJO 120mm.AV40_PMD,0
61001151036,MARCO VENTANA 47,9mm.AV40_PMD,0
61001151029,HOJA EXTERIOR AV40_PMD,0
61001151025,MARCO PUERTA AV40_PMD,0
61001151022,ACOPLAMIEN.PIVOTANTE AV40_PMD,0
61001151021,HOJA PIVOTANTE AV40_PMD,0
61001151017,ZOCALO CENTRAL AV40_PMD,0
61001151015,DOBLE HOJA AV40_PMD,0
61001151012,HOJA PUERTA AV40_PMD,0
61001151002,HOJA VENTANA AV40_PMD,0
61001141649,CARRIL CLIPADO ESFERA_PMD,0
61001141353,MARCO SUPERIOR 40mm.AV47_PMD,0
61001141350,MARCO INF.CERRADO AV47_PMD,0
820002305,HOJA PUERTA CURVA 45RT DM_CSA,0
61001114749,CRUCE MONOGUIA PP50_PMD,0
61001114641,CARRO HUECO 24mm.PP50_PMD,0
61001111747,MARCO MONORAIL PP50_PMD,0
61001111648,VIERTEAGUAS PP/TP50_PMD,0
61001111645,MARCO PERIMET.CERRADO PP50_PMD,0
61001111643,CRUCE CENT.REFOR.P/R� PP50_PMD,0
61001111642,CRUCE CENTRAL P/R� PP50_PMD,0
61001111640,HOJA LATERAL P/R� PP50_PMD,0
24000212D001,CHAPA DAMERO 2x1x2+RES_CSA,63,35
61001070578,SOPORT.OBRA MAIN.TR100/200_PMD++,0
61001070562,PLETINA GRADUABLE 75mm_PMD++,0
61001070125,JUNQUILLO 19,3mm_PMD++,0
61004061007,MARCO 2 CARRILES CP50_BEB++,0
61004061061,HOJA LATERAL CP50_BEB++,0
61001070051,MODULO HOJA-FIJO STAR50_PMD,0
7501716002,MARCO VENTANA CAMARA 16_LMV,0
80003379,LAMA RIBIER_CSA,0
61001062621,HOJA TLS110_PMD++,0
61001062085,CARRO CP50_PMD++,0
61001061076,RIEL ALUMINIO CP50_PMD,0
61001051122,ACOPLAMIENTO PIVOTANTE CS68_PMD++,0
61001050192,HOJA VENTANA 81mm CS68_PMD++,0
61001050136,MARCO FUNCIONAL 51mm.CS68_PMD++,0
61001050120,TRANSVERSAL 89mm.CS68_PMD++,0
61001050115,CENTRAL 2 HOJAS CS68_PMD++,0
61001050114,TE 102mm.CS68_PMD++,0
61001050102,HOJA FUNCIONAL 68mm.CS68_PMD++,0
61001044951,HOJA VENTANA PUNTO PS50_PMD++,0
61001044819,INVERSOR MARCO PUERTA PS50_PMD++,0
61001044436,MARCO VENTANA PS50_PMD++,0
61001044413,TRANSVERSAL VENTANA PS50_PMD++,0
61001044402,HOJA VENTANA PS50_PMD,0
61001044193,HOJA BALCONERA PS50_PMD,0
61001044180,MARCO ESPECIAL DILAT.PS50_PMD,0
201250,CUADRADO 50_LC4,0
61001044129,HOJA PTA AP.EXT.REFOR.PS50_PMD++,0
61001044128,HOJA PTA AP.INT.REFOR.PS50_PMD,0
61001044115,DOBLE HOJA PS50_PMD++,0
37005811,MARCO MALLORQUINA 40x20_LBN,5,77
770056500,BASTIDOR SOLUXE_LBN,0
61001044001,INVERSOR MARCO BALCON PS50_PMD,0
61001043827,ACOPLAMIENTO PUERTA PS50_PMD,0
61001043364,JUNQUILLO 32mm_PMD++,0
61001043327,JUNQUILLO HOJA 15,5mm_PMD++,0
61001043326,JUNQUILLO HOJA 33mm_PMD++,0
61001043305,JUNQUILLO HOJA 22mm_PMD++,0
61001043304,JUNQUILLO HOJA 25,5mm_PMD++,0
61001043161,TAPETA MARCO 50mm.PS50_PMD++,0
61001043140,PLETINA TRANSVER.MARCO Y T_PMD++,0
61001043138,SOPORTE INF.CEPILLO PUERTA_PMD++,0
61001011649,ACOPLAMIENTO BAJO PTA.CS59_PMD++,0
61001010171,REMATE PUERTA CEPILLO INF_PMD++,0
61001010075,PLETINA TRANSM.HOJA 3859_PMD,0
61000U20802,U 20x80x20x2_CSA,0
61000T15151,T 15x1,5_CSA,0
61000M17015,PLETINA 170x15_CSA,0
61000M08003,PLETINA 80x3_CSA,0
61000M06005,PLETINA 60x5_CSA,0
61000M06003,PLETINA 60x3_CSA,0
61000M05015,PLETINA 50x15_CSA,0
61000063621,HOJA TLS110_CSA++,0
61000M03005,PLETINA 30x5_CSA,0
61000M01505,PLETINA 15x5_CSA++,0
61000M01005,PLETINA 5x10_CSA,0
61000L40200,ANGULO 40x20x1,3_CSA,0
61000L35351,ANGULO 35x1,5_CSA,0
61000L30300,ANGULO 30x1_CSA,0
61000L20200,ANGULO 20x1_CSA,0
61000K50817,TRAVESERO ZOCALO 180mm.CS68_CSA,0
61000I71574,SOPORTE INT.CANAL 36mm_CSA,0
61000I70522,REMATE INF/INT.A OBRA 45mm_CSA,0
61000E70575,CANAL DESAG�E RENAC.EXT_CSA,0
61000A80802,CUADRADO 80x2_CSA,0
61000A80402,RECTANGULAR 80x40x2_CSA,0
61000A80401,RECTANGULAR 80x40x1,5_CSA,0
61000A80252,RECTANGULAR 80x25x2,5_CSA,0
61000A60400,RECTANGULAR 60x40x1,3_CSA,0
61000A50504,CUADRADO 50x4_CSA,0
61000A50501,CUADRADO 50x1,5_CSA,0
61000A50404,RECTANGULAR 50x40x4_CSA,0
61000A40400,CUADRADO 40x1,3_CSA,0
61000A25251,CUADRADO 25x1,5_CSA,0
61000A20101,RECTANGULAR 20x10x1,3_CSA,0
61000A17052,RECTANGULAR 170x50x2,7_CSA,0
61000A12063,RECTANGULAR 120x60x3_CSA,0
61000A12041,RECTANGULAR 120x40x1,5_CSA,0
61000A10041,RECTANGULAR 100x40x1,5_CSA,0
61000A10012,CUADRADO 100x2_CSA,0
61000910071,PERFIL DE SUELO_AOC++,0
61004062085,CARRO CP50_BEB++,0
61000776835,JUNQUILLO PVC CLIPAJE,0
61000776249,GUIA INOX.PEQUE�A,0
61001342524,TRAVESERO 109,2mm_PMD,0
61000650028,PERFIL TOPE PUERTA_LC1++,0
61000640525,TOPE UNION ANG.VARIABLE_CSA,0
61004420827,TAPABOCAS REGI.PLANO 50824_BEB,0
61000431038,TAPETA CLIPADA PP50_CSA,0
61000431010,TAPETA CANAL VISION 50_CSA,0
61000424992,JUNQUILLO 50mm.CS68_CSA,0
61000424975,GUIA INFERIOR PLEGABLE FD AV40_CSA,0
61000424974,GUIA SUPERIOR PLEGABLE FD AV40_CSA,0
61000424963,COMPENSADOR REGUL.35,5mm_CSA,0
61000424959,JUNQUILLO CLIP PTO.REDONDO 9mm_CSA,0
61000424957,TAPETA_CSA,0
61000424954,TAPAJUNTAS REGISTRO 35mm_CSA,0
61000424947,HOJA VENTANA PERIMETRAL_CSA,0
61000424942,REFUERZO VERTICAL HOJAS_CSA,0
61000422107,MONTANTE PRINCIPAL 40x20_CSA,0
810002025,ZANCA PUNTA REDONDA 84mm.S40 DM_CSA,0
61000421546,UNION MARCO 3798_CSA,0
61000421530,CANTONERO REDONDO 9538_CSA,0
61000421505,ESQUINERO 150� 8273_CSA,0
50015170,MARCO PERIMETRAL DISE�O PLG_LMC,0
61000421221,COMPENSADOR REGISTRO PARED_CSA,0
61000421123,TAPETA PERFIL 9793/9795_CSA,0
61000421122,SOPORTE SUPERIOR PASAMANOS 9792_CSA,0
61000421120,SOPORTE INFERIOR 9793_CSA,0
61000421119,SOPORTE CRISTAL I 12395_CSA,0
61000421116,CERCO P/ACRISTALAR 8769_CSA,0
61000421108,PASAMANOS 75mm.P/CRISTAL 12394_CSA++,0
61000421019,JUNQUILLO PTO.R�23mm.CLIP_CSA,0
61000421018,JUNQUILLO PTO.R�15mm.CLIP_CSA,0
61000421017,JUNQUILLO PUNTO R�23mm_CSA,0
61000421016,JUNQUILLO PUNTO R�9mm_CSA,0
61000421009,JUNQUILLO BOCA 32mm.12930_CSA++,0
61000420909,MAINEL DOBLE GUIA 8058_CSA,0
61000420834,TAPAJUNTAS PUNTO R� 50mm_CSA,0
61000420833,UNION ESP.ESFERA_CSA,0
61000420831,TAPAJUNTAS PUNTO R� 35mm_CSA,0
61000420830,TAPAJUNTAS PUNTO R� 85mm_CSA,0
61000420827,TAPABOCAS REGI.PLANO 50824_CSA,0
61000420823,TAPABOCAS REGISTRO 90mm_CSA,0
61000420821,TAPABOCAS REGIS.85 CL14157_CSA,0
810052901,HOJA PUERTA APERT.INT.S45 DM_LBN,0
61000420819,TAPABOCAS REGIS.35 CL50906_CSA,0
61000420813,TAPABOCAS 12118_CSA,0
61000420810,JUNQUILLO REGISTRO 50674_CSA,0
61000420801,ADAPT.REGI.OTRAS SER.50166_CSA,0
61000420131,TAPABOCAS C/GRAPA G54 1522_CSA,0
61000420129,PREMARCO 35-A_CSA,0
61000420127,SOPORTE ESTANTES 14118_CSA,0
5001579,MARCO FIJO CURVO PLG_LMC,0
5001571,HOJA VENTANA PLG_LMC,0
61000420109,GUIA VITRINA SUPERIOR 8295_CSA,0
61000420108,GUIA VITRINA SUPERIOR 4359_CSA,0
3701581,LAMA FIJA MALLORQUINA_LMC,0
61000420106,GUIA VITRINA INFERIOR 8296_CSA,0
61000420105,GUIA VITRINA INFERIOR 4361_CSA,0
61000420104,CARRO VITRINA 3268_CSA,0
61000420102,CARRO VITRINA 835_CSA,0
61000381006,LAMINA 400mm_CSA,0
61000381003,LAMINA 200mm_CSA,0
61000380215,MONTAJE PASARELA_CSA,0
61000380160,VARILLA DE UNION_CSA,0
61000380120,PIEZA DISTANCIADORA_CSA,0
61000380106,SOPORTE_CSA,0
61000350104,PERFIL BASE CLIPAJE_CSA,0
61000343634,PLETINA PRESION VERTICAL_CSA,0
61000343599,REFUERZO INT.340508XX CW50_CSA,0
61000343597,REFUERZO MAINEL 125,9x44mm_CSA,0
61000343595,REFUERZO MAINEL 83,7x44mm_CSA,0
61000343594,REFUERZO MAINEL 65x45,6mm.CW50_CSA,0
61000343016,SUJETA TAPETA ANGULAR 120� CW50_CSA,0
37015811,MARCO MALLORQUINA 40x20_LMC,0
61000342571,SUJECCION TAPETA INCLINADA_CSA,0
61000342535,SUJECCION TAPETA HORIZONTAL_CSA,0
61000342534,SUJECCION TAPETA VERTICAL_CSA,8,25
61000342528,TRANSVERSAL 204,35mm.CW50_CSA,0
61000342527,TRAVESERO 172,2mm_CSA,0
61000342526,TRAVESERO 151,2mm_CSA,0
61000342525,TRANSVERSAL 130,2mm.CW50_CSA,0
61000342524,TRAVESERO 109,2mm_CSA,0
61000342523,TRANSVERSAL 88,2mm.CW50_CSA,0
61000342522,TRANSVERSAL 67,2mm.CW50_CSA,0
61000342521,TRANSVERSAL 46,2mm.CW50_CSA,0
61000342520,TRAVESERO 34,85mm_CSA,0
61000342120,PERFIL HOJA_CSA,0
61000342027,COMPEN.ANGULAR MAINEL 120� CW50_CSA,0
61000342014,TAPETA ANGULAR 44x85mm.CW50_CSA,0
37015813,MARCO TROQUELADO MALLORQ.40x20_LMC,0
61000341625,TRAVESERO 141,35mm_CSA,0
37015815,LAMA TUBULAR FIJA 140mm.MALLORQ_LMC,0
61000341560,MAINEL ESQ.63,5x63,5 CW50_CSA,0
240011C40101,CHAPA PERF.2x1x1 C�40 2C_P.MATE,0
61000341540,TAPETA EXT.R� 50mm.CW50_CSA,0
61000341535,SUJ.TAPETA HORI.MECA.CW50_CSA++,0
61000341534,SUJ.TAPETA VERT.MECA.CW50_CSA++,0
61000341529,TRANSVERSAL 4,7mm.CW50_CSA++,0
61000341523,TRANSVERSAL 88,2mm.CW50_CSA++,0
61000341522,TRANSVERSAL 67,2mm.CW50_CSA++,0
61000341521,TRANSVERSAL 46,2mm.CW50_CSA++,0
61000341520,TRANSVERSAL 23,7mm.CW50_CSA++,0
61000341508,MAINEL 188,5mm.CW50_CSA,0
61000341507,MAINEL 167,5mm.CW50_CSA,0
61000341506,MAINEL 146,5mm.CW50_CSA,0
61000341505,MAINEL 125,5mm.CW50_CSA,0
61000341504,MAINEL REFOR.104,5mm.CW50_CSA,0
61000341503,MAINEL 104,5mm.CW50_CSA,0
61000341502,MAINEL 83,5mm.CW50_CSA,0
61000341501,MAINEL 62,5mm.CW50_CSA,0
61000341123,PERFIL PVC SOPORTE GOMA 8090,0
61000341121,MARCO PROYEC.SEMIEST.CW50_CSA,0
61000341109,PERFIL UNION_CSA,0
61000341106,PERFIL UNION 163mm_CSA,0
401982,RECTANGULAR 80x20_I245,0
66000122514,ESCUADRA GRADUABLE PT-50,0
61000341060,TAPETA EXT.TORNILLO VISTO CW50_CSA,0
61000341013,PLETINA PRESION LIMA 165�_CSA,0
61000340696,PERFIL DILATAC.340603 CW60_CSA++,0
61000340681,GOTERON INT.PVC VIDRIO 13-18mm,0
61000340680,GOTERON INT.PVC VIDRIO 6-12mm,0
401992,RECTANGULAR 100x20_I245,0
61000340670,TAPETA TRANSVER.INCLINADO_CSA,0
61000340669,SUJECCION TAPETA INCLINADA_CSA,0
61000340638,TAPETA TRANSV.23mm.CW60_CSA,0
61000340635,SUJECCION TAPETA CW60_CSA,0
44019141,TAPAJUNTAS 40mm.P/GUIA LG_I245,0
61000340619,COMPENSADOR VIDRIO 18mm_CSA,0
61000340618,REDUCTOR VIDRIO 10mm.CW60_CSA,0
61000340617,REDUCTOR VIDRIO 6mm_CSA,0
4401950,TAPAJUNTAS 85mm.LG_I245,0
201940,CUADRADO 40_I245,0
1701902,MARCO 40x20_I245,0
17019306,JUNQUILLO H-9,5mm_I245,0
61000340589,COMPENSACION VIDRIO PVC,0
61000340570,TAPETA TRANS.VIERT.CW50_CSA,0
20000AD1785,"ESCUADRA REG.PERFIL""U""INCORPORADO_CRUDO",0
61000340559,TAPETA 15mm_CSA,0
61000340558,TAPETA 13mm_CSA,0
61000340557,PLETINA PRESION HORIZONTAL_CSA,0
61000340556,PLETINA PRESION VERTICAL_CSA,0
61000340543,TAPETA ELIP.SEMIMAIN.CW50_CSA,0
61000340542,TAPETA N.EXT.REDONDA 30,7 CW50_CSA,0
61000340538,TAPETA EXTERIOR 23,5 CW50_CSA,0
61000340537,TAPETA EXTERIOR 18mm.CW50_CSA,0
61000340536,TAPETA EXTERIOR 15mm.CW50_CSA,0
61009341122,HOJA VENTANA PROYECT.C/COMPAS SG_AOC,0
61000340526,TAPETA TRANSVER.103,7 CW50_CSA,0
61008083120,TE TRANSVERSAL 89mm.CS77_INOX,0
61008083122,INVERSOR PIVOTANTE CS77_INOX,0
460175103B,U CANALON RECOGIDA DE AGUAS_LMV,0
61000340517,REDUCTOR DE VIDRIO 5,2mm_CSA,0
62006215850,CLIP HL 60mm_NEGRO,0
62001737315,TERMINAL TAPETA 340543XX CW50_PLATA,0
58004421540,PLETINA CREMONA_BEB,0
61000340307,MONTANTE 167,5 mm.CW50-SL_CSA,0
61000340191,TAPETA MAINEL ACOPLAMIENTO_CSA,0
61000340190,MAINEL ACOPL.A ESTRUCTURA_CSA,0
61000340182,PERFIL DE SELLADO SC 34,3mm_CSA,0
61000340181,PERFIL CLIP P/SC 16,3mm++,0
61000340138,PLETINA SUJECCION CW50-SC/SG_CSA,0
61000340135,COMPENSACION STAR50_CSA,0
61000340130,PLETINA SUJEC.CRISTAL CW50_CSA,0
61000340123,PERFIL PVC SOPORTE GOMA 8090++,0
61000340122,HOJA PROYECT.SEMIEST.CW50_CSA++,0
61000340121,MARCO PROYEC.SEMIEST.CW50_CSA++,0
61000340119,HOJA SC_CSA,0
61000340118,MARCO FIJO CW50-SC_CSA,0
61000340111,COMPLEMENTO PARED CW50-SC_CSA,0
61000340110,PERFIL UNION_CSA,0
61000340081,TOPE UNION 157mm.CW50_CSA,0
61000340080,TOPE UNION 93mm.CW50_CSA,0
61000340074,SUPLEMENTO 28,2mm.CW50 PVC,0
61000340072,PERFIL AISL.TERMICO 20,2mm.PVC,0
61000340071,PERFIL AISL.TERMICO 16,2mm.PVC,0
61000340070,PERFIL AISL.TERMICO 12,2mm.PVC,0
2100186D,PASAMANO_PMD,0
460075103B,U CANALON RECOGIDA DE AGUAS_LMD,17,29
61007424959,JUNQUILLO CLIP PTO.REDONDO 9mm_LMD++,0
61000340010,TAPETA EXTERIOR 170 GRA.CW50_CSA,0
61000303890,JUNQUILLO REVESTIMIENTO CHAPA_CSA,0
61000303877,PROTECTOR INTERIOR MARCO_CSA,0
61000303876,PROTECTOR EXTERIOR MARCO_CSA,0
61000303717,JUNQUILLO 23,2mm_CSA,0
61000303707,JUNQUILLO 14,2mm_CSA,0
61000303668,JUNQUILLO SEGURIDAD HOJA 23,2mm_CSA,0
61000303665,JUNQUILLO SEGURIDAD HOJAS 14,2mm_CSA,0
61000303650,JUNQUILLO SEGURIDAD HOJA 20,2mm_CSA,0
61000303649,JUNQUILLO SEGURIDAD_CSA,0
61000303648,JUNQUILLO SEGURIDAD HOJA 14,2mm_CSA,0
61000303647,JUNQUILLO SEGURIDAD 11,2mm_CSA,0
61000303645,JUNQUILLO SEGURIDAD 5,2mm_CSA,0
61000303633,JUNQUILLO 38,2mm_CSA,0
61000303632,JUNQUILLO FUNCIONAL 32,2mm_CSA,0
61000303631,JUNQUILLO HOJA 32,2mm.CS_CSA,0
61000303630,JUNQUILLO HOJA 29,2mm_CSA,0
61000303629,JUNQUILLO 26,2mm_CSA,0
61000303628,JUNQUILLO HOJAS 23,2mm.CS_CSA,0
61000303615,JUNQUILLO CS 35,2mm_CSA,0
61000303614,JUNQUILLO CS 32,2mm_CSA,0
61000303613,JUNQUILLO CS 29,2mm_CSA,0
61000303612,JUNQUILLO CS 26,2mm_CSA,0
61000303611,JUNQUILLO CS 23,2mm_CSA,0
61000303610,JUNQUILLO CS 20,2mm_CSA,0
61000303609,JUNQUILLO CS 17,2mm_CSA,0
61000303608,JUNQUILLO CS 14,2mm_CSA,0
61012303634,JUNQUILLO 41,2_LC4,0
61000303353,JUNQUILLO R� HOJA 22mm_CSA++,0
61000303340,JUNQUILLO R� MARCO 15mm_CSA,0
61000303297,JUNQU.HOJA ENRASADO 22mm_CSA,0
61012340517,REDUCTOR DE VIDRIO 5,2mm_LC4,0
1780,ANGULO 80_LMV,0
24019312101,CHAPA 3x1,25x1,2 2C P1_I245,0
61007421016,JUNQUILLO PUNTO R�9mm_LMD++,0
780003341,ADAPTADOR 3 CARRILES DM_CSA,0
61000303119,VIERTEAGUAS PUNTO REDONDO_CSA,0
61000303099,TAPA REFUER.SOBREP.TRANSV_CSA++,0
61000301098,REFUERZO INTERIOR 5mm_CSA++,0
61000301097,REFUERZO INTERIOR_CSA,0
61000300139,UNION MARCOS 16x11 CS68_CSA,0
61000300138,UNION MARCOS 17x8,2_CSA,0
61000300032,PERFIL CONDENSACION 122,7mm_CSA,0
61000300030,VIERTEAGUAS 82,7mm_CSA,0
61000300019,VIERTEAGUAS_CSA,0
61000263159,VIERTEAGUAS INF.235mm_CSA,0
61000263158,VIERTEAGUAS INF.194mm_CSA,0
61000263144,VIERTEAGUAS INF.88,5mm_CSA,0
61000260119,REMATE VIERTEAG.POLIVALEN_CSA,0
61000250056,JUNQUILLO U 12x12_CSA,0
61000223038,U PVC MARCO 2 GUIAS TP110,0
61000221220,MONTANTE BARROTE LAT.RB10_CSA,0
61000221212,PASAMANOS ACRIS.ELIP.RB10_CSA,0
61000221210,PASAM.ACRIS.FUNCIONAL RB10_CSA,0
61000220251,BARROTE HORIZ.REDONDO RB10_CSA,0
61000220250,REMATE VIDRIO RB10_CSA++,0
61000220249,RECERCO VIDRIO ELIP.RB10_CSA,0
61000220242,BARROTE RECTANGULAR RB10_CSA,0
61000220241,BARROTE REDONDO D-22 RB10_CSA,0
61000220240,BARROTE CUADRAD.21x21 RB10_CSA,0
61000220236,TAPETA FUNC.REMAT.BAR.RB10_CSA,0
61000220235,TAPETA R� REMAT.BAR.RB10_CSA,0
61000220231,REMATE SUP/IN.BA.TROQ.RB10_CSA,0
61000220230,REMATE SUP/INF.BARROT.RB10_CSA,0
61000220225,MONTANTE REFORZADO RB10_CSA,0
61000220221,MONTANTE BARROT.FRONT.RB10_CSA,0
61000220212,PASAMANOS ACRIS.ELIP.RB10_CSA++,0
61000220204,TAPA PASAMANOS R� RB10_CSA,0
61000220203,TAPA PASAMANOS PLANA RB10_CSA,0
61000220202,PASAMANOS ELIPTICO RB10_CSA,0
61000220201,PASAMANOS REDONDO RB10_CSA,0
61000220200,PASAMANOS FUNCIONAL RB10_CSA,0
61000214594,PROTECCION VIDRIO 16mm_CSA,0
61000214592,INTERMEDIO P/CAMARA CS_CSA,0
61000214580,CANAL 75mm_CSA,0
61000214535,MAINEL 18mm.CS_CSA,0
61000214534,MAINEL 8mm.CINTRO/VERANDA_CSA,0
61000214533,TAPETA 8mm.CS_CSA,0
61000214532,MAINEL INTERIOR 25mm.CS_CSA,0
61000214531,MAINEL INFERIOR 35mm.CS_CSA,0
24000253D001,CHAPA DAMERO 2,5x1,25x3+RES_CSA,142,96
99000RAFRECR,RETESTADORA DE ANGULO VARIABLE,0
61000214509,BRAZO ROT.MACHO C/GAN.CS_CSA,0
61000214508,BRAZO ROT.MACHO C/BASE CS_CSA,0
61000214505,BRAZO ROTUL.HEMBRA 50mm.CS_CSA,0
61000194947,ZOCALO CENTRAL 200mm.PS50_CSA,0
61000194904,TAPA CANAL CLIP_CSA,0
2100764,PASAMANOS RECTANG.60x40_LMD,0
8300030180,ESCUADRA TETON 24x14 DM++,0
11008FM4032,FORRAMARCO 40x32 P/CAJON_INOX,0
8300031052,JUNTA CENTRAL DM,0
61000340086,SOPORTE VIDRIO 36,5mm_CSA,0
11002FM4032,FORRAMARCO 40x32 P/CAJON_PEB,0
2300625N,PIE BARANDILLA 30x30_NEGRO,0
61000194417,ZOCALO CENTRAL 150mm.PS50_CSA,0
61000171668,HOJA VENTANA TECHO PR200_CSA++,0
61000171665,MARCO VENTANA TECHO PR200_CSA++,0
61000170697,MAINEL LATER.65x125 PR200_CSA++,0
61000170695,MAINEL LATERAL 90mm.PR200_CSA,0
61000170694,MAINEL LATER.51x125 PR200_CSA,0
61000170693,MAINEL CENT.128x128 PR200_CSA,0
61000170692,MAINEL 99x125mm.PR200_CSA++,0
61000170691,MAINEL 90mm.PR200_CSA,0
61000170690,MAINEL 90mm.PR200_CSA,0
61000170680,CANAL 114x174mm.PR200_CSA++,0
810082825,JUNQUILLO GRAPA 25,7 DM_INOX,2,7
61000170650,BAJ.SOP.CANAL 110x66 PR200_CSA++,0
61000170640,REMATE SUP.170mm.PR200_CSA++,0
61000170622,REMATE SUP.110mm.PR200_CSA,0
61000170596,REMATE GOTERON VIDRIO 25mm_CSA,0
61000170595,PERFIL CONDENSACION 32mm_CSA,0
61000170593,REMATE GOTERON VIDRIO 16mm_CSA,0
61000170592,REMATE GOTERON VIDRIO 10mm_CSA,0
61000170235,VIERTEAGUAS CLIPADO 45mm_CSA,0
61000170233,VIERTEAGUAS DECORADO CLIPADO 80mm_CSA,0
61000170214,REMATE INT/EXT.107x35mm.PP50_CSA,0
61000170205,VIERTEAGUAS CLIP 130mm_CSA,0
61000170198,VIERTEAGUAS CLIP 60mm_CSA,0
61000170197,VIERT.FINAL 19,4mm.PP50_CSA,0
61000170131,TAPAJUNTAS CLIPADO CANAL 35,7mm_CSA,0
61000170120,TAPAJUNTAS CLIP 35,5mm_CSA,0
61000170077,TAPAJUNTAS CLIP 55,3mm_CSA,0
61000161534,SUPLEMENTO BAJO PTA.CS59_CSA,0
61000160817,ZOCALO TE 151mm.CPS59_CSA++,0
61000160636,MARCO 51mm.CS59_CSA,0
61000160628,ACOPLAM.TE APER.EXT.CS59P_CSA++,0
61000160627,ACOPLAM.TE APER.INT.CS59P_CSA++,0
61000160626,HOJA APER.INT.98mm.CS59P_CSA++,0
61000160625,MARCO 73mm.CS59_CSA++,0
61000160614,HOJA APER.EXT.98mm.CS59P_CSA++,0
61000160591,ACOPLAMIENTO ZOCALO CS59_CSA,0
61000160590,ACOPLAMIENTO HOJA CS59_CSA,0
61000160547,ZOCALO SOPOR.AUTOMATISM0_CSA,0
61000160518,PERFIL DE SELLADO_CSA,0
61000160517,PERFIL AUXILIAR PROTECCION DED_CSA,0
61000160512,HOJA PUERTA VAIVEN_CSA,0
61000160510,MARCO CON PROTECCION DEDOS_CSA,0
61000160501,HOJA CENTRO P.AUTOMATICA_CSA,0
61000160192,HOJA BALCONERA 77mm.CS59P_CSA,0
61000160143,PERFIL Z_CSA,0
61000160136,MARCO 49mm.CS59P_CSA,0
61000160132,PERFIL CASRONERO 90�_CSA,0
61000160125,MARCO BALCONERA 71mm.CS59_CSA++,0
61000160120,TE TRANSVERSAL 85mm.CPS59_CSA,0
61000160115,PERFIL DOBLE HOJA_CSA,0
61000160114,TE TRANSVERSAL 96mm.CPS59_CSA++,0
61000160113,TRAVESERO 74mm_CSA,0
61000160106,MARCO VENTANA 49mm.CS59_CSA,0
61000160104,MARCO PARA TUBO RED.50mm CSA,0
61000160102,HOJA 66mm_CSA,0
61000152041,MARCO VENTANA TAPAJ.AV40_CSA,0
61000151209,ACOPLAM.REDUCTOR 24-12mm.MEDAS 3_CSA++,0
61000151208,TRANS.HORIZONTAL 60x24mm.MEDAS 3_CSA++,0
61000151204,HOJA PRACTICABLE 69,5mm.MEDAS 3_CSA++,0
61000151201,MARCO PRACTICABLE MEDAS 3_CSA,0
61000151195,COMPENSADOR SUP+INF.MEDAS_CSA++,0
61000151191,TRANSVERSAL VERTICAL 60mm_CSA,0
61000151189,ZOCALO 120mm_CSA++,0
61000151098,COMPENSACION SUP+INF_CSA,0
61000151052,HOJA PUERTA P/R� AV40_CSA,0
61000151051,HOJA VENTANA P/R� AV40_CSA,0
61000151047,ZOCALO BAJO 120mm.AV40_CSA,0
61000151046,ACOPLAMIENTO AV44/AV12680_CSA++,0
61000151039,MARCO TAPABOCAS EXTERIOR 50301_CSA++,0
61000151036,MARCO VENTANA 47,9mm.AV40_CSA,0
61000151029,HOJA EXTERIOR AV40_CSA,0
61000151025,MARCO PUERTA AV40_CSA,0
61000151022,ACOPLAMIEN.PIVOTANTE AV40_CSA,0
61000151021,HOJA PIVOTANTE AV40_CSA,0
61000151017,ZOCALO CENTRAL AV40_CSA,0
61000151015,DOBLE HOJA AV40_CSA,0
61000151012,HOJA PUERTA AV40_CSA,0
61000151002,HOJA VENTANA AV40_CSA,0
61000151000,MAINEL TRANSVERSAL AV40_CSA,0
61000141652,HOJA ESFERA REFORZADA H-25_CSA,0
61000141651,TAPA MARCO LATERAL ESFERA_CSA,0
61000141650,VIERTEAGUAS SUPER.ESFERA_CSA++,0
61000141649,CARRIL CLIPADO ESFERA_CSA,0
61000141648,CARRIL TRES GUIAS ESFERA_CSA,0
61000141646,MARCO ELIPTICO ESFERA_CSA,0
61000141645,MARCO PERIMETRAL ESFERA_CSA,0
61000141644,ACOPLAM.3-4 HOJAS ESFERA_CSA,0
61000141643,CRUCE LARGO ESFERA_CSA++,0
61000141642,CRUCE CORTO ESFERA_CSA,0
61000141640,HOJA PERIM.H-18,5mm.ESFERA_CSA,0
61000071820,UNION A PARED_CSA++,0
61000141392,GUIA MOSQUITERA AV47_CSA,0
61000141391,HOJA MOSQUITERA AV47_CSA,0
61000141390,UNION P/MARCOS AV47_CSA,0
61000141363,MARCO FIJO P/R� AV47_CSA,0
61000141357,ACOPLAMIEN.3-4 HOJAS AV47_CSA,0
61000141353,MARCO SUPERIOR 40mm.AV47_CSA,0
61000141351,MARCO LATERAL AV47 CPI_CSA,0
61000141350,MARCO INF.CERRADO AV47_CSA,0
61000141349,TRANSFORMAD.CLIM/NOR.AV47_CSA,0
61000141348,CARRO RULE.100mm.CLIM.AV47_CSA,0
61000141345,MARCO FIJO SOLUCION AV47_CSA,0
61000141342,HOJA CENTRAL 24mm.AV47_CSA,0
61000141341,CARRO RULET.60mm.CLIM.AV47_CSA,0
61000141340,HOJA LATERAL 25mm.AV47_CSA,0
61000141325,CARRO RULETA B-10 KOTA6_CSA,0
61000141324,PERFIL TRES HOJAS KOTA6_CSA,0
61000141321,CARRO RULETA B-18,7 KOTA6_CSA,0
810002042,HOJA VENTANA 68mm.CURVA S40 DM_CSA,0
61000141318,HOJA LATERAL B-10 KOTA6_CSA,0
810002047,INVERSOR CURVO S40 DM_CSA,0
61000141316,HOJA CENTRAL 50 B-10 KOTA6_CSA,0
61000141308,MARCO FIJO P/R� KOTA6_CSA,0
61000141307,UNION MARCOS KOTA6_CSA,0
61000141306,MARCO FIJO SOLUCION KOTA6_CSA,0
810002024,ZOCALO CENTRAL S40 DM_CSA,0
810002011,MARCO VENTANA RECTO S40 DM_CSA,0
820002303,HOJA GENERAL RECTA 45RT DM_CSA,0
61000114749,CRUCE MONOGUIA PP50_CSA++,0
61000114644,TRANSVERSAL 55mm.PP50_CSA,0
61000114641,CARRO HUECO 24mm.PP50_CSA++,0
61000114631,GUIA INFERIOR INOX.CORREDERAS++,0
61000111747,MARCO MONORAIL PP50_CSA++,0
61000111746,GUIA TRES CARRILES PP50_CSA++,0
61000070896,ELEVACION CANAL_CSA++,0
61000111648,VIERTEAGUAS PP/TP50_CSA,0
61012110410,MARCO 2 CARRILES RECTO_LC4,0
61000111645,MARCO PERIMET.CERRADO PP50_CSA++,0
61000111643,CRUCE CENT.REFOR.P/R� PP50_CSA++,0
61000111642,CRUCE CENTRAL P/R� PP50_CSA,0
61000111640,HOJA LATERAL P/R� PP50_CSA++,0
61000111606,MARCO PERIMET.4 GUIAS PP50_CSA++,0
61000110766,UNION CENTRAL 3-4 HOJAS CP45_CSA,0
61000110746,HOJA LATERAL ELIPTICA_CSA,0
61000110487,COMPLEMENTO MONORRAIL+FIJO CP45_CSA,0
61000110486,VIERTEAGUAS CP45_CSA,0
61000110461,CARRO RULETAS CP45_CSA,0
61000110460,TRANSVERSAL HOJA_CSA,0
61000110451,HOJA RECTA REFORZADA CP45_CSA,0
61000110450,HOJA LATERAL_CSA,0
61000110443,CRUCE FIJO MONORRAIL CP45_CSA,0
61000110442,CRUCE RECTO REFORZADO_CSA,0
61000110441,CRUCE CENTRAL REFORZADO 71,7mm_CSA,0
61000110440,HOJA CRUCE_CSA,0
61000110431,MONORRAIL+FIJO CP45_CSA,0
61000110412,MARCO 4 CARRILES RECTO_CSA,0
61000110410,MARCO 2 CARRILES RECTO_CSA,0
61000093127,REMATE PUERTA HOJA C/HOJA TS74_CSA,5,54
61000083805,PERFIL ANTIBALA_CSA,0
61000083804,PERFIL ANTIBALA_CSA,0
61000083536,MARCO 76mm_CSA++,0
61000083505,TRAVESERO 126mm_CSA++,0
61000083443,PERFIL Z_CSA,0
61000083192,HOJA 81mm_CSA,0
61000083141,MARCO CON JUNTA TOPE Z_CSA,0
61000083136,MARCO VENTANA 51mm.CS77_CSA,0
61000083132,PERFIL CANTONERO 90�_CSA,0
61000083125,MARCO 77mm_CSA,0
61000083123,TRAVESERO 115mm_CSA,0
61000083122,INVERSOR PIVOTANTE CS77_CSA,0
61000083121,HOJA 107mm_CSA,0
61000083120,TE TRANSVERSAL 89mm.CS77_CSA,0
61000083115,DOBLE HOJA_CSA,0
61000083112,HOJA 94mm_CSA,0
61000083102,HOJA VENTANA 68mm.CS77_CSA,0
61000082504,HOJA_CSA,0
61000082500,HOJA_CSA,0
61000071580,CANAL POLIVALEN.124,4x90,4_CSA++,0
61000071575,CANAL DESAG�E RENAC.TR100/200_CSA++,0
61000071574,CANAL DREN.VERAN.90,4x174_CSA++,0
61000071561,SEMIMAI.ARTIC.HEMBRA TR200_CSA++,0
61000071560,SEMIMAI.ARTIC.MACHO TR200_CSA++,0
61000071530,REMATE INF.2 AGUAS 128x133_CSA++,0
20006AD1747,PEANA PASANTE 40x20_NEGRO,0
61000070770,JUNQUILLO VTA.TECHO 51,1mm_CSA++,0
61000070769,JUNQUILLO VTA.TECHO 41,1mm_CSA++,0
61000070598,COMP.VIDRIO PVC VARIABLE++,0
61000070589,COMPLEMEN.CLIP.JUNQ.TR200_CSA++,0
61000070588,JUNQUILLO EXT.30mm.TR200_CSA++,0
61000070587,JUNQUILLO EXT.14mm.TR200_CSA++,0
61000070586,JUNQUILLO EXT.14mm.TR200_CSA++,0
61000070583,ACOP.CANAL ELIP.TR100/200_CSA++,0
61000070582,ACOP.CANAL RENAC.TR100/200_CSA++,0
61000070581,ACOPL.CANAL FUNCIONAL_CSA++,0
73006160114,TE TRANSVERSAL 96mm.CS-59_LC1,0
61000070579,FIJACION PVC CANAL TR100/200++,0
61000070578,SOPORT.OBRA MAIN.TR100/200_CSA++,0
61000070576,ACOPLA.CANAL BARROCO PR200_CSA++,0
61000070568,TRANSVERS.HORIZ.TR100/200_CSA++,0
61000070564,PLETINA GRADUABLE 195mm_CSA++,0
61000070563,PLETINA GRADUABLE 135mm_CSA++,0
61000070562,PLETINA GRADUABLE 75mm_CSA++,0
71006303099,TAPA REFUERZO SOBREP.TRANSV_LC1,0
46005PI,PERFIL ARRASTRE INFERIOR_LBN,6,62
61000070557,PERFIL NUDO_CSA++,0
61000070556,PERFIL NUDO_CSA++,0
61000070552,TAPA DRENAJ.VERT.TR100/200_CSA,0
61000070550,ESQUINE.66x112mm.TR100/200_CSA++,0
47000TDP,TERMINAL DESLIZANTE POLIESTER,0
140,MECANISMOS TIM,0
61000070538,REMATE FINAL SOPOR.MAINEL_CSA++,0
61000070537,REMATE EXT.R�VIDRIO TR100_CSA++,0
61000070534,SOPORTE REGULABLE TR200_CSA++,0
61000070531,REMA.SUP/EXT.2 AGUAS TR100_CSA++,0
61000070525,REMATE DECO.INT.67mm.TR100_CSA++,0
37006815,LAMA TUBULAR FIJA 140mm.MALLORQ_LC1,0
61000070523,REMATE SUP/INF.TR100/200_CSA++,0
4401960,TAPAJUNTAS 40mm.LG_I245,0
301930,PLETINA 30x4_I245,0
2401910101,CHAPA 2x1x1 2C P1_I245,0
61000070513,UNION CANAL-CARP.TR100/200_CSA++,0
62001776094,KIT BISAGRAS C/RODAMIENTO BALCON_PLATA,0
61001341502,MAINEL 83,5mm.CW50_PMD,0
61000070506,TAPETA_CSA++,0
61001341116,SOPORTE VIDRIO SEMIESTRUC_PMD,0
301525,PLETINA 25x4_LMC,0
61000070125,JUNQUILLO 19,3mm_CSA++,0
61002342523,TRANSVERSAL 88,2mm.CW50_PEB,0
61001341560,MAINEL ESQ.63,5x63,5 CW50_PMD,0
61012303644,JUNQUILLO 2,2mm_LC4,0
61012030447,MARCO 54mm_LC4++,0
61012043309,JUNQUILLO 15mm_LC4++,0
301940,PLETINA 40x4_I245,0
62005776079,KIT BISAGRA EXTERIOR HOJA B_BLANCO,0
61000062621,HOJA TLS110_CSA++,0
61000062086,TRAVESERO HOJA_CSA++,0
61000062085,CARRO CP50_CSA++,0
61000061742,CRUCE CENTRAL HPVC TP50++,0
61000061698,TAPA MARCO TP110_CSA++,0
61000061697,ACOPL.CENTRAL 3-4 H.TP110_CSA++,0
61000061695,AISLAMIENTO PVC MARCO TLS110++,0
61000061689,PERFIL CENTRAL_CSA++,0
61000061688,CRUCE CENTRAL TP110_CSA++,0
61000061687,HOJA 96,8mm_CSA++,0
61000061686,HOJA PERIMETRAL TP110_CSA++,0
61000061685,MARCO PERIM.2 GUIAS TP110_CSA++,0
61000061683,MARCO PERIMETRAL C/FIJO_CSA++,0
61000061631,CRUCE REFORZADO TLS110_CSA,0
61000061630,CRUCE TLS110_CSA++,0
61000061621,HOJA TLS110_CSA++,0
61000061620,HOJA TLS110_CSA++,0
61000061615,TRANSVERSAL TLS110_CSA++,0
61000061603,GUIA SUPERIOR TLS110_CSA++,0
61000061602,MARCO LATERAL TLS110_CSA++,0
61000061601,GUIA INFER.DOBLE TLS110_CSA++,0
61000061600,GUIA INFER.SIMPLE TLS110_CSA++,0
61000061301,COMPLEMENTO PVC MARCO INFERIOR++,0
61000061099,COMPLEMENTO PVC HOJA CENTRAL++,0
61000061075,RIEL ACERO INOX.CP50++,0
61000061069,CRUCE PARED 22,4mm_CSA++,0
61000061067,HOJA CENTRAL REFORZADA CP50_CSA++,0
61000061066,HOJA CENTRAL REFORZADA CP50_CSA++,0
61000061065,HOJA CENTRAL REFORZADA CP50_CSA++,0
61000061064,HOJA CENTRAL CP50_CSA++,0
61000061063,HOJA LATERAL REFORZADA CP50_CSA++,0
61000061062,HOJA LATERAL REFORZADA CP50_CSA++,0
61000061061,HOJA LATERAL CP50_CSA++,0
61000061052,PERFIL ENCUENTRO 3-4 HOJAS_CSA++,0
61000061051,ACOPLAMIENTO PVC 3-4 HOJAS++,0
61000061050,TAPA CANAL MARCO PVC CP50++,0
61000061040,VIERTEAGUAS SUPERIOR CP50_CSA++,0
61000061023,MARCO RECTO TRES CARRILES_CSA++,0
61000061021,MARCO 3 CARRILES CP50_CSA++,0
61000061015,MARCO RECTO CP50_CSA++,0
61000061009,MARCO 2 CARRILES ELIPTICOS_CSA++,0
61000061007,MARCO 2 CARRILES CP50_CSA++,0
61000060406,MARCO 3-GUIAS_CSA++,0
61000060402,MARCO 3-GUIAS_CSA++,0
61000060400,MARCO 3-GUIAS_CSA++,0
61000060363,PERFIL CENTRAL_CSA++,0
61000060362,PERFIL TAPETA MARCO_CSA++,0
61000060345,CENTRAL 4 HOJAS CP155_CSA++,0
61000060342,TAPA HOJA CRUCE CP155_CSA++,0
61000060341,COMPLEMENTO CRUCE PVC CP155++,0
61000060340,HOJA PERIMETRAL CP155_CSA++,0
61000060326,MARCO LATERAL MONORAIL_CSA++,0
61000060324,MARCO LATERAL MONORAIL_CSA++,0
61000060322,MARCO MONORAIL_CSA++,0
61000060320,MARCO MONORAIL_CSA++,0
61000060306,MARCO LATERAL ELEVABLE CP155_CSA++,0
61000060305,COMPLEMENTO PVC MARCO LATERAL++,0
61000060303,COMPLEMENTO PVC MARCO SUPERIOR++,0
61000060302,MARCO SUPERIOR ELEVABLE CP155_CSA++,0
61000060301,COMPLEMENTO PVC MARCO INFERIOR++,0
61000060300,MARCO INFERIOR ELEVABLE CP155_CSA++,0
61000052504,HOJA OCULTA JUNQ.EXT.CS68_CSA++,0
61000052503,HOJA OCULTA JUNQ.EXT.(22,7mm)CS68_CSA++,0
61000052499,HOJA_CSA++,0
61000051871,TOPE C/ROTURA P/PUERTA_CSA++,0
61000051837,MAINEL UNION MARCOS 117,8mm_CSA,0
61000051533,JUNQUILLO 2,2mm_CSA++,0
61000051504,HOJA OCUL.JUN.EX.30,7 CS68_CSA++,0
61000051502,HOJA OCUL.JUN.EX.14,7 CS68_CSA++,0
61000051492,HOJA 89MM_CSA++,0
61000051443,HOJA 89mm_CSA++,0
61000051436,MARCO 51MM_CSA++,0
61000051249,MARCO 51mm.CS68_CSA++,0
61000051236,MARCO RENACIMI.51mm.CS68_CSA++,0
61000051220,TRAVESERO 89mm_CSA++,0
61000051216,MARCO RENACIMIENTO 64mm.CS68_CSA++,0
61000051132,ESQUINERO 64x64mm.CS68_CSA++,0
61000051122,ACOPLAMIENTO PIVOTANTE CS68_CSA++,0
61000051034,REMATE BAJO PTA.CEPILLO_CSA++,0
61000051029,ACOPL.MARCO PUERTA_CSA++,0
61000051026,HOJA PUERTA APERT.INTERIOR_CSA++,0
61000051014,HOJA PUERTA AP.EXT.102mm.CS68_CSA++,0
61000050898,MARCO PUERTA APER.INT.CS68_CSA,0
61000050859,TRANSVERSAL HOJAS 76mm.CS68_CSA++,0
61000050583,MARCO HOJA OCULTA 89mm.CS68_CSA++,0
61000050536,MARCO HOJA OCULTA CS68_CSA++,0
61000050535,ACOP.JUNQU.HOJA OCUL.CS68_CSA++,0
61000050533,JUNQU.EXT.HOJA OCULTA CS68_CSA++,0
61000050515,ACOPL.CENT.DOBLE HOJA OCUL_CSA++,0
61000050513,TE HOJA OCULTA 101mm.CS68_CSA++,0
61000050506,TRANS.HOJA OCULTA 152mm.CS68_CSA++,0
61000050505,TRAVESERO 126mm_CSA++,0
61000050448,MARCO 64mm_CSA++,0
61000050292,HOJA BALCON RENACIMI.81mm_CSA++,0
61000050251,HOJA VENTANA 68mm.CS68_CSA++,0
61000050227,JUNQ.RENACIMI.32,2mm.CS68_CSA++,0
61000050226,JUNQ.RENACIMI.23,2mm.CS68_CSA++,0
61000050221,HOJA BALCON RENACIMIENTO 107mm_CSA++,0
61000050216,MARCO RENACIMI.64mm.CS68_CSA++,0
61000050202,HOJA VENTANA RENACIMIENTO 68mm_CSA++,0
61000050192,HOJA VENTANA 81mm CS68_CSA++,0
61000050183,MARCO FUNCIONAL 64mm.CS68_CSA++,0
61000050176,PERFIL DE SOPORTE PARA CEPILLO_CSA++,0
61000050175,PERFIL DE SOPORTE PARA CEPILLO_CSA++,0
61000050141,MARCO TAPAJUNTAS 51mm.CS68_CSA++,0
61000050140,MARCO 90mm_CSA++,0
61000050139,MARCO VENTANA TAPAJUNTAS EXT.CS68_CSA++,0
61000050136,MARCO FUNCIONAL 51mm.CS68_CSA++,0
61000050125,MARCO FUNCIONAL 77mm.CS68_CSA++,0
61000050121,HOJA BALCON 107mm.CS68_CSA++,0
61000050120,TRANSVERSAL 89mm.CS68_CSA++,0
61000050115,CENTRAL 2 HOJAS CS68_CSA++,0
61000050114,TE 102mm.CS68_CSA++,0
61000050113,TE 76mm.CS68_CSA++,0
61000050112,HOJA FUNCIONAL 94mm.CS68_CSA++,0
61000050111,MAINEL INVERTIDO INT.109mm.CS68_CSA++,0
61000050102,HOJA FUNCIONAL 68mm.CS68_CSA++,0
61000050071,PERFIL DE SUELO_CSA++,0
61000050052,HOJA BALCON AP.EXT.CS68_CSA++,0
61000050049,REMATE BAJO PTA.34,7x22,9 CS68_CSA++,0
61000050033,SUPLEM.ZOCALO PTA.CEPILLO_CSA++,0
61000050031,PERFIL TOPE_CSA++,0
61000050030,SUPLEMENTO BAJO PUERTA CS68_CSA++,0
61000050028,PERFIL TOPE PUERTA_CSA++,0
61000050018,UNION ROTULA CS68_CSA++,0
20008AD1723,ANCLAJE PASAMANOS REDONDO_INOX,0
61000043172,UMBRAL PUERTA_CSA++,0
61000044819,INVERSOR MARCO PUERTA PS50_CSA++,0
61000044436,MARCO VENTANA PS50_CSA++,0
61000044413,TRANSVERSAL VENTANA PS50_CSA++,0
20006AD1702,PEANA 30x30_NEGRO,0
61012342522,TRANSVERSAL 67,2mm.CW50_LC4,0
61012342520,TRAVESERO 34,85mm_LC4,0
61000044132,ESQUINERO 90� PS50_CSA++,0
61000044129,HOJA PTA AP.EXT.REFOR.PS50_CSA++,0
62001776079,KIT BISAGRA EXTERIOR HOJA B_PLATA,0
62000607871,ANGULO REENVIO++,0
61000044120,TE MEDIANA 77mm.PS50_CSA++,0
61000044115,DOBLE HOJA PS50_CSA++,0
61000044112,HOJA BALCON REFORZADA PS50_CSA++,0
61000044110,MAINEL TRANSVERSAL PS50_CSA++,0
2100064,PASAMANOS RECTANG.60x40_CSA,0
2100264,PASAMANOS RECTANG.60x40_PEB,0
2100254,ANCLAJE CRISTAL_PEB,0
61000043846,VIERTEAGUAS SUP.APER.EXT_CSA++,0
62000809306,JUNTA TOPE,0
61000043364,JUNQUILLO 32mm_CSA++,0
61000043360,JUNQUILLO HOJA 39mm_CSA++,0
61000043333,JUNQUILLO 18,5mm_CSA++,0
61000043329,JUNQUILLO 22mm_CSA++,0
61000043328,JUNQUILLO 2mm_CSA++,0
61000043327,JUNQUILLO HOJA 15,5mm_CSA++,0
61000043326,JUNQUILLO HOJA 33mm_CSA++,0
61000043309,JUNQUILLO 15mm_CSA++,0
61000043308,JUNQUILLO 36mm.TS_CSA++,0
61000043307,JUNQUILLO 4mm_CSA++,0
61000043306,JUNQUILLO 10mm_CSA++,0
61000043305,JUNQUILLO HOJA 22mm_CSA++,0
61000043304,JUNQUILLO HOJA 25,5mm_CSA++,0
61000043161,TAPETA MARCO 50mm.PS50_CSA++,0
61000043140,PLETINA TRANSVER.MARCO Y T_CSA++,0
61000043138,SOPORTE INF.CEPILLO PUERTA_CSA++,0
61000030447,MARCO 54mm_CSA,0
61000030092,HOJA 78mm_CSA++,0
61000030036,MARCO 48mm_CSA++,0
61000030016,MARCO 54mm_CSA++,0
61000030015,PERFIL DOBLE HOJA_CSA++,0
61000030013,TRAVESERO 70mm_CSA++,0
61000030002,HOJA 65mm_CSA++,0
820002450,MARCO PROYECTANTE 60RT DM_CSA,0
61002341505,MAINEL 125,5mm.CW50_PEB,0
61000021892,HOJA VENTANA 52mm.TS57_CSA++,0
61000021852,HOJA BALCON ELIPTICA TS57_CSA++,0
61000021851,HOJA VENTANA ELIPTICA TS57_CSA++,0
61000021850,MARCO ELIPTICO TS57_CSA++,0
61000021848,MARCO VIERTEAGUAS 90,6_CSA++,0
61000021825,MARCO PUERTA 76mm.TS57_CSA++,0
61000021636,MARCO 48mm.CS38_CSA++,0
810002062,MARCO VENTANA CURVO C/SOLAPE S40 DM_CSA,0
61000021141,MARCO TAPAJUNTAS INT.TS57_CSA++,0
61000021136,MARCO VTA.40x20mm.TS57_CSA++,0
61000021122,HOJA PIVOTANTE TS57_CSA++,0
61000021120,TRANSVER.MARCO 77mm.TS57_CSA++,0
61000021117,ZOCAL.CEN.MARCO 150mm.TS57_CSA++,0
61000021115,DOBLE HOJA VENTANA TS57_CSA++,0
61000021114,TRANSVER.MARCO 93mm.TS57_CSA++,0
61000021113,TRANSVER.MARCO 67mm.TS57_CSA++,0
61000021112,HOJA BALCON 40x40mm.TS57_CSA++,0
61000021111,TRANSVERSAL 87mm.TS57_CSA++,0
61000021102,HOJA VENTANA 40x20mm.TS57_CSA++,0
61000021019,ESQUINERO ANGULO VARIABLE HEMBRA_CSA++,0
61000021018,ESQUINERO ANGULO VARIABLE MACHO_CSA++,0
61000020660,TE RESALTE 52mm.CS38_CSA++,0
61000020653,TRANSVERSAL 47mm.CS38_CSA++,0
61000020651,HOJA OSCILOBATIENTE CS38_CSA++,0
61000020636,MARCO GENERAL CS38_CSA++,0
61000020605,JUNQUILLO 12mm.CS38_CSA++,0
61000020098,MARCO PUERTA APER.INT.TS57_CSA++,0
61000020070,ACOPL.CENTRAL APE.EXT.TS57_CSA++,0
61000020069,MARCO PTA.APER.EXT.TS57_CSA++,0
61000020052,HOJA BALCON APER.EXT.TS57_CSA++,0
61000020051,HOJA VTA.APER.EXT.TS57_CSA++,0
61000020047,ZOCALO 102x50mm.TS57_CSA++,0
61000020029,SUPLEM.PTA.APER.INT.TS57_CSA++,0
61000020028,SUPLEM.PTA.APER.EXT.TS57_CSA++,0
61000020026,HOJA PTA.APE.INT.50mm.TS57_CSA++,0
61000020017,ZOCALO 125x50mm.TS57_CSA++,0
61000020016,DOBLE HOJA PTA.AP.EXT.TS57_CSA++,0
61000020015,DOBLE HOJA APER.INT.TS57_CSA++,0
61000020014,HOJA PTA.APERTURA EXT.TS57_CSA++,0
61000011698,MARCO AP.INT.CS59_CSA++,0
61000011669,MARCO AP.EXT.CS59_CSA++,0
61000011649,ACOPLAMIENTO BAJO PTA.CS59_CSA++,0
61000011626,HOJA AP.INT.CS59_CSA++,0
61000011614,HOJA AP.EXT.CS59_CSA++,0
61000010820,TRAVESERO 89mm_CSA++,0
61000010649,ACOPLAMIENTO BAJO PUERTA_CSA++,0
61000010599,ANCLAJE HOJA-AUTOMATISMO_CSA++,0
61000010215,ACOP.RENACIMIEN.64mm.CS59_CSA++,0
61000010199,SOPORTE CEPILLO ZOCALO_CSA++,0
61000010171,REMATE PUERTA CEPILLO INF_CSA++,0
61000010075,PLETINA TRANSM.HOJA 3859_CSA,0
61000010071,PERFIL DE SUELO_CSA,0
610,PERFILES REYNAERS,0
59006776556,PERNIO ROD.SUP.PLEG.MEDAS_NEGRO,27,37
59006776555,PERNIO ROD.PLEG.INVERT_NEGRO,20,17
59006776554,PERNIO ROD.INF.PLEG.MEDAS_NEGRO,11,35
59006776550,PERNIO PLEGAB.PALA LARGA_NEGRO,5,29
59006776548,PERNIO PALA NORMAL MEDAS_NEGRO,5,24
59006776547,PERNIO PALA CORTA MEDAS_NEGRO,5,28
59006776316,JGO.SOPORTE LAMA MEDAS D/I_NEGRO,0
59006776312,MANETA PASAD.PLANA PLEG.I_NEGRO,29,22
59006776311,MANETA PASAD.PLANA PLEG.D_NEGRO,29,22
59006776310,CREMONA MEDAS 1 DE 2 PALAS_NEGRO,6,08
59006776303,PASAD.BASCULANT.P/PLEGABLE_NEGRO,13,71
59006607789,TIRADOR PLEGABLE MEDAS_NEGRO,3,06
59006607788,TAPA GUIA CORRED.MEDAS_NEGRO,0
59005776556,PERNIO ROD.SUP.PLEG.MEDAS_BLANCO,27,37
59005776555,PERNIO ROD.PLEG.INVERT_BLANCO,20,17
59005776554,PERNIO ROD.INF.PLEG.MEDAS_BLANCO,11,35
59005776550,PERNIO PLEGAB.PALA LARGA_BLANCO,5,29
59005776549,PERNIO PALA CORTA DESM.LIM_BLANCO,0
59005776548,PERNIO PALA NORMAL MEDAS_BLANCO,5,24
59005776547,PERNIO PALA CORTA MEDAS_BLANCO,5,28
59005776312,MANETA PASAD.PLANA PLEG.I_BLANCO,29,22
59005776311,MANETA PASAD.PLANA PLEG.D_BLANCO,29,22
59005776310,CREMONA MEDAS 1 DE 2 PALAS_BLANCO,6,08
59005776303,PASAD.BASCULANT.P/PLEGABLE_BLANCO,10,19
59005607789,TIRADOR PLEGABLE MEDAS_BLANCO,3,06
59005607788,TAPA GUIA CORRED.MEDAS_BLANCO,4,84
5900099,TROQUEL ESCUAD.MEDAS/4000 MONT,0
59000950212,UTIL DEFLECTOR TP-50,0
59000849103,COLA VULCANIZANTE,0
59000779742,JGO.US PRENSA 97630500 AV-40,0
59000779734,MATRIZ MULTI-FUNC.NEUMAT.MEDAS,0
59000779207,FRESA SERIE AV-40,0
59000778114,FELPUDO 7x15 FIN-SEAL,0,36
59000778035,JUNTA ESTANQ.TRIANGULAR RIGIDA,0,34
59000778034,JUNTA ESTANQ.TRIANGULAR MEDAS,0
59000778021,JUNTA ESTANQ.RED�.BASE RIG.533,0,32
59000777979,BULON GUIA EMPOTRADA MEDAS++,0
59000776818,ESCUADRA RAPIDA 15.1025,0
59000776556,PERNIO ROD.SUP.PLEG.MEDAS,0
59000776554,PERNIO ROD.INF.PLEG.MEDAS,0
59000776548,PERNIO PALA NORMAL MEDAS_CRUDO,0
59000776547,PERNIO PALA CORTA MEDAS,0
59000776322,PASADOR 2� HOJA,0
59000776317,JGO.TERMINALES PLETINA,2,7
59000776314,KIT P/GUIA EMPOTRADA MEDAS++,0
59000776309,TREN RODAM.SUP.CORRED.MEDAS,17,81
59000776055,PATIN INFERIOR CORREDERA MEDAS,5,94
590006909,PIEZA N�7,0,24
59000687787,TOPE GUIA SUPER.MEDAS-3,2,12
59000687786,TOPE UNION MEDAS-1,3,12
59000687780,ESCUADRA RIGIDA MEDAS-1,1,31
59000627800,PIEZA GUIA,0
59000607791,JGO.PIEZA DESLI.SIMPLE ANCL.PIE.89,0,29
59000607790,PIEZA DESLI.DOBLE ANCL.PIE.89,0,28
59000607788,TAPA GUIA CORRED.MEDAS-1,4,84
59000607778,JGO.SEPARADORES LAMA ESFERA,0
59000417007,TORN.INOX.DIN-913 6X20 P/687787,0
590003716,ESCUADRA EUR.TETON CENTRADO,0
590001418,TOPE UNION T PEQ.151013,0,41
590000421,ESCUADRA PEQUE�A MEDAS,0,47
590000406,ESCUADRA GRANDE MEDAS,0,76
590,ACC.BASICOS MEDAS,0
58019421010,JUNQUILLO H-23mm.MEDAS_I245,0
58018151099,TAPABOCAS MEDAS_LMCC++,0
58018151078,CARRIL INF.PLEGABLE MEDAS_LMCC++,0
58018151077,CARRIL SUP.PLEGABLE MEDAS_LMCC++,0
58018151072,HOJA GRANDE MEDAS_LMCC++,0
58018151070,MARCO LATERAL MEDAS_LMCC++,0
58018151013,PILASTRA VENTANA MEDAS_LMCC++,0
58017421617,PERFIL GUIA SUELO MEDAS_LMV,0
58017421540,PLETINA CREMONA_LMV,0
58017421011,JUNQUILLO H-27mm_LMV,0
58017421010,JUNQUILLO H-23mm.MEDAS_LMV,0
58017421009,JUNQUILLO H-32mm_LMV,0
58017421006,JUNQUILLO H-17mm.MEDAS_LMV,0
58017421005,JUNQUILLO HUECO NETO 10mm_LMV,0
58017151190,ZOCALO 60mm.MEDAS_LMV,0
58017151099,TAPABOCAS MEDAS_LMV,0
58017151097,TAPA LATERAL MEDAS_LMV,0
58017151081,CARRIL INF.CORREDERA MEDAS_LMV,0
58017151080,TAPA PERF.151079XX MEDAS_LMV,0
58017151079,CARRIL SUP.CORREDERA MEDAS_LMV,0
58017151078,CARRIL INF.PLEGABLE MEDAS_LMV,0
58017151077,CARRIL SUP.PLEGABLE MEDAS_LMV,0
58017151073,HOJA LAMA MOVIL MEDAS_LMV,0
58017151072,HOJA GRANDE MEDAS_LMV,0
58017151071,HOJA PEQUE�A MEDAS_LMV,0
58017151070,MARCO LATERAL MEDAS_LMV,0
58017151014,PILASTRA PUERTA MEDAS_LMV,0
58017151013,PILASTRA VENTANA MEDAS_LMV,0
58016421011,JUNQUILLO H-27mm_LMN,0
58016421010,JUNQUILLO H-23mm.MEDAS_LMN,0
58016421006,JUNQUILLO H-17mm.MEDAS_LMN,0
58016421005,JUNQUILLO HUECO NETO 10mm_LMN,0
58016151190,ZOCALO 60mm.MEDAS_LMN,0
58016151099,TAPABOCAS MEDAS_LMN,0
58016151078,CARRIL INF.PLEGABLE MEDAS_LMN,0
58016151077,CARRIL SUP.PLEGABLE MEDAS_LMN,0
58016151072,HOJA GRANDE MEDAS_LMN,0
58016151071,HOJA PEQUE�A MEDAS_LMN,0
58016151070,MARCO LATERAL MEDAS_LMN,0
58016151014,PILASTRA PUERTA MEDAS_LMN,0
58016151013,PILASTRA VENTANA MEDAS_LMN,0
58015421010,JUNQUILLO H-23mm.MEDAS_LMC,0
58015421005,JUNQUILLO HUECO NETO 10mm_LMC,0
58015151190,ZOCALO 60mm.MEDAS_LMC,0
58015151099,TAPABOCAS MEDAS_LMC,0
58015151078,CARRIL INF.PLEGABLE MEDAS_LMC,0
58015151077,CARRIL SUP.PLEGABLE MEDAS_LMC,0
58015151072,HOJA GRANDE MEDAS_LMC,0
58015151070,MARCO LATERAL MEDAS_LMC,0
58014421617,PERFIL GUIA SUELO MEDAS_LMP,0
58014421005,JUNQUILLO HUECO NETO 10mm_LMP,0
58013421011,JUNQUILLO H-27mm_LBP,0
58013421010,JUNQUILLO H-23mm.MEDAS_LBP,0
58013421006,JUNQUILLO H-17mm.MEDAS_LBP,0
58013151099,TAPABOCAS MEDAS_LBP,0
58013151078,CARRIL INF.PLEGABLE MEDAS_LBP,0
58013151077,CARRIL SUP.PLEGABLE MEDAS_LBP,0
58013151073,HOJA LAMA MOVIL MEDAS_LBP,0
58013151072,HOJA GRANDE MEDAS_LBP,0
58013151071,HOJA PEQUE�A MEDAS_LBP,0
58013151070,MARCO LATERAL MEDAS_LBP,0
58013151014,PILASTRA PUERTA MEDAS_LBP,0
58012421011,JUNQUILLO H-27mm_LC4,0
58012421010,JUNQUILLO H-23mm.MEDAS_LC4,0
58012421009,JUNQUILLO H-32mm_LC4,0
58012421006,JUNQUILLO H-17mm.MEDAS_LC4,0
58012151190,ZOCALO 60mm.MEDAS_LC4,0
58012151099,TAPABOCAS MEDAS_LC4,0
58012151081,CARRIL INF.CORREDERA MEDAS_LC4,0
58012151079,CARRIL SUP.CORREDERA MEDAS_LC4,0
58012151078,CARRIL INF.PLEGABLE MEDAS_LC4,0
58012151077,CARRIL SUP.PLEGABLE MEDAS_LC4,0
58012151073,HOJA LAMA MOVIL MEDAS_LC4,0
58012151072,HOJA GRANDE MEDAS_LC4,0
58012151071,HOJA PEQUE�A MEDAS_LC4,0
58012151070,MARCO LATERAL MEDAS_LC4,0
58012151014,PILASTRA PUERTA MEDAS_LC4,0
58012151013,PILASTRA VENTANA MEDAS_LC4,0
58011421011,JUNQUILLO H-27mm_LC3,0
58011421010,JUNQUILLO H-23mm.MEDAS_LC3,0
58011151190,ZOCALO 60mm.MEDAS_LC3,0
58011151099,TAPABOCAS MEDAS_LC3,0
58011151097,TAPA LATERAL MEDAS_LC3,0
58011151078,CARRIL INF.PLEGABLE MEDAS_LC3,0
58011151077,CARRIL SUP.PLEGABLE MEDAS_LC3,0
58011151073,HOJA LAMA MOVIL MEDAS_LC3,0
58011151072,HOJA GRANDE MEDAS_LC3,0
58011151070,MARCO LATERAL MEDAS_LC3,0
58011151013,PILASTRA VENTANA MEDAS_LC3,0
58010421617,PERFIL GUIA SUELO MEDAS_LC2,0
58010421540,PLETINA CREMONA_LC2,0
58010421011,JUNQUILLO H-27mm_LC2,0
58010421010,JUNQUILLO H-23mm.MEDAS_LC2,0
58010421009,JUNQUILLO H-32mm_LC2,0
58010421006,JUNQUILLO H-17mm.MEDAS_LC2,0
58010151190,ZOCALO 60mm.MEDAS_LC2,0
58010151189,ZOCALO 120mm.MEDAS_LC2,0
58010151099,TAPABOCAS MEDAS_LC2,0
58010151097,TAPA LATERAL MEDAS_LC2,0
58010151081,CARRIL INF.CORREDERA MEDAS_LC2,0
58010151080,TAPA PERF.151079XX MEDAS_LC2,0
58010151079,CARRIL SUP.CORREDERA MEDAS_LC2,0
58010151078,CARRIL INF.PLEGABLE MEDAS_LC2,0
58010151077,CARRIL SUP.PLEGABLE MEDAS_LC2,0
58010151073,HOJA LAMA MOVIL MEDAS_LC2,0
58010151072,HOJA GRANDE MEDAS_LC2,0
58010151071,HOJA PEQUE�A MEDAS_LC2,0
58010151070,MARCO LATERAL MEDAS_LC2,0
58010151014,PILASTRA PUERTA MEDAS_LC2,0
58010151013,PILASTRA VENTANA MEDAS_LC2,0
58009421617,PERFIL GUIA SUELO MEDAS_AOC,0
58009421540,PLETINA CREMONA_AOC,5,33
58009421011,JUNQUILLO H-27mm_AOC,0
58009421010,JUNQUILLO H-23mm.MEDAS_AOC,0
58009421009,JUNQUILLO H-32mm_AOC,0
58009421006,JUNQUILLO H-17mm.MEDAS_AOC,0
58009421005,JUNQUILLO HUECO NETO 10mm_AOC,0
58009151190,ZOCALO 60mm.MEDAS_AOC,0
58009151099,TAPABOCAS MEDAS_AOC,0
58009151097,TAPA LATERAL MEDAS_AOC,0
58009151081,CARRIL INF.CORREDERA MEDAS_AOC,0
58009151080,TAPA PERF.151079XX MEDAS_AOC,0
58009151079,CARRIL SUP.CORREDERA MEDAS_AOC,0
58009151078,CARRIL INF.PLEGABLE MEDAS_AOC,0
58009151077,CARRIL SUP.PLEGABLE MEDAS_AOC,0
58009151073,HOJA LAMA MOVIL MEDAS_AOC,0
58009151072,HOJA GRANDE MEDAS_AOC,0
58009151070,MARCO LATERAL MEDAS_AOC,0
58009151014,PILASTRA PUERTA MEDAS_AOC,0
58009151013,PILASTRA VENTANA MEDAS_AOC,0
58008421617,PERFIL GUIA SUELO MEDAS_INOX,0
58008421540,PLETINA CREMONA_INOX,0
58008421011,JUNQUILLO H-27mm_INOX,0
58008421010,JUNQUILLO H-23mm.MEDAS_INOX,0
58008421009,JUNQUILLO H-32mm_INOX,0
58008421006,JUNQUILLO H-17mm.MEDAS_INOX,0
58008421005,JUNQUILLO HUECO NETO 10mm_INOX,0
58008151190,ZOCALO 60mm.MEDAS_INOX,0
58008151099,TAPABOCAS MEDAS_INOX,0
58008151097,TAPA LATERAL MEDAS_INOX,0
58008151081,CARRIL INF.CORREDERA MEDAS_INOX,0
58008151080,TAPA PERF.151079XX MEDAS_INOX,0
58008151079,CARRIL SUP.CORREDERA MEDAS_INOX,0
58008151078,CARRIL INF.PLEGABLE MEDAS_INOX,0
58008151077,CARRIL SUP.PLEGABLE MEDAS_INOX,0
58008151073,HOJA LAMA MOVIL MEDAS_INOX,0
58008151072,HOJA GRANDE MEDAS_INOX,0
58008151071,HOJA PEQUE�A MEDAS_INOX,0
58008151070,MARCO LATERAL MEDAS_INOX,0
58008151014,PILASTRA PUERTA MEDAS_INOX,0
58008151013,PILASTRA VENTANA MEDAS_INOX,0
58007421617,PERFIL GUIA SUELO MEDAS_LMD,0
58007421540,PLETINA CREMONA_LMD,0
58007421011,JUNQUILLO H-27mm_LMD,0
58007421010,JUNQUILLO H-23mm.MEDAS_LMD,0
58007421009,JUNQUILLO H-32mm_LMD,0
58007421006,JUNQUILLO H-17mm.MEDAS_LMD,0
58007421005,JUNQUILLO HUECO NETO 10mm_LMD,0
58007151190,ZOCALO 60mm.MEDAS_LMD,0
58007151189,ZOCALO 120mm.MEDAS_LMD,0
58007151099,TAPABOCAS MEDAS_LMD,0
58007151097,TAPA LATERAL MEDAS_LMD,0
58007151081,CARRIL INF.CORREDERA MEDAS_LMD,0
58007151080,TAPA PERF.151079XX MEDAS_LMD,0
58007151079,CARRIL SUP.CORREDERA MEDAS_LMD,0
58007151078,CARRIL INF.PLEGABLE MEDAS_LMD,0
58007151077,CARRIL SUP.PLEGABLE MEDAS_LMD,0
58007151073,HOJA LAMA MOVIL MEDAS_LMD,0
58007151072,HOJA GRANDE MEDAS_LMD,0
58007151071,HOJA PEQUE�A MEDAS_LMD,0
58007151070,MARCO LATERAL MEDAS_LMD,0
58007151014,PILASTRA PUERTA MEDAS_LMD,0
58007151013,PILASTRA VENTANA MEDAS_LMD,0
58006421617,PERFIL GUIA SUELO MEDAS_LC1,0
58006421540,PLETINA CREMONA_LC1,0
58006421011,JUNQUILLO H-27mm_LC1,0
58006421010,JUNQUILLO H-23mm.MEDAS_LC1,0
58006421009,JUNQUILLO H-32mm_LC1,0
58006421006,JUNQUILLO H-17mm.MEDAS_LC1,0
58006421005,JUNQUILLO HUECO NETO 10mm_LC1,0
58006151190,ZOCALO 60mm.MEDAS_LC1,0
58006151189,ZOCALO 120mm.MEDAS_LC1,0
58006151099,TAPABOCAS MEDAS_LC1,0
58006151097,TAPA LATERAL MEDAS_LC1,0
58006151081,CARRIL INF.CORREDERA MEDAS_LC1,0
58006151080,TAPA PERF.151079XX MEDAS_LC1,0
58006151079,CARRIL SUP.CORREDERA MEDAS_LC1,0
58006151078,CARRIL INF.PLEGABLE MEDAS_LC1,0
58006151077,CARRIL SUP.PLEGABLE MEDAS_LC1,0
58006151073,HOJA LAMA MOVIL MEDAS_LC1,0
58006151072,HOJA GRANDE MEDAS_LC1,0
58006151071,HOJA PEQUE�A MEDAS_LC1,0
58006151070,MARCO LATERAL MEDAS_LC1,0
58006151014,PILASTRA PUERTA MEDAS_LC1,0
58006151013,PILASTRA VENTANA MEDAS_LC1,0
58005421617,PERFIL GUIA SUELO MEDAS_LBN,0
58005421540,PLETINA CREMONA_LBN,0
58005421011,JUNQUILLO H-27mm_LBN,0
58005421010,JUNQUILLO H-23mm.MEDAS_LBN,0
58005421009,JUNQUILLO H-32mm_LBN,0
58005421006,JUNQUILLO H-17mm.MEDAS_LBN,0
58005421005,JUNQUILLO HUECO NETO 10mm_LBN,0
58005151190,ZOCALO 60mm.MEDAS_LBN,0
58005151189,ZOCALO 120mm.MEDAS_LBN,0
58005151099,TAPABOCAS MEDAS_LBN,0
58005151097,TAPA LATERAL MEDAS_LBN,0
58005151081,CARRIL INF.CORREDERA MEDAS_LBN,0
58005151080,TAPA PERF.151079XX MEDAS_LBN,0
58005151079,CARRIL SUP.CORREDERA MEDAS_LBN,0
58005151078,CARRIL INF.PLEGABLE MEDAS_LBN,0
58005151077,CARRIL SUP.PLEGABLE MEDAS_LBN,0
58005151073,HOJA LAMA MOVIL MEDAS_LBN,0
58005151072,HOJA GRANDE MEDAS_LBN,0
58005151071,HOJA PEQUE�A MEDAS_LBN,0
58005151070,MARCO LATERAL MEDAS_LBN,0
58005151014,PILASTRA PUERTA MEDAS_LBN,0
58005151013,PILASTRA VENTANA MEDAS_LBN,0
58004421617,PERFIL GUIA SUELO MEDAS_BEB,0
58004421011,JUNQUILLO H-27mm_BEB,0
58004421010,JUNQUILLO H-23mm.MEDAS_BEB,0
58004421009,JUNQUILLO H-32mm_BEB,0
58004421006,JUNQUILLO H-17mm.MEDAS_BEB,0
58004421005,JUNQUILLO HUECO NETO 10mm_BEB,0
58004151190,ZOCALO 60mm.MEDAS_BEB,0
58004151099,TAPABOCAS MEDAS_BEB,0
58004151097,TAPA LATERAL MEDAS_BEB,0
58004151081,CARRIL INF.CORREDERA MEDAS_BEB,0
58004151080,TAPA PERF.151079XX MEDAS_BEB,0
58004151079,CARRIL SUP.CORREDERA MEDAS_BEB,0
58004151078,CARRIL INF.PLEGABLE MEDAS_BEB,0
58004151077,CARRIL SUP.PLEGABLE MEDAS_BEB,0
58004151073,HOJA LAMA MOVIL MEDAS_BEB,0
58004151072,HOJA GRANDE MEDAS_BEB,0
58004151071,HOJA PEQUE�A MEDAS_BEB,0
58004151070,MARCO LATERAL MEDAS_BEB,0
58004151014,PILASTRA PUERTA MEDAS_BEB,0
58004151013,PILASTRA VENTANA MEDAS_BEB,0
58003421617,PERFIL GUIA SUELO MEDAS_OEB,0
58003421011,JUNQUILLO H-27mm_OEB,0
58003421010,JUNQUILLO H-23mm.MEDAS_OEB,0
58003421006,JUNQUILLO H-17mm.MEDAS_OEB,0
58003421005,JUNQUILLO HUECO NETO 10mm_OEB,0
58003151190,ZOCALO 60mm.MEDAS_OEB,0
58003151099,TAPABOCAS MEDAS_OEB,0
58003151097,TAPA LATERAL MEDAS_OEB,0
58003151081,CARRIL INF.CORREDERA MEDAS_OEB,0
58003151080,TAPA PERF.151079XX MEDAS_OEB,0
58003151079,CARRIL SUP.CORREDERA MEDAS_OEB,0
58003151078,CARRIL INF.PLEGABLE MEDAS_OEB,0
58003151077,CARRIL SUP.PLEGABLE MEDAS_OEB,0
58003151073,HOJA LAMA MOVIL MEDAS_OEB,0
58003151072,HOJA GRANDE MEDAS_OEB,0
58003151071,HOJA PEQUE�A MEDAS_OEB,0
58003151070,MARCO LATERAL MEDAS_OEB,0
58003151013,PILASTRA VENTANA MEDAS_OEB,0
58002421617,PERFIL GUIA SUELO MEDAS_PEB,0
58002421540,PLETINA CREMONA_PEB,0
58002421011,JUNQUILLO H-27mm_PEB,0
58002421010,JUNQUILLO H-23mm.MEDAS_PEB,0
58002421009,JUNQUILLO H-32mm_PEB,0
58002421006,JUNQUILLO H-17mm.MEDAS_PEB,0
58002421005,JUNQUILLO HUECO NETO 10mm_PEB,0
58002151190,ZOCALO 60mm.MEDAS_PEB,0
58002151099,TAPABOCAS MEDAS_PEB,0
58002151097,TAPA LATERAL MEDAS_PEB,0
58002151081,CARRIL INF.CORREDERA MEDAS_PEB,0
58002151080,TAPA PERF.151079XX MEDAS_PEB,0
58002151079,CARRIL SUP.CORREDERA MEDAS_PEB,0
58002151078,CARRIL INF.PLEGABLE MEDAS_PEB,0
58002151077,CARRIL SUP.PLEGABLE MEDAS_PEB,0
58002151073,HOJA LAMA MOVIL MEDAS_PEB,0
58002151072,HOJA GRANDE MEDAS_PEB,0
58002151071,HOJA PEQUE�A MEDAS_PEB,0
58002151070,MARCO LATERAL MEDAS_PEB,0
58002151014,PILASTRA PUERTA MEDAS_PEB,0
58002151013,PILASTRA VENTANA MEDAS_PEB,0
58001421617,PERFIL GUIA SUELO MEDAS_PMD,0
58001421540,PLETINA CREMONA_PMD,0
58001421011,JUNQUILLO H-27mm_PMD,0
58001421010,JUNQUILLO H-23mm.MEDAS_PMD,0
58001421009,JUNQUILLO H-32mm_PMD,0
58001421006,JUNQUILLO H-17mm.MEDAS_PMD,0
58001421005,JUNQUILLO HUECO NETO 10mm_PMD,0
58001151190,ZOCALO 60mm.MEDAS_PMD,0
58001151099,TAPABOCAS MEDAS_PMD,0
58001151097,TAPA LATERAL MEDAS_PMD,0
58001151081,CARRIL INF.CORREDERA MEDAS_PMD,0
58001151080,TAPA PERF.151079XX MEDAS_PMD,0
58001151079,CARRIL SUP.CORREDERA MEDAS_PMD,0
58001151078,CARRIL INF.PLEGABLE MEDAS_PMD,0
58001151077,CARRIL SUP.PLEGABLE MEDAS_PMD,0
58001151073,HOJA LAMA MOVIL MEDAS_PMD,0
58001151072,HOJA GRANDE MEDAS_PMD,0
58001151071,HOJA PEQUE�A MEDAS_PMD,0
58001151070,MARCO LATERAL MEDAS_PMD,0
58001151014,PILASTRA PUERTA MEDAS_PMD,0
58001151013,PILASTRA VENTANA MEDAS_PMD,0
58000421617,PERFIL GUIA SUELO MEDAS_CSA,0
58000421540,PLETINA CREMONA_CSA,0
58000421011,JUNQUILLO H-27mm_CSA,0
58000421010,JUNQUILLO H-23mm.MEDAS_CSA,0
58000421009,JUNQUILLO H-32mm_CSA,0
58000421006,JUNQUILLO H-17mm.MEDAS_CSA,0
58000421005,JUNQUILLO HUECO NETO 10mm_CSA,0
58000151190,ZOCALO 60mm.MEDAS_CSA,0
58000151189,ZOCALO 120mm.MEDAS_CSA,0
58000151099,TAPABOCAS MEDAS_CSA,0
58000151097,TAPA LATERAL MEDAS_CSA,0
58000151081,CARRIL INF.CORREDERA MEDAS_CSA,0
58000151080,TAPA PERF.151079XX MEDAS_CSA,0
58000151079,CARRIL SUP.CORREDERA MEDAS_CSA,0
58000151078,CARRIL INF.PLEGABLE MEDAS_CSA,0
58000151077,CARRIL SUP.PLEGABLE MEDAS_CSA,0
58000151073,HOJA LAMA MOVIL MEDAS_CSA,0
58000151072,HOJA GRANDE MEDAS_CSA,0
58000151071,HOJA PEQUE�A MEDAS_CSA,0
58000151070,MARCO LATERAL MEDAS_CSA,0
58000151014,PILASTRA PUERTA MEDAS_CSA,0
58000151013,PILASTRA VENTANA MEDAS_CSA,0
580,MALLORQUINA MEDAS,0
57006303,CIERRE ALU.C/MUELLE AJ-21_NEGRO,0,96
57005303,CIERRE ALU.C/MUELLE AJ-21_BLANCO,0,96
57000T9/2511,ESCUADRA TUBULAR P/AJ-211,0,69
5700099,MATRIZ AIRE SERIE AJ,0
5700097,MATRIZ MANUAL AJ C/FIJO,0
5700096,MATRIZ MANUAL ESC.TUB.P/AJ-211,0
5700006,ENGANCHE PERIMETRAL P/AJ-211,0,24
5700005,RUEDA REGULABLE AJ,0,79
5700001,KIT 2 HOJAS AJ,1,49
570,ACC.CORREDERA AJ,0
5601785,FORRAM.85 CLIP DISE�.CORR_LMV,0
5601777,UNION MARCOS AJ_LMV,0
5601745,HOJA CENTRAL 45mm.AJ_LMV,0
5601735,HOJA CENTRO 50mm.CLIM.AJ_LMV,0
5601734,HOJA LATERAL 55mm.CLIM.AJ_LMV,0
5601733,HOJA RUEDAS CLIMALIT AJ_LMV,0
56017306,JUNQUILLO H-9,5mm_LMV++,0
5601721,FORRAMARCOS ONDULADO 85mm_LMV,0
56017111,MARCO INFERIOR 3 CARR.AJ_LMV,0
5601711,MARCO INFERIOR CAMARA AJ_LMV,0
56017103,ZOCALO RUEDAS AJ_LMV,0
56017102,MARCO LATERAL 3 CARR.AJ_LMV,0
56017101,MARCO SUPERIOR 3 CARR.AJ_LMV,0
5601706,FORRAMARCO 50mm.AJ_LMV,0
5601704,HOJA LATERAL AJ_LMV,0
5601702,MARCO LATERAL AJ_LMV,0
5601701,MARCO SUPERIOR AJ_LMV,0
5601645,HOJA CENTRAL 45mm.AJ_LMN,0
56016306,JUNQUILLO H-9,5mm_LMN++,0
5601621,FORRAMARCOS ONDULADO 85mm_LMN,0
5601611,MARCO INFERIOR CAMARA AJ_LMN,0
5601604,HOJA LATERAL AJ_LMN,0
5601603,HOJA RUEDAS AJ_LMN,0
5601602,MARCO LATERAL AJ_LMN,0
5601601,MARCO SUPERIOR AJ_LMN,0
5601545,HOJA CENTRAL 45mm.AJ_LMC,0
56015306,JUNQUILLO H-9,5mm_LMC++,0
5601521,FORRAMARCOS ONDULADO 85mm_LMC,0
5601511,MARCO INFERIOR CAMARA AJ_LMC,0
5601504,HOJA LATERAL AJ_LMC,0
5601503,HOJA RUEDAS AJ_LMC,0
5601502,MARCO LATERAL AJ_LMC,0
5601501,MARCO SUPERIOR AJ_LMC,0
56014211,MARCO PERIMETRAL AJ_LMP,0
56013306,JUNQUILLO H-9,5mm_LBP++,0
5601254,HOJA LATERAL 50mm.CLIM.AJ_LC4,0
56012450,HOJA CENTRAL 45mm.CLIM.AJ_LC4,0
56012377,UNION 2 MARCOS AJ_LC4,0
5601233,HOJA RUEDAS CLIMALIT AJ_LC4,0
56012306,JUNQUILLO H-9,5mm_LC4++,0
5601210,MARCO INF.S/CAMARA AJ_LC4,0
5601206,FORRAMARCO 50mm.AJ_LC4,0
5601202,MARCO LATERAL AJ_LC4,0
5601201,MARCO SUPERIOR AJ_LC4,0
5601185,FORRAM.85 CLIP DISE�.CORR_LC3,0
5601145,HOJA CENTRAL 45mm.AJ_LC3,0
5601144,HOJA LATERAL 55mm.AJ_LC3,0
5601111,MARCO INFERIOR CAMARA AJ_LC3,0
5601106,FORRAMARCO 50mm.AJ_LC3,0
5601105,HOJA CENTRAL AJ_LC3,0
5601104,HOJA LATERAL AJ_LC3,0
5601103,HOJA RUEDAS AJ_LC3,0
5601102,MARCO LATERAL AJ_LC3,0
5601101,MARCO SUPERIOR AJ_LC3,0
56010FM4,FORRAMARCO 86mm.CLIP AJ_LC2,0
5601085,FORRAM.85 CLIP DISE�.CORR_LC2,8,03
5601077,UNION MARCOS AJ_LC2,3,79
5601066,TAPA EMBELLECEDOR MARCO AJ_LC2++,0
5601054,HOJA LATERAL 50mm.CLIM.AJ_LC2,6,99
56010509,CANTONERA 90� AJ_LC2,14,96
56010450,HOJA CENTRAL 45mm.CLIM.AJ_LC2,6,97
5601045,HOJA CENTRAL 45mm.AJ_LC2,7,1
5601044,HOJA LATERAL 55mm.AJ_LC2,7,69
5601038,HOJA CENTRO 50mm.B-17 AJ_LC2,7,69
56010377,UNION 2 MARCOS AJ_LC2,0
5601037,HOJA RUEDAS B-17 AJ_LC2,6,92
5601036,HOJA LATERAL 55mm.B-17 AJ_LC2,7,72
5601035,HOJA CENTRO 50mm.CLIM.AJ_LC2,7,52
5601034,HOJA LATERAL 55mm.CLIM.AJ_LC2,7,42
5601033,HOJA RUEDAS CLIMALIT AJ_LC2,6,86
56010317,MARCO FIJO HEMBRA AJ_LC2,8,56
5601031,ESQUINERO REG.MACHO AJ_LC2,8,89
56010307,MARCO FIJO CLIP AJ_LC2,8,56
56010306,JUNQUILLO H-9,5mm_LCE++,0
5601030,ESQUINERO REG.HEMBRA AJ_LC2,8,23
56010211,MARCO PERIMETRAL AJ_LC2,0
5601021,FORRAMARCOS ONDULADO 85mm_LC2,7,83
56010133,ZOCALO RUEDAS CLIMALIT AJ_LC2,16,09
820002503,INVERSOR 75RT DM_CSA,0
56010111,MARCO INFERIOR 3 CARR.AJ_LC2,21,59
5601011,MARCO INFERIOR CAMARA AJ_LC2,10,86
56010103,ZOCALO RUEDAS AJ_LC2,16,27
56010102,MARCO LATERAL 3 CARR.AJ_LC2,14,59
56010101,MARCO SUPERIOR 3 CARR.AJ_LC2,16,66
5601010,MARCO INF.S/CAMARA AJ_LC2,8,12
5601006,FORRAMARCO 50mm.AJ_LC2,6,39
5601005,HOJA CENTRAL AJ_LC2,7,69
5601004,HOJA LATERAL AJ_LC2,7,21
5601003,HOJA RUEDAS AJ_LC2,6,99
5601002,MARCO LATERAL AJ_LC2,8,95
5601001,MARCO SUPERIOR AJ_LC2,9,03
5600966,TAPA EMBELLECEDOR MARCO AJ_AOC++,0
5600954,HOJA LATERAL 50mm.CLIM.AJ_AOC,0
56009450,HOJA CENTRAL 45mm.CLIM.AJ_AOC,0
5600933,HOJA RUEDAS CLIMALIT AJ_AOC,0
56009307,MARCO FIJO CLIP AJ_AOC,0
56009306,JUNQUILLO H-9,5mm_AOC++,0
56009211,MARCO PERIMETRAL AJ_AOC,0
5600906,FORRAMARCO 50mm.AJ_AOC,0
5600885,FORRAM.85 CLIP DISE�.CORR_INOX,9,19
5600877,UNION MARCOS AJ_INOX,4,14
5600866,TAPA EMBELLECEDOR MARCO AJ_INOX++,0
5600854,HOJA LATERAL 50mm.CLIM.AJ_INOX,8,3
56008509,CANTONERA 90� AJ_INOX,18,14
5600844,HOJA LATERAL 55mm.AJ_INOX,9,15
56008377,UNION 2 MARCOS AJ_INOX,0
5600835,HOJA CENTRO 50mm.CLIM.AJ_INOX,8,92
5600834,HOJA LATERAL 55mm.CLIM.AJ_INOX,8,81
5600833,HOJA RUEDAS CLIMALIT AJ_INOX,8,16
56008323,UNION CORRED/ABISAG_INOX,0
56008317,MARCO FIJO HEMBRA AJ_INOX,9,94
5600831,ESQUINERO REG.MACHO AJ_INOX,10,08
56008307,MARCO FIJO CLIP AJ_INOX,9,94
56008306,JUNQUILLO H-9,5mm_INOX++,0
5600830,ESQUINERO REG.HEMBRA AJ_INOX,9,45
5600821,FORRAMARCOS ONDULADO 85mm_INOX,8,9
5600811,MARCO INFERIOR CAMARA AJ_INOX,12,49
5600810,MARCO INF.S/CAMARA AJ_INOX,9,93
5600806,FORRAMARCO 50mm.AJ_INOX,7,27
5600805,HOJA CENTRAL AJ_INOX,9,22
5600803,HOJA RUEDAS AJ_INOX,8,41
5600802,MARCO LATERAL AJ_INOX,10,44
5600801,MARCO SUPERIOR AJ_INOX,10,48
56007FM4,FORRAMARCO 86mm.CLIP AJ_LMD,0
56007FM3,FORRAMARCO 43mm.CLIP_LMD,0
5600785,FORRAM.85 CLIP DISE�.CORR_LMD,10,95
5600777,UNION MARCOS AJ_LMD,5,17
5600766,TAPA EMBELLECEDOR MARCO AJ_LMD++,0
5600754,HOJA LATERAL 50mm.CLIM.AJ_LMD,9,54
56007509,CANTONERA 90� AJ_LMD,20,4
56007450,HOJA CENTRAL 45mm.CLIM.AJ_LMD,9,5
5600745,HOJA CENTRAL 45mm.AJ_LMD,9,69
5600744,HOJA LATERAL 55mm.AJ_LMD,10,49
5600738,HOJA CENTRO 50mm.B-17 AJ_LMD,10,49
56007377,UNION 2 MARCOS AJ_LMD,0
5600737,HOJA RUEDAS B-17 AJ_LMD,9,44
5600736,HOJA LATERAL 55mm.B-17 AJ_LMD,10,54
5600735,HOJA CENTRO 50mm.CLIM.AJ_LMD,10,26
5600734,HOJA LATERAL 55mm.CLIM.AJ_LMD,10,13
5600733,HOJA RUEDAS CLIMALIT AJ_LMD,9,36
56007317,MARCO FIJO HEMBRA AJ_LMD,11,67
5600731,ESQUINERO REG.MACHO AJ_LMD,12,13
56007307,MARCO FIJO CLIP AJ_LMD,11,67
56007306,JUNQUILLO H-9,5mm_LMD++,0
5600730,ESQUINERO REG.HEMBRA AJ_LMD,11,22
56007211,MARCO PERIMETRAL AJ_LMD,0
5600721,FORRAMARCOS ONDULADO 85mm_LMD,10,69
56007133,ZOCALO RUEDAS CLIMALIT AJ_LMD,21,97
5600711,MARCO INFERIOR CAMARA AJ_LMD,14,82
56007103,ZOCALO RUEDAS AJ_LMD,22,19
56007102,MARCO LATERAL 3 CARR.AJ_LMD,19,91
56007101,MARCO SUPERIOR 3 CARR.AJ_LMD,22,72
5600710,MARCO INF.S/CAMARA AJ_LMD,11,08
5600706,FORRAMARCO 50mm.AJ_LMD,8,72
5600705,HOJA CENTRAL AJ_LMD,10,49
5600704,HOJA LATERAL AJ_LMD,9,85
5600703,HOJA RUEDAS AJ_LMD,9,54
5600702,MARCO LATERAL AJ_LMD,12,2
5600701,MARCO SUPERIOR AJ_LMD,12,33
56006FM4,FORRAMARCO 86mm.CLIP AJ_LC1,0
5600685,FORRAM.85 CLIP DISE�.CORR_LC1,7,86
5600677,UNION MARCOS AJ_LC1,3,71
5600666,TAPA EMBELLECEDOR MARCO AJ_LC1++,0
5600654,HOJA LATERAL 50mm.CLIM.AJ_LC1,6,84
56006509,CANTONERA 90� AJ_LC1,14,1
56006450,HOJA CENTRAL 45mm.CLIM.AJ_LC1,6,82
5600645,HOJA CENTRAL 45mm.AJ_LC1,6,95
5600644,HOJA LATERAL 55mm.AJ_LC1,7,53
5600638,HOJA CENTRO 50mm.B-17 AJ_LC1,7,53
56006377,UNION 2 MARCOS AJ_LC1,0
5600637,HOJA RUEDAS B-17 AJ_LC1,6,78
5600636,HOJA LATERAL 55mm.B-17 AJ_LC1,7,57
5600635,HOJA CENTRO 50mm.CLIM.AJ_LC1,7,37
5600634,HOJA LATERAL 55mm.CLIM.AJ_LC1,7,27
5600633,HOJA RUEDAS CLIMALIT AJ_LC1,6,72
56006317,MARCO FIJO HEMBRA AJ_LC1,0
5600631,ESQUINERO REG.MACHO AJ_LC1,8,71
56006307,MARCO FIJO CLIP AJ_LC1,8,38
56006306,JUNQUILLO H-9,5mm_LC1++,0
5600630,ESQUINERO REG.HEMBRA AJ_LC1,8,07
56006211,MARCO PERIMETRAL AJ_LC1,0
5600621,FORRAMARCOS ONDULADO 85mm_LC1,0
56006133,ZOCALO RUEDAS CLIMALIT AJ_LC1,15,78
5600613,ACOPLAMIENTO CLIMALIT_LC1++,0
56006111,MARCO INFERIOR 3 CARR.AJ_LC1,21,16
5600611,MARCO INFERIOR CAMARA AJ_LC1,10,65
56006103,ZOCALO RUEDAS AJ_LC1,15,94
56006102,MARCO LATERAL 3 CARR.AJ_LC1,14,3
56006101,MARCO SUPERIOR 3 CARR.AJ_LC1,16,32
5600610,MARCO INF.S/CAMARA AJ_LC1,7,96
5600606,FORRAMARCO 50mm.AJ_LC1,6,26
5600605,HOJA CENTRAL AJ_LC1,7,53
5600604,HOJA LATERAL AJ_LC1,7,07
5600603,HOJA RUEDAS AJ_LC1,6,84
5600602,MARCO LATERAL AJ_LC1,8,76
5600601,MARCO SUPERIOR AJ_LC1,8,85
56005FM4,FORRAMARCO 86mm.CLIP AJ_LBN,0
56005FM3,FORRAMARCO 43mm.CLIP_LBN,0
5600585,FORRAM.85 CLIP DISE�.CORR_LBN,7,4
5600577,UNION MARCOS AJ_LBN,3,5
5600566,TAPA EMBELLECEDOR MARCO AJ_LBN++,0
5600554,HOJA LATERAL 50mm.CLIM.AJ_LBN,6,45
56005509,CANTONERA 90� AJ_LBN,13,8
56005450,HOJA CENTRAL 45mm.CLIM.AJ_LBN,6,43
5600545,HOJA CENTRAL 45mm.AJ_LBN,6,55
5600544,HOJA LATERAL 55mm.AJ_LBN,7,09
5600538,HOJA CENTRO 50mm.B-17 AJ_LBN,7,09
56005377,UNION 2 MARCOS AJ_LBN,0
5600537,HOJA RUEDAS B-17 AJ_LBN,6,38
5600536,HOJA LATERAL 55mm.B-17 AJ_LBN,7,13
5600535,HOJA CENTRO 50mm.CLIM.AJ_LBN,6,93
5600534,HOJA LATERAL 55mm.CLIM.AJ_LBN,6,85
5600533,HOJA RUEDAS CLIMALIT AJ_LBN,6,33
56005323,UNION CORRED/ABISAG_LBN,0
56005317,MARCO FIJO HEMBRA AJ_LBN,7,89
5600531,ESQUINERO REG.MACHO AJ_LBN,8,2
56005307,MARCO FIJO CLIP AJ_LBN,7,89
56005306,JUNQUILLO H-9,5mm_LBN++,0
5600530,ESQUINERO REG.HEMBRA AJ_LBN,7,59
56005211,MARCO PERIMETRAL AJ_LBN,0
5600521,FORRAMARCOS ONDULADO 85mm_LBN,7,23
5600515,GUIA CANTONERA MIRADOR_LBN,0
56005133,ZOCALO RUEDAS CLIMALIT AJ_LBN,14,86
5600513,ACOPLAMIENTO CLIMALIT_LBN++,0
56005111,MARCO INFERIOR 3 CARR.AJ_LBN,19,92
5600511,MARCO INFERIOR CAMARA AJ_LBN,10,02
56005103,ZOCALO RUEDAS AJ_LBN,15,01
56005102,MARCO LATERAL 3 CARR.AJ_LBN,13,47
56005101,MARCO SUPERIOR 3 CARR.AJ_LBN,15,36
5600510,MARCO INF.S/CAMARA AJ_LBN,7,49
5600506,FORRAMARCO 50mm.AJ_LBN,5,89
5600505,HOJA CENTRAL AJ_LBN,7,09
5600504,HOJA LATERAL AJ_LBN,6,66
5600503,HOJA RUEDAS AJ_LBN,6,45
5600502,MARCO LATERAL AJ_LBN,8,25
5600501,MARCO SUPERIOR AJ_LBN,8,34
56004FM4,FORRAMARCO 86mm.CLIP AJ_BEB,0
56004FM3,FORRAMARCO 43mm.CLIP_BEB,0
5600485,FORRAM.85 CLIP DISE�.CORR_BEB,8,59
5600477,UNION MARCOS AJ_BEB,3,92
5600466,TAPA EMBELLECEDOR MARCO AJ_BEB++,0
5600454,HOJA LATERAL 50mm.CLIM.AJ_BEB,7,86
56004509,CANTONERA 90� AJ_BEB,17,16
56004450,HOJA CENTRAL 45mm.CLIM.AJ_BEB,7,86
5600445,HOJA CENTRAL 45mm.AJ_BEB,8,03
5600444,HOJA LATERAL 55mm.AJ_BEB,8,55
5600438,HOJA CENTRO 50mm.B-17 AJ_BEB,8,59
56004377,UNION 2 MARCOS AJ_BEB,0
5600437,HOJA RUEDAS B-17 AJ_BEB,7,76
5600436,HOJA LATERAL 55mm.B-17 AJ_BEB,8,64
5600435,HOJA CENTRO 50mm.CLIM.AJ_BEB,8,44
5600434,HOJA LATERAL 55mm.CLIM.AJ_BEB,8,33
5600433,HOJA RUEDAS CLIMALIT AJ_BEB,7,72
56004323,UNION CORRED/ABISAG_BEB,0
56004317,MARCO FIJO HEMBRA AJ_BEB,9,4
5600431,ESQUINERO REG.MACHO AJ_BEB,9,54
56004307,MARCO FIJO CLIP AJ_BEB,9,4
56004306,JUNQUILLO H-9,5mm_BEB++,0
5600430,ESQUINERO REG.HEMBRA AJ_BEB,8,94
56004211,MARCO PERIMETRAL AJ_BEB,0
5600421,FORRAMARCOS ONDULADO 85mm_BEB,8,42
5600415,GUIA CANTONERA MIRADOR_BEB,0
56004133,ZOCALO RUEDAS CLIMALIT AJ_BEB,16,8
5600413,ACOPLAMIENTO CLIMALIT_BEB,0
56004111,MARCO INFERIOR 3 CARR.AJ_BEB,22,15
5600411,MARCO INFERIOR CAMARA AJ_BEB,11,81
56004103,ZOCALO RUEDAS AJ_BEB,16,97
56004102,MARCO LATERAL 3 CARR.AJ_BEB,15,29
56004101,MARCO SUPERIOR 3 CARR.AJ_BEB,17,35
5600410,MARCO INF.S/CAMARA AJ_BEB,8,94
5600406,FORRAMARCO 50mm.AJ_BEB,6,87
5600405,HOJA CENTRAL AJ_BEB,8,62
5600404,HOJA LATERAL AJ_BEB,8,21
5600403,HOJA RUEDAS AJ_BEB,7,86
5600402,MARCO LATERAL AJ_BEB,9,88
5600401,MARCO SUPERIOR AJ_BEB,9,91
56003FM4,FORRAMARCO 86mm.CLIP AJ_OEB,0
5600377,UNION MARCOS AJ_OEB,0
5600354,HOJA LATERAL 50mm.CLIM.AJ_OEB,0
56003509,CANTONERA 90� AJ_OEB,0
56003450,HOJA CENTRAL 45mm.CLIM.AJ_OEB,0
5600345,HOJA CENTRAL 45mm.AJ_OEB,0
5600344,HOJA LATERAL 55mm.AJ_OEB,0
A90,MALLORQUINA EUROPEA,0
5600335,HOJA CENTRO 50mm.CLIM.AJ_OEB,0
5600334,HOJA LATERAL 55mm.CLIM.AJ_OEB,0
5600333,HOJA RUEDAS CLIMALIT AJ_OEB,0
56003323,UNION CORRED/ABISAG_OEB,0
56003317,MARCO FIJO HEMBRA AJ_OEB,0
5600331,ESQUINERO REG.MACHO AJ_OEB,0
56003307,MARCO FIJO CLIP AJ_OEB,0
56003306,JUNQUILLO H-9,5mm_OEB++,0
5600330,ESQUINERO REG.HEMBRA AJ_OEB,0
56003211,MARCO PERIMETRAL AJ_OEB,0
5600321,FORRAMARCOS ONDULADO 85mm_OEB,0
56003133,ZOCALO RUEDAS CLIMALIT AJ_OEB,0
820002504,TRAVESA�O 75RT DM_CSA,0
56003111,MARCO INFERIOR 3 CARR.AJ_OEB,0
5600311,MARCO INFERIOR CAMARA AJ_OEB,0
56003103,ZOCALO RUEDAS AJ_OEB,0
56003102,MARCO LATERAL 3 CARR.AJ_OEB,0
56003101,MARCO SUPERIOR 3 CARR.AJ_OEB,0
5600310,MARCO INF.S/CAMARA AJ_OEB,0
5600306,FORRAMARCO 50mm.AJ_OEB,0
5600305,HOJA CENTRAL AJ_OEB,0
5600304,HOJA LATERAL AJ_OEB,0
5600303,HOJA RUEDAS AJ_OEB,0
5600302,MARCO LATERAL AJ_OEB,0
5600301,MARCO SUPERIOR AJ_OEB,0
56002FM4,FORRAMARCO 86mm.CLIP AJ_PEB,0
56002FM3,FORRAMARCO 43mm.CLIP_PEB,0
5600285,FORRAM.85 CLIP DISE�.CORR_PEB,7,79
5600266,TAPA EMBELLECEDOR MARCO AJ_PEB++,0
5600254,HOJA LATERAL 50mm.CLIM.AJ_PEB,7,11
56002509,CANTONERA 90� AJ_PEB,15,92
56002450,HOJA CENTRAL 45mm.CLIM.AJ_PEB,6,8
5600245,HOJA CENTRAL 45mm.AJ_PEB,7,2
5600244,HOJA LATERAL 55mm.AJ_PEB,7,74
5600238,HOJA CENTRO 50mm.B-17 AJ_PEB,7,75
56002377,UNION 2 MARCOS AJ_PEB,0
5600237,HOJA RUEDAS B-17 AJ_PEB,7,02
5600236,HOJA LATERAL 55mm.B-17 AJ_PEB,7,8
5600235,HOJA CENTRO 50mm.CLIM.AJ_PEB,7,61
5600234,HOJA LATERAL 55mm.CLIM.AJ_PEB,7,47
5600233,HOJA RUEDAS CLIMALIT AJ_PEB,6,99
56002323,UNION CORRED/ABISAG_PEB,0
56002317,MARCO FIJO HEMBRA AJ_PEB,8,55
5600231,ESQUINERO REG.MACHO AJ_PEB,8,88
56002307,MARCO FIJO CLIP AJ_PEB,8,55
56002306,JUNQUILLO H-9,5mm_PEB++,0
5600230,ESQUINERO REG.HEMBRA AJ_PEB,8,26
56002211,MARCO PERIMETRAL AJ_PEB,0
5600221,FORRAMARCOS ONDULADO 85mm_PEB,7,98
5600215,GUIA CANTONERA MIRADOR_PEB,0
56002133,ZOCALO RUEDAS CLIMALIT AJ_PEB,15,51
5600213,ACOPLAMIENTO CLIMALIT_PEB++,0
56002111,MARCO INFERIOR 3 CARR.AJ_PEB,20,6
5600211,MARCO INFERIOR CAMARA AJ_PEB,10,67
56002103,ZOCALO RUEDAS AJ_PEB,15,66
56002102,MARCO LATERAL 3 CARR.AJ_PEB,14,12
56002101,MARCO SUPERIOR 3 CARR.AJ_PEB,16,04
5600210,MARCO INF.S/CAMARA AJ_PEB,8,12
5600206,FORRAMARCO 50mm.AJ_PEB,6,23
5600205,HOJA CENTRAL AJ_PEB,7,75
5600204,HOJA LATERAL AJ_PEB,7,32
5600203,HOJA RUEDAS AJ_PEB,7,09
5600202,MARCO LATERAL AJ_PEB,8,91
5600201,MARCO SUPERIOR AJ_PEB,9
56001FM4,FORRAMARCO 86mm.CLIP AJ_PMD,0
56001FM3,FORRAMARCO 43mm.CLIP_PMD,0
5600185,FORRAM.85 CLIP DISE�.CORR_PMD,7,46
5600177,UNION MARCOS AJ_PMD,3,53
5600166,TAPA EMBELLECEDOR MARCO AJ_PMD++,0
5600154,HOJA LATERAL 50mm.CLIM.AJ_PMD,6,5
56001509,CANTONERA 90� AJ_PMD,15,33
56001450,HOJA CENTRAL 45mm.CLIM.AJ_PMD,6,48
5600145,HOJA CENTRAL 45mm.AJ_PMD,6,6
5600144,HOJA LATERAL 55mm.AJ_PMD,7,14
5600138,HOJA CENTRO 50mm.B-17 AJ_PMD,7,14
56001377,UNION 2 MARCOS AJ_PMD,0
5600137,HOJA RUEDAS B-17 AJ_PMD,6,43
5600136,HOJA LATERAL 55mm.B-17 AJ_PMD,7,18
5600135,HOJA CENTRO 50mm.CLIM.AJ_PMD,6,99
5600134,HOJA LATERAL 55mm.CLIM.AJ_PMD,6,9
5600133,HOJA RUEDAS CLIMALIT AJ_PMD,6,38
56001323,UNION CORRED/ABISAG_PMD,0
56001317,MARCO FIJO HEMBRA AJ_PMD,7,95
5600131,ESQUINERO REG.MACHO AJ_PMD,8,26
56001307,MARCO FIJO CLIP AJ_PMD,7,95
56001306,JUNQUILLO H-9,5mm_PMD++,0
5600130,ESQUINERO REG.HEMBRA AJ_PMD,7,65
56001211,MARCO PERIMETRAL AJ_PMD,0
5600121,FORRAMARCOS ONDULADO 85mm_PMD,7,28
5600115,GUIA CANTONERA MIRADOR_PMD,0
56001133,ZOCALO RUEDAS CLIMALIT AJ_PMD,14,97
5600113,ACOPLAMIENTO CLIMALIT_PMD++,0
56001111,MARCO INFERIOR 3 CARR.AJ_PMD,20,07
5600111,MARCO INFERIOR CAMARA AJ_PMD,10,09
56001103,ZOCALO RUEDAS AJ_PMD,15,13
56001102,MARCO LATERAL 3 CARR.AJ_PMD,13,57
56001101,MARCO SUPERIOR 3 CARR.AJ_PMD,15,47
5600110,MARCO INF.S/CAMARA AJ_PMD,7,55
5600106,FORRAMARCO 50mm.AJ_PMD,5,94
5600105,HOJA CENTRAL AJ_PMD,7,14
5600104,HOJA LATERAL AJ_PMD,6,71
5600103,HOJA RUEDAS AJ_PMD,6,5
5600102,MARCO LATERAL AJ_PMD,8,31
5600101,MARCO SUPERIOR AJ_PMD,8,4
56000FM4,FORRAMARCO 86mm.CLIP AJ_CSA,0
5600085,FORRAM.85 CLIP DISE�.CORR_CSA,0
5600077,UNION MARCOS AJ_CSA,0
5600066,TAPA EMBELLECEDOR MARCO AJ_CSA++,0
5600054,HOJA LATERAL 50mm.CLIM.AJ_CSA,0
56000509,CANTONERA 90� AJ_CSA,0
56000450,HOJA CENTRAL 45mm.CLIM.AJ_CSA,0
5600045,HOJA CENTRAL 45mm.AJ_CSA,0
5600044,HOJA LATERAL 55mm.AJ_CSA,0
5600038,HOJA CENTRO 50mm.B-17 AJ_CSA,0
56000377,UNION 2 MARCOS AJ_CSA,0
5600037,HOJA RUEDAS B-17 AJ_CSA,0
5600036,HOJA LATERAL 55mm.B-17 AJ_CSA,0
5600035,HOJA CENTRO 50mm.CLIM.AJ_CSA,0
5600034,HOJA LATERAL 55mm.CLIM.AJ_CSA,0
5600033,HOJA RUEDAS CLIMALIT AJ_CSA,0
56000323,UNION CORRED/ABISAG_CSA,0
56000317,MARCO FIJO HEMBRA AJ_CSA,0
5600031,ESQUINERO REG.MACHO AJ_CSA,0
56000307,MARCO FIJO CLIP AJ_CSA,0
56000306,JUNQUILLO H-9,5mm_CSA++,0
5600030,ESQUINERO REG.HEMBRA AJ_CSA,0
56000211,MARCO PERIMETRAL AJ_CSA,0
5600021,FORRAMARCOS ONDULADO 85mm_CSA,0
5600015,GUIA CANTONERA MIRADOR_CSA,0
56000133,ZOCALO RUEDAS CLIMALIT AJ_CSA,0
5600013,ACOPLAMIENTO CLIMALIT_CSA++,0
56000111,MARCO INFERIOR 3 CARR.AJ_CSA,0
5600011,MARCO INFERIOR CAMARA AJ_CSA,0
56000103,ZOCALO RUEDAS AJ_CSA,0
56000102,MARCO LATERAL 3 CARR.AJ_CSA,0
56000101,MARCO SUPERIOR 3 CARR.AJ_CSA,0
5600010,MARCO INF.S/CAMARA AJ_CSA,0
5600006,FORRAMARCO 50mm.AJ_CSA,0
5600005,HOJA CENTRAL AJ_CSA,0
5600004,HOJA LATERAL AJ_CSA,0
5600003,HOJA RUEDAS AJ_CSA,0
5600002,MARCO LATERAL AJ_CSA,0
5600001,MARCO SUPERIOR AJ_CSA,0
560,CORREDERA AJ,0
55008627872,U�ERO_INOX,0
55008627865,MANETA INTERIOR+U�ERO_INOX,0
55006776465,TIRADOR OCEANE_NEGRO,0
55006776464,TIRADOR CIERRE SOBR.OCEANE_NEGRO,0
55006776440,TIRADOR CIERRE SOBREP.TUBO_NEGRO,0
55006776437,CIERRE DOBLE C/PLACA_NEGRO,0
55006776436,CIERRE TIRAD.S/LLAVE-S/GAN_NEGRO,0
55006776433,CIERRE INT.MANUAL S/GANCHO_NEGRO,0
55006627872,U�ERO_NEGRO,0
55006627865,MANETA INTERIOR+U�ERO_NEGRO/COLOR,0
55006626111,PIEZA CORTAVIEN.INF.AV100_NEGRO,0
55005776464,TIRADOR CIERRE SOBR.OCEANE_BLANCO,0
55005776440,TIRADOR CIERRE SOBREP.TUBO_BLANCO,0
55005776437,CIERRE DOBLE C/PLACA_BLANCO,0
55005776436,CIERRE TIRAD.S/LLAVE-S/GAN_BLANCO,0
55005776433,CIERRE INT.MANUAL S/GANCHO_BLANCO,0
55005627872,U�ERO_BLANCO,0
55005627865,MANETA INTERIOR+U�ERO_BLANCO,0
55001627872,U�ERO_PLATA,0
55001627865,MANETA INTERIOR+U�ERO_PLATA,0
550009999,MATRIZ P/FIJOS 141383 AV100,0
55000999,MATRIZ MANUAL AV100,0
5500099,MATRIZ NEUMATICA AV100,0
55000970296,UTIL CERRADERO ELEVABLE AV100,0
55000778027,JUNTA ESTANQ.HOJA MARCO AV100,0
55000776918,DEFLECTOR AIRE,0
55000776462,KIT P/776436 C/LLAVE AV100,0
55000776454,DISTANCIADOR CREMONA CORTO,0
55000776444,KIT CIERRE AV100,0
55000776428,RULETA TANDEM GRAD.INOX.AV100,0
55000776290,KIT ACCES.SEGURIDAD+TORNILLOS,0
55000776281,KIT BASE ELEVABLE 250KG.AV100,0
55000776267,PZA.EST.CENT.3-4 H.CORREDERA,0
55000776263,CREMONA VENTANA 1155-1755(PLATA),0
55000776261,KIT TORNILLO INOX.MARCO AV100,0
55000775030,KIT TORNILLO ELEVABLE,0
55000770000,KIT BASE ELEVABLE 300KG.AV100,0
55000687608,ESCUADRA ALINEAMIENTO,0
55000686102,ESCUADRA RIGIDA 141386XX,0
55000627902,CREMONA BALCON 2065-2365(PLATA),0
55000627868,CREMONA BALCON 2391-2690,0
55000627854,BULON CIERRE ELEVADOR,0
55000627852,CREMONA BALCON 2065-2365(PLATA)++,0
55000627851,CREMONA BALCON 1765-2190(PLATA)++,0
55000626135,PIEZA CORTAVIENTOS SUP.AV100,0
55000626134,KIT TACOS FIJACION HOJA AV100,0
55000626133,KIT PIEZAS ESTANQ.MARCO AV100,0
55000626132,JUEGO TOPES GUIA HOJA AV100,0
55000626131,PIEZA CORTAV.INF.ELEV.AV100,0
55000626130,PIEZA EST.CENT.3-4 H.ELEVABLE,0
55000626116,RULETA TANDEM INOX.AV100,0
55000626115,RULETA SIMPLE INOX.AV100,0
55000566212,REGULADOR ANCLAJ.M.LATER.AV100,0
55000560000,PROL.CREMONA P/HS-200/HS-300,0
5500000,TORNILLO DIN7982 4,8x55,0
550,ACC.CORREDERA AV-100,0
54019141387,SUPLEM.HOJA CENTRO AV-100_I245,0
54019141386,HOJA PERIMETRAL AV-100_I245,0
54019141385,MARCO INFERIOR AV-100_I245,0
54019141384,MARCO SUPERIOR AV-100_I245,0
54019141383,MARCO LATERAL AV-100_I245,0
54017141387,SUPLEM.HOJA CENTRO AV-100_LMV,0
54017141386,HOJA PERIMETRAL AV-100_LMV,0
54017141385,MARCO INFERIOR AV-100_LMV,0
54017141384,MARCO SUPERIOR AV-100_LMV,0
54017141383,MARCO LATERAL AV-100_LMV,0
54017141382,MARCO FIJO AV-100_LMV,0
54016141387,SUPLEM.HOJA CENTRO AV-100_LMN,0
54016141386,HOJA PERIMETRAL AV-100_LMN,0
54016141385,MARCO INFERIOR AV-100_LMN,0
54016141384,MARCO SUPERIOR AV-100_LMN,0
54016141383,MARCO LATERAL AV-100_LMN,0
54013141387,SUPLEM.HOJA CENTRO AV-100_LBP,0
54013141386,HOJA PERIMETRAL AV-100_LBP,0
54013141385,MARCO INFERIOR AV-100_LBP,0
54013141384,MARCO SUPERIOR AV-100_LBP,0
54013141383,MARCO LATERAL AV-100_LBP,0
54013141382,MARCO FIJO AV-100_LBP,0
54012141387,SUPLEM.HOJA CENTRO AV-100_LC4,0
54012141386,HOJA PERIMETRAL AV-100_LC4,0
54012141385,MARCO INFERIOR AV-100_LC4,0
54012141384,MARCO SUPERIOR AV-100_LC4,0
54012141383,MARCO LATERAL AV-100_LC4,0
54010141388,PERFIL 4 HOJAS AV-100_LC2,0
54010141387,SUPLEM.HOJA CENTRO AV-100_LC2,0
54010141386,HOJA PERIMETRAL AV-100_LC2,0
54010141385,MARCO INFERIOR AV-100_LC2,0
54010141384,MARCO SUPERIOR AV-100_LC2,0
54010141383,MARCO LATERAL AV-100_LC2,0
54010141382,MARCO FIJO AV-100_LC2,0
54009141387,SUPLEM.HOJA CENTRO AV-100_AOC,0
54009141386,HOJA PERIMETRAL AV-100_AOC,0
54009141385,MARCO INFERIOR AV-100_AOC,0
54009141384,MARCO SUPERIOR AV-100_AOC,0
54009141383,MARCO LATERAL AV-100_AOC,0
54009141382,MARCO FIJO AV-100_AOC,0
54008141388,PERFIL 4 HOJAS AV-100_INOX,0
54008141387,SUPLEM.HOJA CENTRO AV-100_INOX,0
54008141386,HOJA PERIMETRAL AV-100_INOX,0
54008141385,MARCO INFERIOR AV-100_INOX,0
54008141384,MARCO SUPERIOR AV-100_INOX,0
54008141383,MARCO LATERAL AV-100_INOX,0
54008141382,MARCO FIJO AV-100_INOX,0
54007141388,PERFIL 4 HOJAS AV-100_LMD,0
54007141387,SUPLEM.HOJA CENTRO AV-100_LMD,0
54007141386,HOJA PERIMETRAL AV-100_LMD,0
54007141385,MARCO INFERIOR AV-100_LMD,0
54007141384,MARCO SUPERIOR AV-100_LMD,0
54007141383,MARCO LATERAL AV-100_LMD,0
54007141382,MARCO FIJO AV-100_LMD,0
54006141388,PERFIL 4 HOJAS AV-100_LC1,0
54006141387,SUPLEM.HOJA CENTRO AV-100_LC1,0
54006141386,HOJA PERIMETRAL AV-100_LC1,0
54006141385,MARCO INFERIOR AV-100_LC1,0
54006141384,MARCO SUPERIOR AV-100_LC1,0
54006141383,MARCO LATERAL AV-100_LC1,0
54006141382,MARCO FIJO AV-100_LC1,0
54005141388,PERFIL 4 HOJAS AV-100_LBN,0
54005141387,SUPLEM.HOJA CENTRO AV-100_LBN,0
54005141386,HOJA PERIMETRAL AV-100_LBN,0
54005141385,MARCO INFERIOR AV-100_LBN,0
54005141384,MARCO SUPERIOR AV-100_LBN,0
54005141383,MARCO LATERAL AV-100_LBN,0
54005141382,MARCO FIJO AV-100_LBN,0
54004141388,PERFIL 4 HOJAS AV-100_BEB,0
54004141387,SUPLEM.HOJA CENTRO AV-100_BEB,0
54004141386,HOJA PERIMETRAL AV-100_BEB,0
54004141385,MARCO INFERIOR AV-100_BEB,0
54004141384,MARCO SUPERIOR AV-100_BEB,0
54004141383,MARCO LATERAL AV-100_BEB,0
54004141382,MARCO FIJO AV-100_BEB,0
54003141387,SUPLEM.HOJA CENTRO AV-100_OEB,0
54003141386,HOJA PERIMETRAL AV-100_OEB,0
54003141385,MARCO INFERIOR AV-100_OEB,0
54003141384,MARCO SUPERIOR AV-100_OEB,0
54003141383,MARCO LATERAL AV-100_OEB,0
54002141388,PERFIL 4 HOJAS AV-100_PEB,0
54002141387,SUPLEM.HOJA CENTRO AV-100_PEB,0
54002141386,HOJA PERIMETRAL AV-100_PEB,0
54002141385,MARCO INFERIOR AV-100_PEB,0
54002141384,MARCO SUPERIOR AV-100_PEB,0
54002141383,MARCO LATERAL AV-100_PEB,0
54002141382,MARCO FIJO AV-100_PEB,0
54001141387,SUPLEM.HOJA CENTRO AV-100_PMD,0
54001141386,HOJA PERIMETRAL AV-100_PMD,0
54001141385,MARCO INFERIOR AV-100_PMD,0
54001141384,MARCO SUPERIOR AV-100_PMD,0
54001141383,MARCO LATERAL AV-100_PMD,0
54001141382,MARCO FIJO AV-100_PMD,0
54000141388,PERFIL 4 HOJAS AV-100_CSA,0
54000141387,SUPLEM.HOJA CENTRO AV-100_CSA,0
54000141386,HOJA PERIMETRAL AV-100_CSA,0
54000141385,MARCO INFERIOR AV-100_CSA,0
54000141384,MARCO SUPERIOR AV-100_CSA,0
54000141383,MARCO LATERAL AV-100_CSA,0
54000141382,MARCO FIJO AV-100_CSA,0
540,CORREDERA AV-100,0
5300680,PATIN GUIADOR BL_NEGRO,0
5300671D,ASA TIRADOR BL/LG_NEGRO,0
5300661D,CIERRE EMBUTIDO BL_NEGRO,0
53006110,JUNTA ANTIRRETORNO BL_NEGRO,0
5300602,CIERRE EMBUTIDO C/COND.BL_NEGRO,0
5300571D,ASA TIRADOR BL/LG_BLANCO,0
5300561D,CIERRE EMBUTIDO BL_BLANCO,0
5300502,CIERRE EMBUTIDO C/COND.BL_BLANCO,0
53000990,MATRIZ COMPLETA CON PULMON BL,0
5300098,MATRIZ MANUAL CON FIJOS BL,0
5300090,JUNTA ESTANQUEIDAD BL-02 Y 03,0
5300046,UNION BL/LG/40x20,0
53000450,ESCUADRA TAPAJUNTAS REGISTRO,0
5300040,CORTAVIENTOS C/FELPUDO BL,0
5300030,RUEDA FIJA BL,0
53000201,KIT 2 HOJAS BL,0
53000199,GOMA REDONDA 6mm.P/MOSQUITERA BL,0
5300019,RUEDA REGULABLE BL,0
53000170,ESCUADRA TAPAJUNTAS BL,0
53000150,FELPUDO 7x6,0
53000118,JUNTA ESTANQ.HOJA BL-08 Y 11,0
53000100,JGO.JUNTAS MARCOS BL,0
530,ACC.CORREDERA BL,0
5201799,MOSQUITERA BL_LMV,0
5201727,SUPLEM.MOSQUITERA BL/LG_LMV,0
5201614,UNION 4 HOJAS BL_LMN,0
5201527,SUPLEM.MOSQUITERA BL/LG_LMC,0
5201519,HOJA CENTRAL BL_LMC,0
5201509,HOJA RUEDAS BL_LMC,0
5201508,HOJA LATERAL BL_LMC,0
5201503,MARCO SUPERIOR BL_LMC,0
5201502,MARCO INFERIOR BL_LMC,0
5201501,MARCO LATERAL BL_LMC,0
5201427,SUPLEM.MOSQUITERA BL/LG_LMP,0
5201401,MARCO LATERAL BL_LMP,0
5201299,MOSQUITERA BL_LC4,0
5201237,CLIP RASANTE T/MARCOS BL_LC4,0
5201229,UNION BL/EU_LC4,0
5201228,UNION 2 MARCOS BL_LC4,0
5201227,SUPLEM.MOSQUITERA BL/LG_LC4,0
5201226,SEPARADOR CRISTAL CLIM.BL_LC4,0
5201225,SEPARADOR CRISTAL BL_LC4,0
5201224,ZOCALO RUEDAS CLIM.BL_LC4,0
5201223,ZOCALO RUEDAS BL_LC4,0
5201221,FORRAMARCO 85mm.BL_LC4,0
5201220,HOJA CENTRAL CLIM.BL_LC4,0
5201219,HOJA CENTRAL BL_LC4,0
5201216,FORRAMARCO 30mm.BL_LC4,0
52012152,FORRAMARCO 40mm.BL_LC4,0
5201215,FORRAMARCO 45mm.BL_LC4,0
5201214,UNION 4 HOJAS BL_LC4,0
5201212,HOJA RUEDAS CLIM.BL_LC4,0
5201211,HOJA LATERAL CLIM.BL_LC4,0
5201209,HOJA RUEDAS BL_LC4,0
5201208,HOJA LATERAL BL_LC4,0
5201207,CANTONERA 90� BL_LC4,0
5201206,MARCO INFERIOR C/CAM.BL_LC4,0
5201205,MARCO FIJO CLIPADO BL_LC4,0
5201204,MARCO FIJO ATORNILLADO BL_LC4,0
5201203,MARCO SUPERIOR BL_LC4,0
5201202,MARCO INFERIOR BL_LC4,0
5201201,MARCO LATERAL BL_LC4,0
5201199,MOSQUITERA BL_LC3,7,31
5201137,CLIP RASANTE T/MARCOS BL_LC3,7,04
5201129,UNION BL/EU_LC3,8,49
5201128,UNION 2 MARCOS BL_LC3,14,48
5201127,SUPLEM.MOSQUITERA BL/LG_LC3,2,53
5201126,SEPARADOR CRISTAL CLIM.BL_LC3,14,25
5201125,SEPARADOR CRISTAL BL_LC3,12,62
5201124,ZOCALO RUEDAS CLIM.BL_LC3,22,48
5201123,ZOCALO RUEDAS BL_LC3,22,64
5201121,FORRAMARCO 85mm.BL_LC3,13,19
5201120,HOJA CENTRAL CLIM.BL_LC3,11,54
5201119,HOJA CENTRAL BL_LC3,12,07
5201116,FORRAMARCO 30mm.BL_LC3,10,32
52011152,FORRAMARCO 40mm.BL_LC3,7,39
5201115,FORRAMARCO 45mm.BL_LC3,10,01
5201114,UNION 4 HOJAS BL_LC3,4,68
5201112,HOJA RUEDAS CLIM.BL_LC3,10,4
5201111,HOJA LATERAL CLIM.BL_LC3,10,28
5201109,HOJA RUEDAS BL_LC3,10,45
5201108,HOJA LATERAL BL_LC3,10,89
5201107,CANTONERA 90� BL_LC3,24,82
5201106,MARCO INFERIOR C/CAM.BL_LC3,0
5201105,MARCO FIJO CLIPADO BL_LC3,8,69
5201104,MARCO FIJO ATORNILLADO BL_LC3,11,41
5201103,MARCO SUPERIOR BL_LC3,14,54
5201102,MARCO INFERIOR BL_LC3,14,24
5201101,MARCO LATERAL BL_LC3,11,17
5201099,MOSQUITERA BL_LC2,6,99
5201037,CLIP RASANTE T/MARCOS BL_LC2,6,73
5201029,UNION BL/EU_LC2,8,13
5201028,UNION 2 MARCOS BL_LC2,13,86
5201027,SUPLEM.MOSQUITERA BL/LG_LC2,2,42
5201026,SEPARADOR CRISTAL CLIM.BL_LC2,13,64
5201025,SEPARADOR CRISTAL BL_LC2,12,07
5201024,ZOCALO RUEDAS CLIM.BL_LC2,21,51
5201023,ZOCALO RUEDAS BL_LC2,21,66
5201021,FORRAMARCO 85mm.BL_LC2,12,62
5201020,HOJA CENTRAL CLIM.BL_LC2,11,05
5201019,HOJA CENTRAL BL_LC2,11,55
5201016,FORRAMARCO 30mm.BL_LC2,9,89
52010152,FORRAMARCO 40mm.BL_LC2,7,07
5201015,FORRAMARCO 45mm.BL_LC2,9,59
5201014,UNION 4 HOJAS BL_LC2,4,48
5201012,HOJA RUEDAS CLIM.BL_LC2,9,95
5201011,HOJA LATERAL CLIM.BL_LC2,9,84
5201009,HOJA RUEDAS BL_LC2,9,99
5201008,HOJA LATERAL BL_LC2,10,43
5201007,CANTONERA 90� BL_LC2,23,74
5201006,MARCO INFERIOR C/CAM.BL_LC2,0
5201005,MARCO FIJO CLIPADO BL_LC2,8,32
5201004,MARCO FIJO ATORNILLADO BL_LC2,10,93
5201003,MARCO SUPERIOR BL_LC2,13,91
5201002,MARCO INFERIOR BL_LC2,13,63
5201001,MARCO LATERAL BL_LC2,10,7
5200999,MOSQUITERA BL_AOC,0
5200920,HOJA CENTRAL CLIM.BL_AOC,0
5200919,HOJA CENTRAL BL_AOC,0
5200912,HOJA RUEDAS CLIM.BL_AOC,0
5200911,HOJA LATERAL CLIM.BL_AOC,0
5200909,HOJA RUEDAS BL_AOC,0
5200908,HOJA LATERAL BL_AOC,0
5200907,CANTONERA 90� BL_AOC,0
5200905,MARCO FIJO CLIPADO BL_AOC,0
5200904,MARCO FIJO ATORNILLADO BL_AOC,0
5200903,MARCO SUPERIOR BL_AOC,0
5200902,MARCO INFERIOR BL_AOC,0
5200901,MARCO LATERAL BL_AOC,0
5200899,MOSQUITERA BL_INOX,8,02
5200837,CLIP RASANTE T/MARCOS BL_INOX,0
5200829,UNION BL/EU_INOX,0
5200828,UNION 2 MARCOS BL_INOX,15,79
5200827,SUPLEM.MOSQUITERA BL/LG_INOX,2,96
5200826,SEPARADOR CRISTAL CLIM.BL_INOX,0
5200825,SEPARADOR CRISTAL BL_INOX,13,7
5200824,ZOCALO RUEDAS CLIM.BL_INOX,24,47
5200823,ZOCALO RUEDAS BL_INOX,24,62
5200821,FORRAMARCO 85mm.BL_INOX,0
5200820,HOJA CENTRAL CLIM.BL_INOX,12,76
5200819,HOJA CENTRAL BL_INOX,13,34
5200816,FORRAMARCO 30mm.BL_INOX,0
52008152,FORRAMARCO 40mm.BL_INOX,8,39
5200815,FORRAMARCO 45mm.BL_INOX,11,03
5200814,UNION 4 HOJAS BL_INOX,5,11
5200812,HOJA RUEDAS CLIM.BL_INOX,11,46
5200811,HOJA LATERAL CLIM.BL_INOX,11,35
5200809,HOJA RUEDAS BL_INOX,11,48
5200808,HOJA LATERAL BL_INOX,12,06
5200807,CANTONERA 90� BL_INOX,0
5200806,MARCO INFERIOR C/CAM.BL_INOX,0
5200805,MARCO FIJO CLIPADO BL_INOX,9,6
5200804,MARCO FIJO ATORNILLADO BL_INOX,12,49
5200803,MARCO SUPERIOR BL_INOX,15,97
5200802,MARCO INFERIOR BL_INOX,15,52
5200801,MARCO LATERAL BL_INOX,12,33
5200799,MOSQUITERA BL_LMD,11,1
5200737,CLIP RASANTE T/MARCOS BL_LMD,0
5200729,UNION BL/EU_LMD,11,61
5200728,UNION 2 MARCOS BL_LMD,21,49
5200727,SUPLEM.MOSQUITERA BL/LG_LMD,4,82
5200726,SEPARADOR CRISTAL CLIM.BL_LMD,21,35
5200725,SEPARADOR CRISTAL BL_LMD,18,57
5200724,ZOCALO RUEDAS CLIM.BL_LMD,33,3
5200723,ZOCALO RUEDAS BL_LMD,33,5
5200721,FORRAMARCO 85mm.BL_LMD,20,55
5200720,HOJA CENTRAL CLIM.BL_LMD,17,88
5200719,HOJA CENTRAL BL_LMD,18,78
5200716,FORRAMARCO 30mm.BL_LMD,13,45
52007152,FORRAMARCO 40mm.BL_LMD,0
5200715,FORRAMARCO 45mm.BL_LMD,15,58
5200714,UNION 4 HOJAS BL_LMD,7,07
5200712,HOJA RUEDAS CLIM.BL_LMD,16
5200711,HOJA LATERAL CLIM.BL_LMD,15,93
5200709,HOJA RUEDAS BL_LMD,13,63
5200708,HOJA LATERAL BL_LMD,14,23
5200707,CANTONERA 90� BL_LMD,32,4
5200706,MARCO INFERIOR C/CAM.BL_LMD,0
5200705,MARCO FIJO CLIPADO BL_LMD,11,35
5200704,MARCO FIJO ATORNILLADO BL_LMD,14,9
5200703,MARCO SUPERIOR BL_LMD,18,98
5200702,MARCO INFERIOR BL_LMD,18,59
5200701,MARCO LATERAL BL_LMD,14,59
5200699,MOSQUITERA BL_LC1,6,85
5200637,CLIP RASANTE T/MARCOS BL_LC1,6,61
5200629,UNION BL/EU_LC1,7,96
5200628,UNION 2 MARCOS BL_LC1,13,58
5200627,SUPLEM.MOSQUITERA BL/LG_LC1,2,38
5200626,SEPARADOR CRISTAL CLIM.BL_LC1,13,37
5200625,SEPARADOR CRISTAL BL_LC1,11,83
5200624,ZOCALO RUEDAS CLIM.BL_LC1,21,07
5200623,ZOCALO RUEDAS BL_LC1,21,22
5200621,FORRAMARCO 85mm.BL_LC1,12,36
5200620,HOJA CENTRAL CLIM.BL_LC1,10,82
5200619,HOJA CENTRAL BL_LC1,11,31
5200616,FORRAMARCO 30mm.BL_LC1,9,69
52006152,FORRAMARCO 40mm.BL_LC1,6,93
5200615,FORRAMARCO 45mm.BL_LC1,9,39
5200614,UNION 4 HOJAS BL_LC1,4,39
5200612,HOJA RUEDAS CLIM.BL_LC1,9,76
5200611,HOJA LATERAL CLIM.BL_LC1,9,64
5200609,HOJA RUEDAS BL_LC1,9,79
5200608,HOJA LATERAL BL_LC1,10,21
5200607,CANTONERA 90� BL_LC1,23,27
5200606,MARCO INFERIOR C/CAM.BL_LC1,0
5200605,MARCO FIJO CLIPADO BL_LC1,8,15
5200604,MARCO FIJO ATORNILLADO BL_LC1,10,7
5200603,MARCO SUPERIOR BL_LC1,13,63
5200602,MARCO INFERIOR BL_LC1,13,35
5200601,MARCO LATERAL BL_LC1,10,48
5200599,MOSQUITERA BL_LBN,6,46
5200537,CLIP RASANTE T/MARCOS BL_LBN,6,22
5200529,UNION BL/EU_LBN,7,5
5200528,UNION 2 MARCOS BL_LBN,12,79
5200527,SUPLEM.MOSQUITERA BL/LG_LBN,2,23
5200526,SEPARADOR CRISTAL CLIM.BL_LBN,12,59
5200525,SEPARADOR CRISTAL BL_LBN,11,14
5200524,ZOCALO RUEDAS CLIM.BL_LBN,19,85
5200523,ZOCALO RUEDAS BL_LBN,19,98
5200521,FORRAMARCO 85mm.BL_LBN,11,64
5200520,HOJA CENTRAL CLIM.BL_LBN,10,18
5200519,HOJA CENTRAL BL_LBN,10,66
5200516,FORRAMARCO 30mm.BL_LBN,9,12
52005152,FORRAMARCO 40mm.BL_LBN,6,52
5200515,FORRAMARCO 45mm.BL_LBN,8,84
5200514,UNION 4 HOJAS BL_LBN,4,14
5200512,HOJA RUEDAS CLIM.BL_LBN,9,19
5200511,HOJA LATERAL CLIM.BL_LBN,9,08
5200509,HOJA RUEDAS BL_LBN,9,21
5200508,HOJA LATERAL BL_LBN,9,62
5200507,CANTONERA 90� BL_LBN,21,91
5200506,MARCO INFERIOR C/CAM.BL_LBN,0
5200505,MARCO FIJO CLIPADO BL_LBN,7,67
5200504,MARCO FIJO ATORNILLADO BL_LBN,10,08
5200503,MARCO SUPERIOR BL_LBN,12,83
5200502,MARCO INFERIOR BL_LBN,12,57
5200501,MARCO LATERAL BL_LBN,9,86
5200499,MOSQUITERA BL_BEB,7,6
5200437,CLIP RASANTE T/MARCOS BL_BEB,7,23
5200429,UNION BL/EU_BEB,8,59
5200428,UNION 2 MARCOS BL_BEB,14,94
5200427,SUPLEM.MOSQUITERA BL/LG_BEB,2,8
5200426,SEPARADOR CRISTAL CLIM.BL_BEB,14,75
5200425,SEPARADOR CRISTAL BL_BEB,12,96
5200424,ZOCALO RUEDAS CLIM.BL_BEB,23,15
5200423,ZOCALO RUEDAS BL_BEB,23,29
5200421,FORRAMARCO 85mm.BL_BEB,13,77
5200420,HOJA CENTRAL CLIM.BL_BEB,12,07
5200419,HOJA CENTRAL BL_BEB,12,62
5200416,FORRAMARCO 30mm.BL_BEB,10,2
52004152,FORRAMARCO 40mm.BL_BEB,7,94
5200415,FORRAMARCO 45mm.BL_BEB,10,44
5200414,UNION 4 HOJAS BL_BEB,4,84
5200412,HOJA RUEDAS CLIM.BL_BEB,10,84
5200411,HOJA LATERAL CLIM.BL_BEB,10,74
5200409,HOJA RUEDAS BL_BEB,10,86
5200408,HOJA LATERAL BL_BEB,11,41
5200407,CANTONERA 90� BL_BEB,25,44
5200406,MARCO INFERIOR C/CAM.BL_BEB,0
5200405,MARCO FIJO CLIPADO BL_BEB,9,08
5200404,MARCO FIJO ATORNILLADO BL_BEB,11,82
5200403,MARCO SUPERIOR BL_BEB,15,1
5200402,MARCO INFERIOR BL_BEB,14,68
5200401,MARCO LATERAL BL_BEB,11,67
5200399,MOSQUITERA BL_OEB,7,6
5200329,UNION BL/EU_OEB,8,59
5200328,UNION 2 MARCOS BL_OEB,14,94
5200327,SUPLEM.MOSQUITERA BL/LG_OEB,2,8
5200326,SEPARADOR CRISTAL CLIM.BL_OEB,14,75
5200325,SEPARADOR CRISTAL BL_OEB,12,96
5200324,ZOCALO RUEDAS CLIM.BL_OEB,23,15
5200323,ZOCALO RUEDAS BL_OEB,23,29
5200321,FORRAMARCO 85mm.BL_OEB,13,77
5200320,HOJA CENTRAL CLIM.BL_OEB,12,07
5200319,HOJA CENTRAL BL_OEB,12,62
5200316,FORRAMARCO 30mm.BL_OEB,10,2
5200315,FORRAMARCO 45mm.BL_OEB,10,44
5200314,UNION 4 HOJAS BL_OEB,4,84
5200312,HOJA RUEDAS CLIM.BL_OEB,10,84
5200311,HOJA LATERAL CLIM.BL_OEB,10,74
5200309,HOJA RUEDAS BL_OEB,10,86
5200308,HOJA LATERAL BL_OEB,11,41
5200307,CANTONERA 90� BL_OEB,25,44
5200306,MARCO INFERIOR C/CAM.BL_OEB,0
5200305,MARCO FIJO CLIPADO BL_OEB,9,08
5200304,MARCO FIJO ATORNILLADO BL_OEB,11,82
5200303,MARCO SUPERIOR BL_OEB,15,1
5200302,MARCO INFERIOR BL_OEB,14,68
5200301,MARCO LATERAL BL_OEB,11,67
5200299,MOSQUITERA BL_PEB,7,15
5200237,CLIP RASANTE T/MARCOS BL_PEB,6,42
5200229,UNION BL/EU_PEB,8,22
5200228,UNION 2 MARCOS BL_PEB,14,16
5200227,SUPLEM.MOSQUITERA BL/LG_PEB,2,54
5200226,SEPARADOR CRISTAL CLIM.BL_PEB,13,94
5200225,SEPARADOR CRISTAL BL_PEB,12,29
5200224,ZOCALO RUEDAS CLIM.BL_PEB,21,94
5200223,ZOCALO RUEDAS BL_PEB,22,09
5200221,FORRAMARCO 85mm.BL_PEB,12,94
5200220,HOJA CENTRAL CLIM.BL_PEB,11,36
5200219,HOJA CENTRAL BL_PEB,11,86
5200216,FORRAMARCO 30mm.BL_PEB,9,39
52002152,FORRAMARCO 40mm.BL_PEB,7
5200215,FORRAMARCO 45mm.BL_PEB,9,82
5200214,UNION 4 HOJAS BL_PEB,4,57
5200212,HOJA RUEDAS CLIM.BL_PEB,10,21
5200211,HOJA LATERAL CLIM.BL_PEB,10,12
5200209,HOJA RUEDAS BL_PEB,10,23
5200208,HOJA LATERAL BL_PEB,10,73
5200207,CANTONERA 90� BL_PEB,24,19
5200206,MARCO INFERIOR C/CAM.BL_PEB,0
5200205,MARCO FIJO CLIPADO BL_PEB,8,54
5200204,MARCO FIJO ATORNILLADO BL_PEB,11,17
5200203,MARCO SUPERIOR BL_PEB,14,24
5200202,MARCO INFERIOR BL_PEB,13,92
5200201,MARCO LATERAL BL_PEB,10,99
5200199,MOSQUITERA BL_PMD,5,87
5200137,CLIP RASANTE T/MARCOS BL_PMD,5,66
5200129,UNION BL/EU_PMD,0
5200128,UNION 2 MARCOS BL_PMD,0
5200127,SUPLEM.MOSQUITERA BL/LG_PMD,2,03
5200126,SEPARADOR CRISTAL CLIM.BL_PMD,0
5200125,SEPARADOR CRISTAL BL_PMD,0
5200124,ZOCALO RUEDAS CLIM.BL_PMD,0
5200123,ZOCALO RUEDAS BL_PMD,0
5200121,FORRAMARCO 85mm.BL_PMD,0
5200120,HOJA CENTRAL CLIM.BL_PMD,0
5200119,HOJA CENTRAL BL_PMD,0
5200116,FORRAMARCO 30mm.BL_PMD,0
52001152,FORRAMARCO 40mm.BL_PMD,0
5200115,FORRAMARCO 45mm.BL_PMD,0
5200114,UNION 4 HOJAS BL_PMD,0
5200112,HOJA RUEDAS CLIM.BL_PMD,0
5200111,HOJA LATERAL CLIM.BL_PMD,0
5200109,HOJA RUEDAS BL_PMD,0
5200108,HOJA LATERAL BL_PMD,0
5200107,CANTONERA 90� BL_PMD,0
5200106,MARCO INFERIOR C/CAM.BL_PMD,0
5200105,MARCO FIJO CLIPADO BL_PMD,0
5200104,MARCO FIJO ATORNILLADO BL_PMD,0
5200103,MARCO SUPERIOR BL_PMD,0
5200102,MARCO INFERIOR BL_PMD,0
5200101,MARCO LATERAL BL_PMD,0
5200099,MOSQUITERA BL_CSA,5,17
5200037,CLIP RASANTE T/MARCOS BL_CSA,5,31
5200029,UNION BL/EU_CSA,0
5200028,UNION 2 MARCOS BL_CSA,0
5200027,SUPLEM.MOSQUITERA BL/LG_CSA,1,61
5200026,SEPARADOR CRISTAL CLIM.BL_CSA,7,66
5200025,SEPARADOR CRISTAL BL_CSA,0
5200024,ZOCALO RUEDAS CLIM.BL_CSA,0
5200023,ZOCALO RUEDAS BL_CSA,0
5200021,FORRAMARCO 85mm.BL_CSA,0
5200020,HOJA CENTRAL CLIM.BL_CSA,0
5200019,HOJA CENTRAL BL_CSA,0
5200016,FORRAMARCO 30mm.BL_CSA,0
52000152,FORRAMARCO 40mm.BL_CSA,0
5200015,FORRAMARCO 45mm.BL_CSA,0
5200014,UNION 4 HOJAS BL_CSA,0
5200012,HOJA RUEDAS CLIM.BL_CSA,0
5200011,HOJA LATERAL CLIM.BL_CSA,0
5200009,HOJA RUEDAS BL_CSA,0
5200008,HOJA LATERAL BL_CSA,0
5200007,CANTONERA 90� BL_CSA,0
5200006,MARCO INFERIOR C/CAM.BL_CSA,0
5200005,MARCO FIJO CLIPADO BL_CSA,0
5200004,MARCO FIJO ATORNILLADO BL_CSA,0
5200003,MARCO SUPERIOR BL_CSA,0
5200002,MARCO INFERIOR BL_CSA,0
5200001,MARCO LATERAL BL_CSA,0
520,CORREDERA BL,0
51008864N,CIERRE S/CONDENA-ESCUDO_INOX,0
51008495657,MANILLA GRANDE ACODADA D/I_INOX++,0
510082940,MANILLA 230 MULTIFUNCION_INOX,0
51006874,ASA TIRADOR PLG_NEGRO,0
51006868,CIERRE 4 HOJAS PLG_NEGRO,0
51006865N,CIERRE C/COND.ESC.BALUM_NEGRO,0
51006864N,CIERRE S/CONDENA-ESCUDO_NEGRO,0
51006810,TAPON ANTIRRETORNO PLG_NEGRO,0
510064930,MANILLA 4930 MULTIFUNCION D/I_NEGRO,0
51006141999I,MANILLA GRANDE ACODADA IZQ_NEGRO/COLOR,0
51006141999D,MANILLA GRANDE ACODADA DCHA_NEGRO/COLOR,0
51005874,ASA TIRADOR PLG_BLANCO,0
51005868,CIERRE 4 HOJAS PLG_BLANCO,0
51005865N,CIERRE C/COND.ESC.BALUM_BLANCO,0
51005864N,CIERRE S/CONDENA-ESCUDO_BLANCO,0
51005810,TAPON ANTIRRETORNO PLG_BLANCO,0
51005800,KIT 2 HOJAS PLG_BLANCO,0
51005495657,MANILLA GRANDE ACODADA D/I_BLANCO++,0
510054930,MANILLA 4930 MULTIFUNCION D/I_BLANCO,0
51005141999I,MANILLA GRANDE ACODADA IZQ_BLANCO,0
51005141999D,MANILLA GRANDE ACODADA DCHA_BLANCO,0
51000G18,CREMONA CORRED.1800 PLG,0
51000G10,CREMONA CORRED.1000 PLG,0
51000G06,CREMONA CORRED.600 PLG,0
5100099,MATRIZ MANUAL PLG,0
51000913255,TORNILLO M5X35,0
51000900,ESCUADRA ALINEAC.P/PERF.PLG-175,0
51000890EA,RUEDA TANDEM ESPECIAL AGUJAS PLG++,0
51000890,RUEDA TANDEM PLG,0
51000880EA,RUEDA REGULABLE ESPECIAL AGUJAS PLG++,0
51000880,RUEDA REGULABLE ROD.AGUJA PLG,0
51000850,RUEDA FIJA PLG,0
51000840,ESCUADRA ALINEACION PLG,0
51000830N,ESCUADRA T.RED.C/MUELLE,0,48
51000830,ESCUADRA EXTERIOR PLG-830,0
51000820,ESCUADRA INTERIOR PLG-820,0
51000815,PATIN COMODIN PLG,0
51000802,KIT 3 HOJAS PLG,0
51000800,KIT 2 HOJAS PLG NEGRO,0
510002411,CALCE APOYO CREMONA PLG,0
5100018196,SEGURO ANTI-ELEVACION,0
510001700,PLANTILLA ESPECIAL P/PLG-170,0
5100013880,CERRADERO STAND.PLANO PLG_CRUDO,0
51000125,CALCE APOYO CERRADERO PLG,0
5100010,TAPETA DE 11 PARA PLG-800,0
5100001,GANCHO MARCO PERIMETRAL,0
510,ACC.CORREDERA PERIMETRAL PLG,0
5001982,MARCO PERIMET.3 CARR.PLG_I245,0
5001979,MARCO FIJO CURVO PLG_I245,0
5001976,SUPLEMENTO HOJA PUERTA PLG_I245,0
5001975,HOJA PUERTA CLIM.PLG_I245,0
5001970,MARCO PERIMETRAL PLG_I245,0
50019199,MARCO PERIMET.4 CARR.PLG_I245,0
50019175,HOJA BALCON CLIM.DISE�O PLG_I245,0
50019170,MARCO PERIMETRAL DISE�O PLG_I245,0
5001882,MARCO PERIMET.3 CARR.PLG_LMCC,0
5001876,SUPLEMENTO HOJA PUERTA PLG_LMCC,0
5001875,HOJA PUERTA CLIM.PLG_LMCC,0
5001870,MARCO PERIMETRAL PLG_LMCC,0
50018175,HOJA BALCON CLIM.DISE�O PLG_LMCC++,0
50018170,MARCO PERIMETRAL DISE�O PLG_LMCC,0
5001783,HOJA PUERTA BOCA 25 PLG_LMV,0
5001782,MARCO PERIMET.3 CARR.PLG_LMV,0
5001780,UNION 4 HOJAS PLG_LMV,0
5001776,SUPLEMENTO HOJA PUERTA PLG_LMV,0
5001775,HOJA PUERTA CLIM.PLG_LMV,0
5001770,MARCO PERIMETRAL PLG_LMV,0
50017175,HOJA BALCON CLIM.DISE�O PLG_LMV,0
50017170,MARCO PERIMETRAL DISE�O PLG_LMV,0
5001682,MARCO PERIMET.3 CARR.PLG_LMN,0
5001679,MARCO FIJO CURVO PLG_LMN,0
5001676,SUPLEMENTO HOJA PUERTA PLG_LMN,0
5001675,HOJA PUERTA CLIM.PLG_LMN,0
5001673,SUPLEMENTO HOJA PEQ.PLG_LMN,0
5001672,HOJA VENTANA CLIM.PLG_LMN,0
5001670,MARCO PERIMETRAL PLG_LMN,0
50016170,MARCO PERIMETRAL DISE�O PLG_LMN,0
5001582,MARCO PERIMET.3 CARR.PLG_LMC,0
5001576,SUPLEMENTO HOJA PUERTA PLG_LMC,0
5001575,HOJA PUERTA CLIM.PLG_LMC,0
5001570,MARCO PERIMETRAL PLG_LMC,0
5001482,MARCO PERIMET.3 CARR.PLG_LMP,0
5001480,UNION 4 HOJAS PLG_LMP,0
5001479,MARCO FIJO CURVO PLG_LMP,0
5001476,SUPLEMENTO HOJA PUERTA PLG_LMP,0
5001475,HOJA PUERTA CLIM.PLG_LMP,0
5001470,MARCO PERIMETRAL PLG_LMP,0
5001382,MARCO PERIMET.3 CARR.PLG_LBP,0
5001376,SUPLEMENTO HOJA PUERTA PLG_LBP,0
50013175,HOJA BALCON CLIM.DISE�O PLG_LBP,0
5001283,HOJA PUERTA BOCA 25 PLG_LC4,0
5001282,MARCO PERIMET.3 CARR.PLG_LC4,0
5001281,MARCO FIJO RECTO PLG_LC4,0
5001280,UNION 4 HOJAS PLG_LC4,0
5001279,MARCO FIJO CURVO PLG_LC4,0
5001278,UNION MARCOS PLG_LC4,0
5001276,SUPLEMENTO HOJA PUERTA PLG_LC4,0
5001275,HOJA PUERTA CLIM.PLG_LC4,0
5001274,HOJA PUERTA PLG_LC4,0
5001273,SUPLEMENTO HOJA PEQ.PLG_LC4,0
5001272,HOJA VENTANA CLIM.PLG_LC4,0
5001271,HOJA VENTANA PLG_LC4,0
5001270,MARCO PERIMETRAL PLG_LC4,0
50012199,MARCO PERIMET.4 CARR.PLG_LC4,0
50012175,HOJA BALCON CLIM.DISE�O PLG_LC4,0
50012170,MARCO PERIMETRAL DISE�O PLG_LC4,0
5001183,HOJA PUERTA BOCA 25 PLG_LC3,0
5001182,MARCO PERIMET.3 CARR.PLG_LC3,0
5001181,MARCO FIJO RECTO PLG_LC3,0
5001180,UNION 4 HOJAS PLG_LC3,0
5001179,MARCO FIJO CURVO PLG_LC3,0
5001178,UNION MARCOS PLG_LC3,0
5001176,SUPLEMENTO HOJA PUERTA PLG_LC3,0
5001175,HOJA PUERTA CLIM.PLG_LC3,0
5001174,HOJA PUERTA PLG_LC3,0
5001173,SUPLEMENTO HOJA PEQ.PLG_LC3,0
5001172,HOJA VENTANA CLIM.PLG_LC3,0
5001171,HOJA VENTANA PLG_LC3,0
5001170,MARCO PERIMETRAL PLG_LC3,0
50011199,MARCO PERIMET.4 CARR.PLG_LC3,0
50011175,HOJA BALCON CLIM.DISE�O PLG_LC3,0
50011170,MARCO PERIMETRAL DISE�O PLG_LC3,0
5001083,HOJA PUERTA BOCA 25 PLG_LC2,0
5001082,MARCO PERIMET.3 CARR.PLG_LC2,0
5001081,MARCO FIJO RECTO PLG_LC2,0
5001080,UNION 4 HOJAS PLG_LC2,0
5001079,MARCO FIJO CURVO PLG_LC2,0
5001078,UNION MARCOS PLG_LC2,0
5001076,SUPLEMENTO HOJA PUERTA PLG_LC2,0
5001075,HOJA PUERTA CLIM.PLG_LC2,0
5001074,HOJA PUERTA PLG_LC2,0
5001073,SUPLEMENTO HOJA PEQ.PLG_LC2,0
5001072,HOJA VENTANA CLIM.PLG_LC2,0
5001071,HOJA VENTANA PLG_LC2,0
5001070,MARCO PERIMETRAL PLG_LC2,0
50010199,MARCO PERIMET.4 CARR.PLG_LC2,32,21
50010175,HOJA BALCON CLIM.DISE�O PLG_LC2,0
50010170,MARCO PERIMETRAL DISE�O PLG_LC2,0
5000983,HOJA PUERTA BOCA 25 PLG_AOC,0
5000982,MARCO PERIMET.3 CARR.PLG_AOC,0
5000979,MARCO FIJO CURVO PLG_AOC,0
5000978,UNION MARCOS PLG_AOC,0
5000976,SUPLEMENTO HOJA PUERTA PLG_AOC,0
5000975,HOJA PUERTA CLIM.PLG_AOC,0
5000970,MARCO PERIMETRAL PLG_AOC,0
50009199,MARCO PERIMET.4 CARR.PLG_AOC,0
50009175,HOJA BALCON CLIM.DISE�O PLG_AOC,0
50009170,MARCO PERIMETRAL DISE�O PLG_AOC,0
5000883,HOJA PUERTA BOCA 25 PLG_INOX,0
5000882,MARCO PERIMET.3 CARR.PLG_INOX,0
5000881,MARCO FIJO RECTO PLG_INOX,0
5000880,UNION 4 HOJAS PLG_INOX,0
5000879,MARCO FIJO CURVO PLG_INOX,0
5000878,UNION MARCOS PLG_INOX,0
5000876,SUPLEMENTO HOJA PUERTA PLG_INOX,0
5000875,HOJA PUERTA CLIM.PLG_INOX,0
5000874,HOJA PUERTA PLG_INOX,0
5000873,SUPLEMENTO HOJA PEQ.PLG_INOX,0
5000872,HOJA VENTANA CLIM.PLG_INOX,0
5000871,HOJA VENTANA PLG_INOX,0
5000870,MARCO PERIMETRAL PLG_INOX,0
50008199,MARCO PERIMET.4 CARR.PLG_INOX,33,99
50008175,HOJA BALCON CLIM.DISE�O PLG_INOX,0
50008170,MARCO PERIMETRAL DISE�O PLG_INOX,0
5000783,HOJA PUERTA BOCA 25 PLG_LMD,0
5000782,MARCO PERIMET.3 CARR.PLG_LMD,0
5000781,MARCO FIJO RECTO PLG_LMD,0
5000780,UNION 4 HOJAS PLG_LMD,0
5000779,MARCO FIJO CURVO PLG_LMD,0
5000778,UNION MARCOS PLG_LMD,0
5000776,SUPLEMENTO HOJA PUERTA PLG_LMD,0
5000775,HOJA PUERTA CLIM.PLG_LMD,0
5000774,HOJA PUERTA PLG_LMD,0
5000773,SUPLEMENTO HOJA PEQ.PLG_LMD,0
5000772,HOJA VENTANA CLIM.PLG_LMD,0
5000771,HOJA VENTANA PLG_LMD,0
5000770,MARCO PERIMETRAL PLG_LMD,0
50007199,MARCO PERIMET.4 CARR.PLG_LMD,43,95
50007175,HOJA BALCON CLIM.DISE�O PLG_LMD,0
50007170,MARCO PERIMETRAL DISE�O PLG_LMD,0
5000683,HOJA PUERTA BOCA 25 PLG_LC1,0
5000682,MARCO PERIMET.3 CARR.PLG_LC1,0
5000681,MARCO FIJO RECTO PLG_LC1,0
5000680,UNION 4 HOJAS PLG_LC1,0
5000679,MARCO FIJO CURVO PLG_LC1,0
5000678,UNION MARCOS PLG_LC1,0
5000676,SUPLEMENTO HOJA PUERTA PLG_LC1,0
5000675,HOJA PUERTA CLIM.PLG_LC1,0
5000674,HOJA PUERTA PLG_LC1,0
5000673,SUPLEMENTO HOJA PEQ.PLG_LC1,0
5000672,HOJA VENTANA CLIM.PLG_LC1,0
5000671,HOJA VENTANA PLG_LC1,0
5000670,MARCO PERIMETRAL PLG_LC1,0
50006199,MARCO PERIMET.4 CARR.PLG_LC1,31,56
50006175,HOJA BALCON CLIM.DISE�O PLG_LC1,0
50006170,MARCO PERIMETRAL DISE�O PLG_LC1,0
5000583,HOJA PUERTA BOCA 25 PLG_LBN,0
5000582,MARCO PERIMET.3 CARR.PLG_LBN,0
5000581,MARCO FIJO RECTO PLG_LBN,0
5000580,UNION 4 HOJAS PLG_LBN,0
5000579,MARCO FIJO CURVO PLG_LBN,0
5000578,UNION MARCOS PLG_LBN,0
5000576,SUPLEMENTO HOJA PUERTA PLG_LBN,0
5000575,HOJA PUERTA CLIM.PLG_LBN,0
5000574,HOJA PUERTA PLG_LBN,0
5000573,SUPLEMENTO HOJA PEQ.PLG_LBN,0
5000572,HOJA VENTANA CLIM.PLG_LBN,0
5000571,HOJA VENTANA PLG_LBN,0
5000570,MARCO PERIMETRAL PLG_LBN,0
50005199,MARCO PERIMET.4 CARR.PLG_LBN,29,71
50005175,HOJA BALCON CLIM.DISE�O PLG_LBN,0
50005170,MARCO PERIMETRAL DISE�O PLG_LBN,0
5000483,HOJA PUERTA BOCA 25 PLG_BEB,0
5000482,MARCO PERIMET.3 CARR.PLG_BEB,0
5000481,MARCO FIJO RECTO PLG_BEB,0
5000480,UNION 4 HOJAS PLG_BEB,0
5000479,MARCO FIJO CURVO PLG_BEB,0
5000478,UNION MARCOS PLG_BEB,0
5000476,SUPLEMENTO HOJA PUERTA PLG_BEB,0
5000475,HOJA PUERTA CLIM.PLG_BEB,0
5000474,HOJA PUERTA PLG_BEB,0
5000473,SUPLEMENTO HOJA PEQ.PLG_BEB,0
5000472,HOJA VENTANA CLIM.PLG_BEB,0
5000471,HOJA VENTANA PLG_BEB,0
5000470,MARCO PERIMETRAL PLG_BEB,0
50004199,MARCO PERIMET.4 CARR.PLG_BEB,30,94
50004175,HOJA BALCON CLIM.DISE�O PLG_BEB,0
50004170,MARCO PERIMETRAL DISE�O PLG_BEB,0
5000382,MARCO PERIMET.3 CARR.PLG_OEB,0
5000381,MARCO FIJO RECTO PLG_OEB,0
5000380,UNION 4 HOJAS PLG_OEB,0
5000378,UNION MARCOS PLG_OEB,0
5000376,SUPLEMENTO HOJA PUERTA PLG_OEB,0
5000375,HOJA PUERTA CLIM.PLG_OEB,0
5000374,HOJA PUERTA PLG_OEB,0
5000373,SUPLEMENTO HOJA PEQ.PLG_OEB,0
5000372,HOJA VENTANA CLIM.PLG_OEB,0
5000371,HOJA VENTANA PLG_OEB,0
5000370,MARCO PERIMETRAL PLG_OEB,0
50003170,MARCO PERIMETRAL DISE�O PLG_OEB,0
5000283,HOJA PUERTA BOCA 25 PLG_PEB,0
5000282,MARCO PERIMET.3 CARR.PLG_PEB,0
5000281,MARCO FIJO RECTO PLG_PEB,0
5000280,UNION 4 HOJAS PLG_PEB,0
5000279,MARCO FIJO CURVO PLG_PEB,0
5000278,UNION MARCOS PLG_PEB,0
5000276,SUPLEMENTO HOJA PUERTA PLG_PEB,0
5000275,HOJA PUERTA CLIM.PLG_PEB,0
5000274,HOJA PUERTA PLG_PEB,0
5000273,SUPLEMENTO HOJA PEQ.PLG_PEB,0
5000272,HOJA VENTANA CLIM.PLG_PEB,0
5000271,HOJA VENTANA PLG_PEB,0
5000270,MARCO PERIMETRAL PLG_PEB,0
50002199,MARCO PERIMET.4 CARR.PLG_PEB,30,26
50002175,HOJA BALCON CLIM.DISE�O PLG_PEB,0
50002170,MARCO PERIMETRAL DISE�O PLG_PEB,0
5000183,HOJA PUERTA BOCA 25 PLG_PMD,0
5000182,MARCO PERIMET.3 CARR.PLG_PMD,0
5000181,MARCO FIJO RECTO PLG_PMD,0
5000180,UNION 4 HOJAS PLG_PMD,0
5000179,MARCO FIJO CURVO PLG_PMD,0
5000178,UNION MARCOS PLG_PMD,0
5000176,SUPLEMENTO HOJA PUERTA PLG_PMD,0
5000175,HOJA PUERTA CLIM.PLG_PMD,0
5000174,HOJA PUERTA PLG_PMD,0
5000173,SUPLEMENTO HOJA PEQ.PLG_PMD,0
5000172,HOJA VENTANA CLIM.PLG_PMD,0
5000171,HOJA VENTANA PLG_PMD,0
5000170,MARCO PERIMETRAL PLG_PMD,0
50001199,MARCO PERIMET.4 CARR.PLG_PMD,30,6
50001175,HOJA BALCON CLIM.DISE�O PLG_PMD,0
50001170,MARCO PERIMETRAL DISE�O PLG_PMD,0
5000083,HOJA PUERTA BOCA 25 PLG_CSA,0
5000082,MARCO PERIMET.3 CARR.PLG_CSA,0
5000081,MARCO FIJO RECTO PLG_CSA,0
5000080,UNION 4 HOJAS PLG_CSA,0
5000079,MARCO FIJO CURVO PLG_CSA,0
5000078,UNION MARCOS PLG_CSA,0
5000076,SUPLEMENTO HOJA PUERTA PLG_CSA,0
5000075,HOJA PUERTA CLIM.PLG_CSA,0
5000074,HOJA PUERTA PLG_CSA,0
5000073,SUPLEMENTO HOJA PEQ.PLG_CSA,0
5000072,HOJA VENTANA CLIM.PLG_CSA,0
5000071,HOJA VENTANA PLG_CSA,0
5000070,MARCO PERIMETRAL PLG_CSA,0
50000199,MARCO PERIMET.4 CARR.PLG_CSA,0
50000175,HOJA BALCON CLIM.DISE�O PLG_CSA,0
50000170,MARCO PERIMETRAL DISE�O PLG_CSA,0
500,CORREDERA PERIMETRAL PLG,0
49006F/6,MANDO DISTANCIA SAVIO COMPLETO,0
49006883,CREMONA OSC/BAT.GIOCONDA_NEGRO,0
49006880701,LENTE CREMONA_COLOR,0
49006880,CREMONA PRACTIC.GIOCONDA_NEGRO,0
49006874D,JGO.MANIVELA_NEGRO,0
49006874,JGO.MANIVELAS PININFARINA_NEGRO,0
49006873,CREMONA OSCILO PININFARINA_NEGRO,0
49006870,CREMONA PRACT.PININFARINA_NEGRO,0
49006753204,BISAGRA PUERTA SIEGENIA_NEGRO,0
49006420,PASADOR PUERTA EU_NEGRO,0
49006350,MANETA EU_NEGRO,0
49006340,JGO.P/PIVOTAN.HORIZON.EU_BL/NE,0
490063100830,JGO.BISAGRAS 2�H.PASIVA_NEGRO,0
490063000701,JGO.BISAGRAS OSCILO_NEGRO,0
4900620,TAPON ANTIRRETORNO EU_NEGRO,0
49006160,CREMONA CON LLAVE EU_NEGRO,0
490061541820,ALARGO PASADOR OSCILO,0
490061541,PASADOR NYLON_NEGRO,0
490061530,CIERRE LEVA EMBUTIDO SAVIO,0
49006150,CREMONA EU_NEGRO,0
490061486,TERMINAL PLETINA SAVIO,0
490061481,ANCLAJE CREMONA PRACT.SAVIO,0
490061415,CERRADERO DOBLE SAVIO,0
490061404,CERRADERO SAVIO,0
490061402,CERRADERO VARILLA LEVA SAVIO,0
490061357,CIERRE DE GOLPETE SAVIO,0
490061344.4,COMPAS RETENCION SAVIO,0
490061342,COMPAS RETENCION SAVIO,0
49006130,BISAGRA PUERTA EU_NEGRO,0
490061246832,3er.PUNTO CIERRE OSC.HO.PASIVA,0
490061246820,JGO.2 BISAGRAS 2�H.PASIVA_NEGRO,0
490061246734,JGO.2 BISAGRAS 1�H.OSCILO_NEGRO,0
490061246706,COMPAS PEQUE�O 360/500mm.SAVIO,0
490061246.2,MECANISMO OSC/BAT.50/120 SAVIO,0
490061244811,SEGUNDO COMPAS SAVIO,0
490061243831,JGO.PASADOR 2� HOJA VENTANA,0
490061243800,ANGULO REENVIO INF.OSC.SAVIO,0
490061243790,ANGULO REENVIO SUP.OSC.SAVIO,0
490061243721,CERRADERO INTERMEDIO SAVIO,0
490061243710,CIERRE LATERAL OSCILO.SAVIO,0
49006120,BISAGRA VENTANAL EU_NEGRO,0
490061130/50,MANILLA P/CREMONA_NEGRO,0
490061125951,PLANTILLA MONTAJE BISAGRAS SAVIO,0
490061125.1,BISAGRA PTA.2PALAS C/RESALTE_NEGRO,0
490061125,BISAGRA ESCUDO 2 PALAS_NEGRO,0
490061121951,UTIL MONTAJE BISAGRAS,0
490061121,BISAGRA PRACTIC.SAVIO_NEGRO,0
490061115,BISAGRA PRACTIC.VTA.SAVIO_NEGRO,0
49005F/6,MANDO DISTANCIA SAVIO COMPLETO,0
49005915.1,CREMONA FUORI APER.EXT/INT_BLANCO,0
49005883,CREMONA OSC/BAT.GIOCONDA_BLANCO,0
49005880701,LENTE CREMONA_BLANCO,0
49005880,CREMONA PRACTIC.GIOCONDA_BLANCO,0
49005874D,JGO.MANIVELA_BLANCO,0
49005874,JGO.MANIVELAS PININFARINA_BLANCO,0
49005873,CREMONA OSCILO PININFARINA_BLANCO,0
49005870,CREMONA PRACT.PININFARINA_BLANCO,0
49005753204,BISAGRA PUERTA SIEGENIA_BLANCO,0
49005420,PASADOR PUERTA EU_BLANCO,0
49005350,MANETA EU_BLANCO,0
490053100830,JGO.BISAGRAS 2�H.PASIVA_BLANCO,0
490053100701,KIT BISAGRAS RB3 150_BLANCO,0
490053000701,JGO.BISAGRAS OSCILO_BLANCO,0
49005150,CREMONA EU_BLANCO,0
49005130,BISAGRA PUERTA EU_BLANCO,0
490051246734,JGO.2 BISAGRAS 1�H.OSCILO_BLANCO,0
49005120,BISAGRA VENTANAL EU_BLANCO,0
490051125.1,BISAGRA PTA.2PALAS C/RESALTE_BLANCO,0
490051125,BISAGRA ESCUDO 2 PALAS_BLANCO,0
490051121,BISAGRA PRACTIC.SAVIO_BLANCO,0
490051115,BISAGRA PRACTIC.VTA.SAVIO_BLANCO,0
49004150,CREMONA EU_BRONCE,0
49004120,BISAGRA VENTANAL EU_BRONCE,0
49003874,JGO.MANIVELAS PININFARINA_ORO,0
49003873,CREMONA OSCILO PININFARINA_ORO,0
49003870,CREMONA PRACT.PININFARINA_ORO,0
490033000701,JGO.BISAGRAS OSCILO_ORO,0
490031121,BISAGRA PRACTICABLE_ORO,0
490031115,BISAGRA PRACTIC.VENTANA_ORO,0
49001120,BISAGRA VENTANAL EU_PLATA,0
49000F08,JGO.FRESAS EU-45,0
4900099D,PRENSA ESCUADRAS EU DUPLICADO,0
49000999D,PRENSA TOCHOS EU,0
49000996.24,TACO REGULACION VIDRIO,0
4900099,JUEGO 2 MATRICES EU,0
490009550,CIERRE ANTI-PALANCA LM,0
49000880701,LENTE CREMONA LATON,0
4900080,ESCUADRA HOJA PIVOTANTE EU,0
49000702,TIJERA GOMA EU,0
49000701,PLANTILLA BISAGRA EU,0
4900070,ESCUADRA TAPAJUNTAS EU NEGRO,0
49000670,FRENO PTA.VAIVEN C/RETENC.EU,0
4900060,ESCUADRA TAPON RECOGE-AGUA EU,0
49000580,CIERRE CENTRAL HOJA SECUND.EU,0
49000552,UNION TRAVESA�O A 52 EU,0
49000515,UNION MONTANTE EU,0
49000504,UNION TRAVESA�O A 04 EU,0
49000503,UNION ZOCALO EU,0
49000502D,TOCHO P/EU-02,0
49000502,UNION TRAVESA�O A 02 EU,0
49000501,UNION TUBULAR,0
4900050,JGO.TAPON ESTANQ.EU NEGRO,0
4900045,ESCUADRA PUERTA P/EU-60,0
4900042F,ESCUADRA VENTANAL EU-36,8,0
4900042D,ESCUADRA ANUDAL 42 D,0
4900042,ESCUADRA VENTANAL 36,8 GRAN.EU,0
4900041F,ESCUADRA VENTANAL EU-25,8,0
4900041D,ESCUADRA ANUDAL 41 D,0
4900041,ESCUADRA VENTANAL 25,8 EU,0
4900040F,ESCUADRA VENTANAL FOND EU,0
49000400,CERRADERO INTERMEDIO EU,0
4900040,ESCUADRA VENTANAL EU,0
49000390,CERRADERO SUPERIOR PIVOTANT.EU,0
49000370,ESCUADRA MANIOBRA EU,0
49000361,CREMONA APERT.EXTER.E INTER.EU,0
49000360,CREMONA DE EMPOTRAR EU,0
490003100.1,RB3 150 COMPAS CORTO M.TRAD.,0
490003100,RB3 150 COMPAS ESTANDAR M.T,0
49000310,ALARGO PASADOR EU NEGRO,0
490003000950,PLANTILLA POSICIONAR MECANISMO,0
490003000853,PASADOR VERTICAL RB4 18mm,0
490003000840,PASADOR INFER.HORIZONTAL,0
490003000800,PTO.CIERRE SUP.HOJA PASIVA,0
490003000.5,CARTON BASE RIBANTA 4 COMP.CORTO,0
490003000.4,CARTON BASE RIBANTA 4 COMP.STD,0
490003000,CARTON BASE C/COMPAS MED.STAND,0
49000300,CALZO CENTRADOR HOJA EU NEGRO,0
49000280,PASADOR EU NEGRO,0
49000260,GOMA P/HOJA EU-61 NEGRA,0
49000250,JUNTA EXTER.ESTANQ.EU NEGRO,0
49000230,JUNTA INTER.ACRIST.GRAN.EU NEGRO,0
49000220,JUNTA INTER.ACRISTALAR EU NEGRO,0
49000210,JUNTA EXTER.ACRISTALAR EU NEGRO,0
49000200,JUNTA CENTRAL ESTANQUEIDAD NEGRO,0
49000199E,MATRIZ ESCUADRAS EU FOND,0
49000199,MATRIZ UNIVERSAL C/PLANTI.EU,0
49000190,CERRADERO SIMPLE EU,0
490001556/20,PASADOR PUERTA 2� HOJA,0
490001475801,TORNILLOS TRANSMISION 20mm++,0
490001475,GRUPO MOVIMIENTO INTERNO,0
490001414,CERRADERO DOBLE REGULABLE,0
490001411.1,ANCLAJE PUERTA,0
49000110,ESCUADRA PUERTA EU,0
490001021,PASADOR 2� HOJA VENTANA(JGO),0
49000100,ESCUADRA DE PASADOR EU,0
490,ACC.ABISAGRADO EU,0
4801652,PILASTRA PUERTA EU_LMN,0
4801628,SUPLEM.HOJA PTA.VAIVEN EU_LMN,0
4801627,SUPLEM.MARCO PTA.VAIVEN EU_LMN++,0
4801617,HOJA PUERTA VAIVEN EU_LMN,0
4801600,MARCO VENTANA EU_LMN++,0
4801317,HOJA PUERTA VAIVEN EU_LBP,0
4801250,MARCO PUERTA EU_LC4++,0
4801245,SUPLEM.APERTURA INT/EXT.EU_LC4++,0
4801207,HOJA PUERTA APER.EXT.EU_LC4++,0
4801206,HOJA PUERTA APER.INT.EU_LC4++,0
4801205,SUPLEMENTO MARCO EU_LC4++,0
48010611,CANTONERA 90� EU_LC2,0
4801061,HOJA VENTANA EU_LCE++,0
4801060,HOJA BALCON APER.INTER.EU_LCE++,0
4801052,PILASTRA PUERTA EU_LC2,0
4801050,MARCO PUERTA EU_LCE++,0
4801045,SUPLEM.APERTURA INT/EXT.EU_LCE++,0
4801028,SUPLEM.HOJA PTA.VAIVEN EU_LC2,0
4801017,HOJA PUERTA VAIVEN EU_LC2,0
4801015,MONTANTE PUERTA EU_LCE++,0
4801011,PERFIL INVERSOR MARCO EU_LCE++,0
4801010,PERFIL INVERSOR EU_LCE++,0
4801007,HOJA PUERTA APER.EXT.EU_LCE++,0
4801006,HOJA PUERTA APER.INT.EU_LCE++,0
4801005,SUPLEMENTO MARCO EU_LCE++,0
4801003,ZOCALO MARCO EU_LCE++,0
4801002,PILASTRA VENTANA EU_LCE++,0
48009611,CANTONERA 90� EU_AOC,0
4800952,PILASTRA PUERTA EU_AOC,0
4800916,SUPLEMENTO ZOCALO EU_AOC++,0
4800914,PERFIL DE SUELO EU_AOC,0
4800903,ZOCALO MARCO EU_AOC++,0
4800894,HOJA VENTANA CURVA EU_INOX++,0
48008611,CANTONERA 90� EU_INOX,0
4800861,HOJA VENTANA EU_INOX++,0
4800860,HOJA BALCON APER.INTER.EU_INOX++,0
4800854,HOJA PUERTA EXTERIOR EU_INOX++,0
4800852,PILASTRA PUERTA EU_INOX,0
4800850,MARCO PUERTA EU_INOX++,0
4800845,SUPLEM.APERTURA INT/EXT.EU_INOX++,0
4800828,SUPLEM.HOJA PTA.VAIVEN EU_INOX,0
4800827,SUPLEM.MARCO PTA.VAIVEN EU_INOX++,0
4800817,HOJA PUERTA VAIVEN EU_INOX,0
4800815,MONTANTE PUERTA EU_INOX++,0
4800811,PERFIL INVERSOR MARCO EU_INOX++,0
4800810,PERFIL INVERSOR EU_INOX++,0
4800808,TAPAJUNTAS 30mm.EU_INOX++,0
4800807,HOJA PUERTA APER.EXT.EU_INOX++,0
4800806,HOJA PUERTA APER.INT.EU_INOX++,0
4800805,SUPLEMENTO MARCO EU_INOX++,0
4800804,ZOCALO CENTRAL EU_INOX++,0
4800803,ZOCALO MARCO EU_INOX++,0
4800802,PILASTRA VENTANA EU_INOX++,0
4800800,MARCO VENTANA EU_INOX++,0
48007611,CANTONERA 90� EU_LMD,0
4800752,PILASTRA PUERTA EU_LMD,0
4800750,MARCO PUERTA EU_LMD++,0
4800745,SUPLEM.APERTURA INT/EXT.EU_LMD++,0
4800728,SUPLEM.HOJA PTA.VAIVEN EU_LMD,0
4800727,SUPLEM.MARCO PTA.VAIVEN EU_LMD++,0
4800718,GUIA PERSIANA EU_LMD++,0
4800717,HOJA PUERTA VAIVEN EU_LMD,0
4800715,MONTANTE PUERTA EU_LMD++,0
4800707,HOJA PUERTA APER.EXT.EU_LMD++,0
4800706,HOJA PUERTA APER.INT.EU_LMD++,0
4800705,SUPLEMENTO MARCO EU_LMD++,0
4800704,ZOCALO CENTRAL EU_LMD++,0
48006611,CANTONERA 90� EU_LC1,0
4800661,HOJA VENTANA EU_LOC++,0
4800660,HOJA BALCON APER.INTER.EU_LOC++,0
4800654,HOJA PUERTA EXTERIOR EU_LOC++,0
4800652,PILASTRA PUERTA EU_LC1,0
4800650,MARCO PUERTA EU_LOC++,0
4800645,SUPLEM.APERTURA INT/EXT.EU_LOC++,0
4800628,SUPLEM.HOJA PTA.VAIVEN EU_LC1,0
4800627,SUPLEM.MARCO PTA.VAIVEN EU_LOC++,0
4800619,SUPLEMENTO ROTULA EU_LOC++,0
4800617,HOJA PUERTA VAIVEN EU_LC1,0
4800615,MONTANTE PUERTA EU_LOC++,0
4800611,PERFIL INVERSOR MARCO EU_LOC++,0
4800610,PERFIL INVERSOR EU_LOC++,0
4800607,HOJA PUERTA APER.EXT.EU_LOC++,0
4800606,HOJA PUERTA APER.INT.EU_LOC++,0
4800605,SUPLEMENTO MARCO EU_LOC++,0
4800604,ZOCALO CENTRAL EU_LOC++,0
4800603,ZOCALO MARCO EU_LOC++,0
4800602,PILASTRA VENTANA EU_LOC++,0
4800600,MARCO VENTANA EU_LOC++,0
4800568,REDUCTOR VIDRIO EU_LBN++,0
48005611,CANTONERA 90� EU_LBN,0
4800561,HOJA VENTANA EU_LBN++,0
4800560,HOJA BALCON APER.INTER.EU_LBN++,0
4800552,PILASTRA PUERTA EU_LBN,0
4800550,MARCO PUERTA EU_LBN++,0
4800549,SUPLEMENTO EMBELLECEDOR EU_LBN++,0
4800545,SUPLEM.APERTURA INT/EXT.EU_LBN++,0
4800528,SUPLEM.HOJA PTA.VAIVEN EU_LBN,0
4800527,SUPLEM.MARCO PTA.VAIVEN EU_LBN++,0
4800519,SUPLEMENTO ROTULA EU_LBN++,0
4800518,GUIA PERSIANA EU_LBN++,0
4800517,HOJA PUERTA VAIVEN EU_LBN,0
4800516,SUPLEMENTO ZOCALO EU_LBN++,0
4800515,MONTANTE PUERTA EU_LBN++,0
4800514,PERFIL DE SUELO EU_LBN++,0
4800511,PERFIL INVERSOR MARCO EU_LBN++,0
4800510,PERFIL INVERSOR EU_LBN++,0
4800508,TAPAJUNTAS 30mm.EU_LBN++,0
4800507,HOJA PUERTA APER.EXT.EU_LBN++,0
4800506,HOJA PUERTA APER.INT.EU_LBN++,0
4800505,SUPLEMENTO MARCO EU_LBN++,0
4800504,ZOCALO CENTRAL EU_LBN++,0
4800503,ZOCALO MARCO EU_LBN++,0
4800502,PILASTRA VENTANA EU_LBN++,0
4800500,MARCO VENTANA EU_LBN++,0
48004611,CANTONERA 90� EU_BEB,0
4800461,HOJA VENTANA EU_BEB++,0
4800452,PILASTRA PUERTA EU_BEB,0
4800450,MARCO PUERTA EU_BEB++,0
4800445,SUPLEM.APERTURA INT/EXT.EU_BEB++,0
4800428,SUPLEM.HOJA PTA.VAIVEN EU_BEB,0
4800419,SUPLEMENTO ROTULA EU_BEB++,0
4800418,GUIA PERSIANA EU_BEB++,0
4800417,HOJA PUERTA VAIVEN EU_BEB,0
4800415,MONTANTE PUERTA EU_BEB++,0
4800412,PILASTRA PIVOTANTE EU_BEB++,0
4800411,PERFIL INVERSOR MARCO EU_BEB++,0
4800410,PERFIL INVERSOR EU_BEB++,0
4800408,TAPAJUNTAS 30mm.EU_BEB++,0
4800407,HOJA PUERTA APER.EXT.EU_BEB++,0
4800406,HOJA PUERTA APER.INT.EU_BEB++,0
4800405,SUPLEMENTO MARCO EU_BEB++,0
4800404,ZOCALO CENTRAL EU_BEB++,0
4800403,ZOCALO MARCO EU_BEB++,0
4800402,PILASTRA VENTANA EU_BEB++,0
4800400,MARCO VENTANA EU_BEB++,0
48003611,CANTONERA 90� EU_OEB,0
4800352,PILASTRA PUERTA EU_OEB,0
48002611,CANTONERA 90� EU_PEB,0
4800252,PILASTRA PUERTA EU_PEB,0
4800218,GUIA PERSIANA EU_PEB++,0
4800217,HOJA PUERTA VAIVEN EU_PEB,0
4800214,PERFIL DE SUELO EU_PEB++,0
4800206,HOJA PUERTA APER.INT.EU_PEB++,0
4800205,SUPLEMENTO MARCO EU_PEB++,0
4800202,PILASTRA VENTANA EU_PEB++,0
4800200,MARCO VENTANA EU_PEB++,0
4800152,PILASTRA PUERTA EU_PMD,0
4800150,MARCO PUERTA EU_PMD++,0
4800128,SUPLEM.HOJA PTA.VAIVEN EU_PMD,0
4800127,SUPLEM.MARCO PTA.VAIVEN EU_PMD++,0
4800117,HOJA PUERTA VAIVEN EU_PMD,0
4800094,HOJA VENTANA CURVA EU_CSA++,0
48000611,CANTONERA 90� EU_CSA,0
4800061,HOJA VENTANA EU_CSA++,0
4800060,HOJA BALCON APER.INTER.EU_CSA++,0
4800054,HOJA PUERTA EXTERIOR EU_CSA++,0
4800052,PILASTRA PUERTA EU_CSA,0
4800050,MARCO PUERTA EU_CSA++,0
4800049,SUPLEMENTO EMBELLECEDOR EU_CSA++,0
4800045,SUPLEM.APERTURA INT/EXT.EU_CSA++,0
4800028,SUPLEM.HOJA PTA.VAIVEN EU_CSA,0
4800027,SUPLEM.MARCO PTA.VAIVEN EU_CSA++,0
4800019,SUPLEMENTO ROTULA EU_CSA++,0
4800018,GUIA PERSIANA EU_CSA++,0
4800017,HOJA PUERTA VAIVEN EU_CSA,0
4800015,MONTANTE PUERTA EU_CSA++,0
4800014,PERFIL DE SUELO EU_CSA++,0
4800011,PERFIL INVERSOR MARCO EU_CSA++,0
4800010,PERFIL INVERSOR EU_CSA++,0
4800008,TAPAJUNTAS 30mm.EU_CSA++,0
4800007,HOJA PUERTA APER.EXT.EU_CSA++,0
4800006,HOJA PUERTA APER.INT.EU_CSA++,0
4800005,SUPLEMENTO MARCO EU_CSA++,0
4800004,ZOCALO CENTRAL EU_CSA++,0
4800003,ZOCALO MARCO EU_CSA++,0
4800002,PILASTRA VENTANA EU_CSA++,0
4800000,MARCO VENTANA EU_CSA++,0
480,ABISAGRADO EU++,0
470055527C,TAZA UNION P/POSTE CANALON EVACUA_BLAN++,0
470055527,TAZA UNION P/POSTE TIERRA EVACUA_BLANC++,0
470055201E,TAPA CANALON C/EMBELLECEDOR_BLANCO,0
470055201,TAPA CANALON NORMAL_BLANCO,0
470055200M,TAPA MEDIANA P/COBIJA_BLANCO,0
470055200G,TAPA GRANDE P/COBIJA_BLANCO,0
47000T82,TORNILLO AUTOTALADRANTE 5,5x112,0
47000T52,TORNILLO AUTOTALADRANTE 5,5x75,0
4700099,BOQUILLA,0
470005527,TAZA UNION P/POSTE TIERRA EVACUA_CRUDO,0
470005283,JUNTA GOMA P/TECHO FIJO Y PANEL,0
470005207,JUNTA GOMA P/COBIJA,0
470005201E,TAPA CANALON C/EMBELLECEDOR_CRUDO,0
470,ACC.PERFILES TECHO C/PANEL AUTOPORTANTE,0
460055174,EMBELLECEDOR CANALON RECOG.AGUAS_LBN,6,98
460055126B,TAPA COBIJA COMPUESTA (SUPERIOR)_LBN++,0
460055126A,APOYO COBIJA COMPUESTA (INFERIOR)_LBN++,0
460055109,POSTE SOPORTE Y EVACUACION_LBN,18,7
460055103B,U CANALON RECOGIDA DE AGUAS_LBN,12,23
460055103A,SOPORTE CANALON_LBN,21,57
460054001,EMBELLECEDOR CIERRE PANELUX 52mm_LBN,5,08
460054000,EMBELLECEDOR CIERRE PANELUX 82mm_LBN,7,21
460053002,COBIJA DE UNA PIEZA_LBN,13,57
460053001,CANALON RECOGIDA DE AGUAS_LBN,0
460045174,EMBELLECEDOR CANALON RECOG.AGUAS_BEB,0
460045109,POSTE SOPORTE Y EVACUACION_BEB,0
460045103B,U CANALON RECOGIDA DE AGUAS_BEB,0
460045103A,SOPORTE CANALON_BEB,0
460044000,EMBELLECEDOR CIERRE PANELUX 82mm_BEB,0
460043002,COBIJA DE UNA PIEZA_BEB,0
460005174,EMBELLECEDOR CANALON RECOG.AGUAS_CSA,0
460005109,POSTE SOPORTE Y EVACUACION_CSA,0
460005103B,U CANALON RECOGIDA DE AGUAS_CSA,0
460005103A,SOPORTE CANALON_CSA,0
460003002,COBIJA DE UNA PIEZA_CSA,0
4500691C,CONJUNTO CIERRE C/LLAVE_NEGRO,0
4500691,CONJUNTO CIERRE LG_NEGRO,0
45006802202,JGO.REMATE INCLINACION GUIA_NEGRO,0
45006209,TIRADOR CONJUNTO LG/CEU_NEGRO,0
4500614,CIERRE EMBUTIDO C/COND.LG_NEGRO,0
4500612,CIERRE EMBUTIDO S/COND.LG_NEGRO,0
4500591C,CONJUNTO CIERRE C/LLAVE_BLANCO,0
4500591,CONJUNTO CIERRE LG_BLANCO,0
45005802202,JGO.REMATE INCLINACION GUIA_BLANCO,0
45005209,TIRADOR CONJUNTO LG/CEU_BLANCO,0
4500514,CIERRE EMBUTIDO C/COND.LG_BLANCO,0
4500512,CIERRE EMBUTIDO S/COND.LG_BLANCO,0
45000999,MATRIZ MANUAL UNIVERSAL LG,0
4500097,MATRIZ SERIE LG HOJAS 25mm,0
4500093,KIT 3 CARRILES LG,0
4500077,FELPUDO 7x7,0
4500065D,RUEDA REGULABLE ZAMAK LG,0
4500058,PATIN COMODIN 4 HOJAS,0
4500050,JUNTA ESTANQUEIDAD HOJA LG,0
4500047,PARAVIENTOS VIERTEAGUAS,0
4500045,RUEDA TANDEM LG,0
4500044,RUEDA FIJA LG,0
45000192,KIT 2 HOJAS LG,0
4500002,RUEDA REGULABLE INOX LG++,0
450,ACC.CORREDERA LG,0
44019FM3020,TAPAJUNTAS 30 CO/ABAT_I245,0
4401887,MARCO SUPERIOR LG_LMCC++,0
4401886,MARCO INFERIOR LG_LMCC++,0
4401873,MARCO LATERAL LG_LMCC++,0
4401848,MARCO FIJO CLIP LG_LMCC++,0
4401813,HOJA CENTRAL CLIM.LG_LMCC++,0
4401811,HOJA LATERAL CLIM.LG_LMCC++,0
4401810,HOJA RUEDAS CLIM.LG_LMCC++,0
4401804,MARCO FIJO HEMBRA LG_LMCC++,0
4401787,MARCO SUPERIOR LG_LME,0
4401786,MARCO INFERIOR LG_LME,0
4401773,MARCO LATERAL LG_LME,0
4401760,TAPAJUNTAS 40mm.LG_LMV,0
4401758,HOJA LATERAL CAMARA 25 LG_LMV,0
4401757,HOJA CENTRO CAMARA 25 LG_LMV,0
4401756,HOJA RUEDAS CAMARA 25 LG_LMV,0
4401752,TAPAJUNTAS 45mm.LG_LMV,0
4401750,TAPAJUNTAS 85mm.LG_LMV,0
4401748,MARCO FIJO CLIP LG_LMV,0
4401744,ZOCALO RUEDAS CLIM.LG_LMV,0
4401734,UNION 4 HOJAS LG_LMV,0
4401726,GUIA SUPERIOR 3 CARR.LG_LMV,0
4401725,MARCO SUP/INF.3 CARR.LG_LMV,0
44017243,MARCO LATERAL TUB.3 CARR.LG_LMV,0
44017141,TAPAJUNTAS 40mm.P/GUIA LG_LMV,0
4401713,HOJA CENTRAL CLIM.LG_LME,0
4401711,HOJA LATERAL CLIM.LG_LME,0
4401710,HOJA RUEDAS CLIM.LG_LME,0
4401704,MARCO FIJO HEMBRA LG_LMV,0
44016FM3020,TAPAJUNTAS 30 CO/ABAT_LMN,0
4401699,FORRAMARCO CURVO 40mm.LG_LMN,0
4401687,MARCO SUPERIOR LG_LMN,0
4401686,MARCO INFERIOR LG_LMN,0
4401673,MARCO LATERAL LG_LMN,0
4401660,TAPAJUNTAS 40mm.LG_LMN,0
4401648,MARCO FIJO CLIP LG_LMN,0
4401647,TAPAJUNTAS 30mm.LG_LMN,0
4401644,ZOCALO RUEDAS CLIM.LG_LMN,0
44016141,TAPAJUNTAS 40mm.P/GUIA LG_LMN,0
4401613,HOJA CENTRAL CLIM.LG_LMN,0
4401611,HOJA LATERAL CLIM.LG_LMN,0
4401610,HOJA RUEDAS CLIM.LG_LMN,0
4401604,MARCO FIJO HEMBRA LG_LMN,0
4401573,MARCO LATERAL LG_LMC,0
4401534,UNION 4 HOJAS LG_LMC,0
4401525,MARCO SUP/INF.3 CARR.LG_LMC,0
4401524,MARCO LATERAL 3 CARR.LG_LMC,0
4401513,HOJA CENTRAL CLIM.LG_LMC,0
4401511,HOJA LATERAL CLIM.LG_LMC,0
4401510,HOJA RUEDAS CLIM.LG_LMC,0
4401503,COMODIN 3 CARRILES LG_LMC,0
4401499,FORRAMARCO CURVO 40mm.LG_LMP,0
4401487,MARCO SUPERIOR LG_LMP,0
4401486,MARCO INFERIOR LG_LMP,0
4401460,TAPAJUNTAS 40mm.LG_LMP,0
4401434,UNION 4 HOJAS LG_LMP,0
4401413,HOJA CENTRAL CLIM.LG_LMP,0
4401411,HOJA LATERAL CLIM.LG_LMP,0
4401410,HOJA RUEDAS CLIM.LG_LMP,0
4401387,MARCO SUPERIOR LG_LBP,0
4401386,MARCO INFERIOR LG_LBP,0
4401373,MARCO LATERAL LG_LBP,0
4401348,MARCO FIJO CLIP LG_LBP,0
4401347,TAPAJUNTAS 30mm.LG_LBP,0
4401313,HOJA CENTRAL CLIM.LG_LBP,0
4401311,HOJA LATERAL CLIM.LG_LBP,0
4401310,HOJA RUEDAS CLIM.LG_LBP,0
4401304,MARCO FIJO HEMBRA LG_LBP,0
44012999,FORRAMARCO RECTO 40mm.LG_LC4,0
4401299,FORRAMARCO CURVO 40mm.LG_LC4,0
4401298,MARCO LATERAL C/PREM.I LG_LC4,0
4401297,MARCO LATERAL C/PREM.D LG_LC4,0
4401294,MARCO LAT.C/SOP.A COMP.LG_LC4,0
4401293,MARCO SUP.C/SOP.A COMP.LG_LC4,0
4401292,MARCO INF.C/SOP.A COMP.LG_LC4,0
4401290,CANTONERA 90� LG_LC4,0
4401287,MARCO SUPERIOR LG_LC4,0
4401286,MARCO INFERIOR LG_LC4,0
4401273,MARCO LATERAL LG_LC4,0
4401260,TAPAJUNTAS 40mm.LG_LC4,0
4401258,HOJA LATERAL CAMARA 25 LG_LC4,0
4401257,HOJA CENTRO CAMARA 25 LG_LC4,0
4401256,HOJA RUEDAS CAMARA 25 LG_LC4,0
4401255,MARCO INFERIOR MEDIA CAMARA LG_LC4,0
4401254,MARCO INFERIOR CAMARA LG_LC4,0
4401252,TAPAJUNTAS 45mm.LG_LC4,0
4401250,TAPAJUNTAS 85mm.LG_LC4,0
4401248,MARCO FIJO CLIP LG_LC4,0
4401247,TAPAJUNTAS 30mm.LG_LC4,0
4401244,ZOCALO RUEDAS CLIM.LG_LC4,0
4401243,SEPARADOR CRISTAL CLIM.LG_LC4,0
4401242,MARCO FIJO 3 CARR.LG_LC4,0
4401241,MARCO SUPERIOR C/FIJO LG_LC4,0
4401234,UNION 4 HOJAS LG_LC4,0
4401233,ZOCALO RUEDAS LG_LC4,0
4401232,SEPARADOR CRISTAL LG_LC4,0
4401230,UNION 2 MARCOS LG_LC4,0
4401229,CANTONERA 135� LG_LC4,0
4401228,VIERTEAGUAS CLIPADO LG_LC4,0
4401226,GUIA SUPERIOR 3 CARR.LG_LC4,0
4401225,MARCO SUP/INF.3 CARR.LG_LC4,0
44012243,MARCO LATERAL TUB.3 CARR.LG_LC4,0
4401224,MARCO LATERAL 3 CARR.LG_LC4,0
44012156,GUIA-MARCO DCHO.155mm.LG_LC4,0
44012155,GUIA-MARCO IZQU.155mm.LG_LC4,0
4401215,TAPAJUN.SOLAPE 30 LG_LC4,0
44012141,TAPAJUNTAS 40mm.P/GUIA LG_LC4,0
4401214,GUIA PERSIANA CLIP LG_LC4,0
44012133,GUIA-MARCO DCHO.132mm.LG_LC4,0
44012132,GUIA-MARCO IZQU.132mm.LG_LC4,0
4401213,HOJA CENTRAL CLIM.LG_LC4,0
44012125,MARCO SUP/INF.3 CARR.CAMARA LG_LC4,0
4401211,HOJA LATERAL CLIM.LG_LC4,0
4401210,HOJA RUEDAS CLIM.LG_LC4,0
4401209,HOJA CENTRAL LG_LC4,0
4401207,HOJA LATERAL LG_LC4,0
4401206,HOJA RUEDAS LG_LC4,0
4401204,MARCO FIJO HEMBRA LG_LC4,0
44011999,FORRAMARCO RECTO 40mm.LG_LC3,0
4401199,FORRAMARCO CURVO 40mm.LG_LC3,0
4401198,MARCO LATERAL C/PREM.I LG_LC3,0
4401197,MARCO LATERAL C/PREM.D LG_LC3,0
4401194,MARCO LAT.C/SOP.A COMP.LG_LC3,0
4401193,MARCO SUP.C/SOP.A COMP.LG_LC3,0
4401192,MARCO INF.C/SOP.A COMP.LG_LC3,0
4401190,CANTONERA 90� LG_LC3,0
4401187,MARCO SUPERIOR LG_LC3,0
4401186,MARCO INFERIOR LG_LC3,0
4401173,MARCO LATERAL LG_LC3,0
4401160,TAPAJUNTAS 40mm.LG_LC3,0
4401158,HOJA LATERAL CAMARA 25 LG_LC3,0
4401157,HOJA CENTRO CAMARA 25 LG_LC3,0
4401156,HOJA RUEDAS CAMARA 25 LG_LC3,0
4401155,MARCO INFERIOR MEDIA CAMARA LG_LC3,0
4401154,MARCO INFERIOR CAMARA LG_LC3,0
4401152,TAPAJUNTAS 45mm.LG_LC3,0
4401150,TAPAJUNTAS 85mm.LG_LC3,0
4401148,MARCO FIJO CLIP LG_LC3,0
4401147,TAPAJUNTAS 30mm.LG_LC3,0
4401144,ZOCALO RUEDAS CLIM.LG_LC3,0
4401143,SEPARADOR CRISTAL CLIM.LG_LC3,0
4401142,MARCO FIJO 3 CARR.LG_LC3,0
4401141,MARCO SUPERIOR C/FIJO LG_LC3,0
4401134,UNION 4 HOJAS LG_LC3,0
4401133,ZOCALO RUEDAS LG_LC3,0
4401132,SEPARADOR CRISTAL LG_LC3,0
4401130,UNION 2 MARCOS LG_LC3,0
4401129,CANTONERA 135� LG_LC3,0
4401128,VIERTEAGUAS CLIPADO LG_LC3,0
4401126,GUIA SUPERIOR 3 CARR.LG_LC3,0
4401125,MARCO SUP/INF.3 CARR.LG_LC3,0
44011243,MARCO LATERAL TUB.3 CARR.LG_LC3,0
4401124,MARCO LATERAL 3 CARR.LG_LC3,0
44011156,GUIA-MARCO DCHO.155mm.LG_LC3,0
44011155,GUIA-MARCO IZQU.155mm.LG_LC3,0
4401115,TAPAJUN.SOLAPE 30 LG_LC3,0
44011141,TAPAJUNTAS 40mm.P/GUIA LG_LC3,0
4401114,GUIA PERSIANA CLIP LG_LC3,0
44011133,GUIA-MARCO DCHO.132mm.LG_LC3,0
44011132,GUIA-MARCO IZQU.132mm.LG_LC3,0
4401113,HOJA CENTRAL CLIM.LG_LC3,0
44011125,MARCO SUP/INF.3 CARR.CAMARA LG_LC3,0
4401111,HOJA LATERAL CLIM.LG_LC3,0
4401110,HOJA RUEDAS CLIM.LG_LC3,0
4401109,HOJA CENTRAL LG_LC3,0
4401107,HOJA LATERAL LG_LC3,0
4401106,HOJA RUEDAS LG_LC3,0
4401104,MARCO FIJO HEMBRA LG_LC3,0
44010999,FORRAMARCO RECTO 40mm.LG_LC2,0
4401099,FORRAMARCO CURVO 40mm.LG_LC2,0
4401098,MARCO LATERAL C/PREM.I LG_LC2,0
4401097,MARCO LATERAL C/PREM.D LG_LC2,0
4401094,MARCO LAT.C/SOP.A COMP.LG_LC2,0
4401093,MARCO SUP.C/SOP.A COMP.LG_LC2,0
4401092,MARCO INF.C/SOP.A COMP.LG_LC2,0
4401090,CANTONERA 90� LG_LC2,0
4401087,MARCO SUPERIOR LG_LC2,0
4401086,MARCO INFERIOR LG_LC2,0
4401073,MARCO LATERAL LG_LC2,0
4401060,TAPAJUNTAS 40mm.LG_LC2,0
4401058,HOJA LATERAL CAMARA 25 LG_LC2,0
4401057,HOJA CENTRO CAMARA 25 LG_LC2,0
4401056,HOJA RUEDAS CAMARA 25 LG_LC2,0
4401055,MARCO INFERIOR MEDIA CAMARA LG_LC2,0
4401054,MARCO INFERIOR CAMARA LG_LC2,0
4401052,TAPAJUNTAS 45mm.LG_LC2,0
4401050,TAPAJUNTAS 85mm.LG_LC2,0
4401048,MARCO FIJO CLIP LG_LC2,0
4401047,TAPAJUNTAS 30mm.LG_LC2,0
4401044,ZOCALO RUEDAS CLIM.LG_LC2,0
4401043,SEPARADOR CRISTAL CLIM.LG_LC2,0
4401042,MARCO FIJO 3 CARR.LG_LC2,0
4401041,MARCO SUPERIOR C/FIJO LG_LC2,0
4401034,UNION 4 HOJAS LG_LC2,0
4401033,ZOCALO RUEDAS LG_LC2,0
4401032,SEPARADOR CRISTAL LG_LC2,0
4401030,UNION 2 MARCOS LG_LC2,0
4401029,CANTONERA 135� LG_LC2,0
4401028,VIERTEAGUAS CLIPADO LG_LC2,0
4401026,GUIA SUPERIOR 3 CARR.LG_LC2,0
4401025,MARCO SUP/INF.3 CARR.LG_LC2,0
44010243,MARCO LATERAL TUB.3 CARR.LG_LC2,0
4401024,MARCO LATERAL 3 CARR.LG_LC2,0
44010156,GUIA-MARCO DCHO.155mm.LG_LC2,0
44010155,GUIA-MARCO IZQU.155mm.LG_LC2,0
4401015,TAPAJUN.SOLAPE 30 LG_LC2,0
44010141,TAPAJUNTAS 40mm.P/GUIA LG_LC2,0
4401014,GUIA PERSIANA CLIP LG_LC2,0
44010133,GUIA-MARCO DCHO.132mm.LG_LC2,0
44010132,GUIA-MARCO IZQU.132mm.LG_LC2,0
4401013,HOJA CENTRAL CLIM.LG_LC2,0
44010125,MARCO SUP/INF.3 CARR.CAMARA LG_LC2,0
4401011,HOJA LATERAL CLIM.LG_LC2,0
4401010,HOJA RUEDAS CLIM.LG_LC2,0
4401009,HOJA CENTRAL LG_LC2,0
4401007,HOJA LATERAL LG_LC2,0
4401006,HOJA RUEDAS LG_LC2,0
4401004,MARCO FIJO HEMBRA LG_LC2,0
4401003,COMODIN 3 CARRILES LG_LC2,0
4400987,MARCO SUPERIOR LG_AOC,0
4400986,MARCO INFERIOR LG_AOC,0
4400973,MARCO LATERAL LG_AOC,0
4400960,TAPAJUNTAS 40mm.LG_AOC,0
4400950,TAPAJUNTAS 85mm.LG_AOC,0
4400948,MARCO FIJO CLIP LG_AOC,0
4400947,TAPAJUNTAS 30mm.LG_AOC,0
4400944,ZOCALO RUEDAS CLIM.LG_AOC,0
4400942,MARCO FIJO 3 CARR.LG_AOC,0
4400930,UNION 2 MARCOS LG_AOC,0
4400913,HOJA CENTRAL CLIM.LG_AOC,0
4400911,HOJA LATERAL CLIM.LG_AOC,0
4400910,HOJA RUEDAS CLIM.LG_AOC,0
4400909,HOJA CENTRAL LG_AOC,0
4400907,HOJA LATERAL LG_AOC,0
4400906,HOJA RUEDAS LG_AOC,0
4400904,MARCO FIJO HEMBRA LG_AOC,0
44008FM3020,TAPAJUNTAS 30 CO/ABAT_INOX,0
44008999,FORRAMARCO RECTO 40mm.LG_INOX,0
4400899,FORRAMARCO CURVO 40mm.LG_INOX,0
4400898,MARCO LATERAL C/PREM.I LG_INOX,0
4400897,MARCO LATERAL C/PREM.D LG_INOX,0
4400894,MARCO LAT.C/SOP.A COMP.LG_INOX,0
4400893,MARCO SUP.C/SOP.A COMP.LG_INOX,0
4400892,MARCO INF.C/SOP.A COMP.LG_INOX,0
4400890,CANTONERA 90� LG_INOX,0
4400887,MARCO SUPERIOR LG_INOX,0
4400886,MARCO INFERIOR LG_INOX,0
4400873,MARCO LATERAL LG_INOX,0
4400860,TAPAJUNTAS 40mm.LG_INOX,0
4400858,HOJA LATERAL CAMARA 25 LG_INOX,0
4400857,HOJA CENTRO CAMARA 25 LG_INOX,0
4400856,HOJA RUEDAS CAMARA 25 LG_INOX,0
4400855,MARCO INFERIOR MEDIA CAMARA LG_INOX,0
4400854,MARCO INFERIOR CAMARA LG_INOX,0
4400852,TAPAJUNTAS 45mm.LG_INOX,0
4400850,TAPAJUNTAS 85mm.LG_INOX,0
4400848,MARCO FIJO CLIP LG_INOX,0
4400847,TAPAJUNTAS 30mm.LG_INOX,0
4400844,ZOCALO RUEDAS CLIM.LG_INOX,0
4400843,SEPARADOR CRISTAL CLIM.LG_INOX,0
4400842,MARCO FIJO 3 CARR.LG_INOX,0
4400841,MARCO SUPERIOR C/FIJO LG_INOX,0
4400834,UNION 4 HOJAS LG_INOX,0
4400833,ZOCALO RUEDAS LG_INOX,0
4400832,SEPARADOR CRISTAL LG_INOX,0
4400830,UNION 2 MARCOS LG_INOX,0
4400829,CANTONERA 135� LG_INOX,0
4400828,VIERTEAGUAS CLIPADO LG_INOX,0
4400826,GUIA SUPERIOR 3 CARR.LG_INOX,0
4400825,MARCO SUP/INF.3 CARR.LG_INOX,0
44008243,MARCO LATERAL TUB.3 CARR.LG_INOX,0
4400824,MARCO LATERAL 3 CARR.LG_INOX,0
44008156,GUIA-MARCO DCHO.155mm.LG_INOX,0
44008155,GUIA-MARCO IZQU.155mm.LG_INOX,0
4400815,TAPAJUN.SOLAPE 30 LG_INOX,0
44008141,TAPAJUNTAS 40mm.P/GUIA LG_INOX,0
4400814,GUIA PERSIANA CLIP LG_INOX,0
44008133,GUIA-MARCO DCHO.132mm.LG_INOX,0
44008132,GUIA-MARCO IZQU.132mm.LG_INOX,0
4400813,HOJA CENTRAL CLIM.LG_INOX,0
44008125,MARCO SUP/INF.3 CARR.CAMARA LG_INOX,0
4400811,HOJA LATERAL CLIM.LG_INOX,0
4400810,HOJA RUEDAS CLIM.LG_INOX,0
4400809,HOJA CENTRAL LG_INOX,0
4400807,HOJA LATERAL LG_INOX,0
4400806,HOJA RUEDAS LG_INOX,0
4400804,MARCO FIJO HEMBRA LG_INOX,0
4400803,COMODIN 3 CARRILES LG_INOX,0
44007FM3020,TAPAJUNTAS 30 CO/ABAT_LMD,0
44007999,FORRAMARCO RECTO 40mm.LG_LMD,0
4400799,FORRAMARCO CURVO 40mm.LG_LMD,0
4400798,MARCO LATERAL C/PREM.I LG_LMD,0
4400797,MARCO LATERAL C/PREM.D LG_LMD,0
4400794,MARCO LAT.C/SOP.A COMP.LG_LMD,0
4400793,MARCO SUP.C/SOP.A COMP.LG_LMD,0
4400792,MARCO INF.C/SOP.A COMP.LG_LMD,0
4400790,CANTONERA 90� LG_LMD,0
4400787,MARCO SUPERIOR LG_LMD,0
4400786,MARCO INFERIOR LG_LMD,0
4400773,MARCO LATERAL LG_LMD,0
4400760,TAPAJUNTAS 40mm.LG_LMD,0
4400758,HOJA LATERAL CAMARA 25 LG_LMD,0
4400757,HOJA CENTRO CAMARA 25 LG_LMD,0
4400756,HOJA RUEDAS CAMARA 25 LG_LMD,0
4400755,MARCO INFERIOR MEDIA CAMARA LG_LMD,0
4400754,MARCO INFERIOR CAMARA LG_LMD,0
4400752,TAPAJUNTAS 45mm.LG_LMD,0
4400750,TAPAJUNTAS 85mm.LG_LMD,0
4400748,MARCO FIJO CLIP LG_LMD,0
4400747,TAPAJUNTAS 30mm.LG_LMD,0
4400744,ZOCALO RUEDAS CLIM.LG_LMD,0
4400743,SEPARADOR CRISTAL CLIM.LG_LMD,0
4400742,MARCO FIJO 3 CARR.LG_LMD,0
4400741,MARCO SUPERIOR C/FIJO LG_LMD,0
4400734,UNION 4 HOJAS LG_LMD,0
4400733,ZOCALO RUEDAS LG_LMD,0
4400732,SEPARADOR CRISTAL LG_LMD,0
4400730,UNION 2 MARCOS LG_LMD,0
4400729,CANTONERA 135� LG_LMD,0
4400728,VIERTEAGUAS CLIPADO LG_LMD,0
4400726,GUIA SUPERIOR 3 CARR.LG_LMD,0
4400725,MARCO SUP/INF.3 CARR.LG_LMD,0
44007243,MARCO LATERAL TUB.3 CARR.LG_LMD,0
4400724,MARCO LATERAL 3 CARR.LG_LMD,0
44007156,GUIA-MARCO DCHO.155mm.LG_LMD,0
44007155,GUIA-MARCO IZQU.155mm.LG_LMD,0
4400715,TAPAJUN.SOLAPE 30 LG_LMD,0
44007141,TAPAJUNTAS 40mm.P/GUIA LG_LMD,0
4400714,GUIA PERSIANA CLIP LG_LMD,0
44007133,GUIA-MARCO DCHO.132mm.LG_LMD,0
44007132,GUIA-MARCO IZQU.132mm.LG_LMD,0
4400713,HOJA CENTRAL CLIM.LG_LMD,0
44007125,MARCO SUP/INF.3 CARR.CAMARA LG_LMD,0
4400711,HOJA LATERAL CLIM.LG_LMD,0
4400710,HOJA RUEDAS CLIM.LG_LMD,0
4400709,HOJA CENTRAL LG_LMD,0
4400707,HOJA LATERAL LG_LMD,0
4400706,HOJA RUEDAS LG_LMD,0
4400704,MARCO FIJO HEMBRA LG_LMD,0
4400703,COMODIN 3 CARRILES LG_LMD,0
44006FM3020,TAPAJUNTAS 30 CO/ABAT_LC1,0
44006999,FORRAMARCO RECTO 40mm.LG_LC1,0
4400699,FORRAMARCO CURVO 40mm.LG_LC1,0
4400698,MARCO LATERAL C/PREM.I LG_LC1,0
4400697,MARCO LATERAL C/PREM.D LG_LC1,0
4400694,MARCO LAT.C/SOP.A COMP.LG_LC1,0
4400693,MARCO SUP.C/SOP.A COMP.LG_LC1,0
4400692,MARCO INF.C/SOP.A COMP.LG_LC1,0
4400690,CANTONERA 90� LG_LC1,0
4400687,MARCO SUPERIOR LG_LC1,0
4400686,MARCO INFERIOR LG_LC1,0
4400673,MARCO LATERAL LG_LC1,0
4400660,TAPAJUNTAS 40mm.LG_LC1,0
4400658,HOJA LATERAL CAMARA 25 LG_LC1,0
4400657,HOJA CENTRO CAMARA 25 LG_LC1,0
4400656,HOJA RUEDAS CAMARA 25 LG_LC1,0
4400655,MARCO INFERIOR MEDIA CAMARA LG_LC1,0
4400654,MARCO INFERIOR CAMARA LG_LC1,0
4400652,TAPAJUNTAS 45mm.LG_LC1,0
4400650,TAPAJUNTAS 85mm.LG_LC1,0
4400648,MARCO FIJO CLIP LG_LC1,0
4400647,TAPAJUNTAS 30mm.LG_LC1,0
4400644,ZOCALO RUEDAS CLIM.LG_LC1,0
4400643,SEPARADOR CRISTAL CLIM.LG_LC1,0
4400642,MARCO FIJO 3 CARR.LG_LC1,0
4400641,MARCO SUPERIOR C/FIJO LG_LC1,0
4400634,UNION 4 HOJAS LG_LC1,0
4400633,ZOCALO RUEDAS LG_LC1,0
4400632,SEPARADOR CRISTAL LG_LC1,0
4400630,UNION 2 MARCOS LG_LC1,0
4400629,CANTONERA 135� LG_LC1,0
4400628,VIERTEAGUAS CLIPADO LG_LC1,0
4400626,GUIA SUPERIOR 3 CARR.LG_LC1,0
4400625,MARCO SUP/INF.3 CARR.LG_LC1,0
44006243,MARCO LATERAL TUB.3 CARR.LG_LC1,0
4400624,MARCO LATERAL 3 CARR.LG_LC1,0
44006156,GUIA-MARCO DCHO.155mm.LG_LC1,0
44006155,GUIA-MARCO IZQU.155mm.LG_LC1,0
4400615,TAPAJUN.SOLAPE 30 LG_LC1,0
44006141,TAPAJUNTAS 40mm.P/GUIA LG_LC1,0
4400614,GUIA PERSIANA CLIP LG_LC1,0
44006133,GUIA-MARCO DCHO.132mm.LG_LC1,0
44006132,GUIA-MARCO IZQU.132mm.LG_LC1,0
4400613,HOJA CENTRAL CLIM.LG_LC1,0
44006125,MAR.SUP/INF.3 CA.CAMARA LG_LC1,0
4400611,HOJA LATERAL CLIM.LG_LC1,0
4400610,HOJA RUEDAS CLIM.LG_LC1,0
4400609,HOJA CENTRAL LG_LC1,0
4400607,HOJA LATERAL LG_LC1,0
4400606,HOJA RUEDAS LG_LC1,0
4400604,MARCO FIJO HEMBRA LG_LC1,0
4400603,COMODIN 3 CARRILES LG_LC1,0
44005FM3020,TAPAJUNTAS 30 CO/ABAT_LBN,0
44005999,FORRAMARCO RECTO 40mm.LG_LBN,0
4400599,FORRAMARCO CURVO 40mm.LG_LBN,0
4400598,MARCO LATERAL C/PREM.I LG_LBN,0
4400597,MARCO LATERAL C/PREM.D LG_LBN,0
4400594,MARCO LAT.C/SOP.A COMP.LG_LBN,0
4400593,MARCO SUP.C/SOP.A COMP.LG_LBN,0
4400592,MARCO INF.C/SOP.A COMP.LG_LBN,0
4400590,CANTONERA 90� LG_LBN,0
4400587,MARCO SUPERIOR LG_LBN,0
4400586,MARCO INFERIOR LG_LBN,0
4400578,UNION CORREDERA LG/ABISAG_LBN,0
4400573,MARCO LATERAL LG_LBN,0
4400560,TAPAJUNTAS 40mm.LG_LBN,0
4400558,HOJA LATERAL CAMARA 25 LG_LBN,0
4400557,HOJA CENTRO CAMARA 25 LG_LBN,0
4400556,HOJA RUEDAS CAMARA 25 LG_LBN,0
4400555,MARCO INFERIOR MEDIA CAMARA LG_LBN++,0
4400554,MARCO INFERIOR CAMARA LG_LBN,0
4400552,TAPAJUNTAS 45mm.LG_LBN,0
4400550,TAPAJUNTAS 85mm.LG_LBN,0
4400548,MARCO FIJO CLIP LG_LBN,0
4400547,TAPAJUNTAS 30mm.LG_LBN,0
4400544,ZOCALO RUEDAS CLIM.LG_LBN,0
4400543,SEPARADOR CRISTAL CLIM.LG_LBN,0
4400542,MARCO FIJO 3 CARR.LG_LBN,0
4400541,MARCO SUPERIOR C/FIJO LG_LBN,0
4400534,UNION 4 HOJAS LG_LBN,0
4400533,ZOCALO RUEDAS LG_LBN,0
4400532,SEPARADOR CRISTAL LG_LBN,0
4400530,UNION 2 MARCOS LG_LBN,0
4400529,CANTONERA 135� LG_LBN,0
4400528,VIERTEAGUAS CLIPADO LG_LBN,0
4400527,TAPAJUNTAS SOLAPE 85mm.LG_LBN++,0
4400526,GUIA SUPERIOR 3 CARR.LG_LBN,0
4400525,MARCO SUP/INF.3 CARR.LG_LBN,0
44005243,MARCO LATERAL TUB.3 CARR.LG_LBN,0
4400524,MARCO LATERAL 3 CARR.LG_LBN,0
44005156,GUIA-MARCO DCHO.155mm.LG_LBN,0
44005155,GUIA-MARCO IZQU.155mm.LG_LBN,0
4400515,TAPAJUN.SOLAPE 30 LG_LBN,0
44005141,TAPAJUNTAS 40mm.P/GUIA LG_LBN,0
4400514,GUIA PERSIANA CLIP LG_LBN,0
44005133,GUIA-MARCO DCHO.132mm.LG_LBN,0
44005132,GUIA-MARCO IZQU.132mm.LG_LBN,0
4400513,HOJA CENTRAL CLIM.LG_LBN,0
44005125,MARCO SUP/INF.3 CARR.CAMARA LG_LBN,0
4400511,HOJA LATERAL CLIM.LG_LBN,0
4400510,HOJA RUEDAS CLIM.LG_LBN,0
4400509,HOJA CENTRAL LG_LBN,0
4400507,HOJA LATERAL LG_LBN,0
4400506,HOJA RUEDAS LG_LBN,0
4400504,MARCO FIJO HEMBRA LG_LBN,0
4400503,COMODIN 3 CARRILES LG_LBN,0
44004999,FORRAMARCO RECTO 40mm.LG_BEB,0
4400499,FORRAMARCO CURVO 40mm.LG_BEB,0
4400498,MARCO LATERAL C/PREM.I LG_BEB,0
4400497,MARCO LATERAL C/PREM.D LG_BEB,0
4400494,MARCO LAT.C/SOP.A COMP.LG_BEB,0
4400493,MARCO SUP.C/SOP.A COMP.LG_BEB,0
4400492,MARCO INF.C/SOP.A COMP.LG_BEB,0
4400490,CANTONERA 90� LG_BEB,0
4400487,MARCO SUPERIOR LG_BEB,0
4400486,MARCO INFERIOR LG_BEB,0
4400473,MARCO LATERAL LG_BEB,0
4400460,TAPAJUNTAS 40mm.LG_BEB,0
4400458,HOJA LATERAL CAMARA 25 LG_BEB,0
4400457,HOJA CENTRO CAMARA 25 LG_BEB,0
4400456,HOJA RUEDAS CAMARA 25 LG_BEB,0
4400455,MARCO INFERIOR MEDIA CAMARA LG_BEB,0
4400454,MARCO INFERIOR CAMARA LG_BEB,0
4400452,TAPAJUNTAS 45mm.LG_BEB,0
4400450,TAPAJUNTAS 85mm.LG_BEB,0
4400448,MARCO FIJO CLIP LG_BEB,0
4400447,TAPAJUNTAS 30mm.LG_BEB,0
4400444,ZOCALO RUEDAS CLIM.LG_BEB,0
4400443,SEPARADOR CRISTAL CLIM.LG_BEB,0
4400442,MARCO FIJO 3 CARR.LG_BEB,0
4400441,MARCO SUPERIOR C/FIJO LG_BEB,0
4400434,UNION 4 HOJAS LG_BEB,0
4400433,ZOCALO RUEDAS LG_BEB,0
4400432,SEPARADOR CRISTAL LG_BEB,0
4400430,UNION 2 MARCOS LG_BEB,0
4400429,CANTONERA 135� LG_BEB,0
4400428,VIERTEAGUAS CLIPADO LG_BEB,0
4400426,GUIA SUPERIOR 3 CARR.LG_BEB,0
4400425,MARCO SUP/INF.3 CARR.LG_BEB,0
44004243,MARCO LATERAL TUB.3 CARR.LG_BEB,0
4400424,MARCO LATERAL 3 CARR.LG_BEB,0
44004156,GUIA-MARCO DCHO.155mm.LG_BEB,0
44004155,GUIA-MARCO IZQU.155mm.LG_BEB,0
4400415,TAPAJUN.SOLAPE 30 LG_BEB,0
44004141,TAPAJUNTAS 40mm.P/GUIA LG_BEB,0
4400414,GUIA PERSIANA CLIP LG_BEB,0
44004133,GUIA-MARCO DCHO.132mm.LG_BEB,0
44004132,GUIA-MARCO IZQU.132mm.LG_BEB,0
4400413,HOJA CENTRAL CLIM.LG_BEB,0
44004125,MARCO SUP/INF.3 CARR.CAMARA LG_BEB,0
4400411,HOJA LATERAL CLIM.LG_BEB,0
4400410,HOJA RUEDAS CLIM.LG_BEB,0
4400409,HOJA CENTRAL LG_BEB,0
4400407,HOJA LATERAL LG_BEB,0
4400406,HOJA RUEDAS LG_BEB,0
4400404,MARCO FIJO HEMBRA LG_BEB,0
4400403,COMODIN 3 CARRILES LG_BEB,0
4400399,FORRAMARCO CURVO 40mm.LG_OEB,0
4400390,CANTONERA 90� LG_OEB,0
4400387,MARCO SUPERIOR LG_OEB,0
4400386,MARCO INFERIOR LG_OEB,0
4400373,MARCO LATERAL LG_OEB,0
4400360,TAPAJUNTAS 40mm.LG_OEB,0
4400358,HOJA LATERAL CAMARA 25 LG_OEB,0
4400357,HOJA CENTRO CAMARA 25 LG_OEB,0
4400356,HOJA RUEDAS CAMARA 25 LG_OEB,0
4400355,MARCO INFERIOR MEDIA CAMARA LG_OEB,0
4400348,MARCO FIJO CLIP LG_OEB,0
4400347,TAPAJUNTAS 30mm.LG_OEB,0
4400344,ZOCALO RUEDAS CLIM.LG_OEB,0
4400343,SEPARADOR CRISTAL CLIM.LG_OEB,0
4400342,MARCO FIJO 3 CARR.LG_OEB,0
4400341,MARCO SUPERIOR C/FIJO LG_OEB,0
4400334,UNION 4 HOJAS LG_OEB,0
4400333,ZOCALO RUEDAS LG_OEB,0
4400332,SEPARADOR CRISTAL LG_OEB,0
4400330,UNION 2 MARCOS LG_OEB,0
4400328,VIERTEAGUAS CLIPADO LG_OEB,0
4400325,MARCO SUP/INF.3 CARR.LG_OEB,0
44003243,MARCO LATERAL TUB.3 CARR.LG_OEB,0
4400324,MARCO LATERAL 3 CARR.LG_OEB,0
4400313,HOJA CENTRAL CLIM.LG_OEB,0
4400311,HOJA LATERAL CLIM.LG_OEB,0
4400310,HOJA RUEDAS CLIM.LG_OEB,0
4400309,HOJA CENTRAL LG_OEB,0
4400307,HOJA LATERAL LG_OEB,0
4400306,HOJA RUEDAS LG_OEB,0
4400304,MARCO FIJO HEMBRA LG_OEB,0
4400303,COMODIN 3 CARRILES LG_OEB,0
44002FM3020,TAPAJUNTAS 30 CO/ABAT_PEB,0
44002999,FORRAMARCO RECTO 40mm.LG_PEB,0
4400299,FORRAMARCO CURVO 40mm.LG_PEB,0
46000P3,PERFIL 3 CARRILES 66% APERTURA_CSA,0
460125174,EMBELLECEDOR CANALON RECOG.AGUAS_LC4,0
46006EC,EMBELLECEDOR DE CARRIL_LC1,0
470065201E,TAPA CANALON C/EMBELLECEDOR_NEGRO/COLOR,0
4000988,RECTANGULAR 150x30_CSA,0
4400290,CANTONERA 90� LG_PEB,0
4400287,MARCO SUPERIOR LG_PEB,0
4400286,MARCO INFERIOR LG_PEB,0
4400273,MARCO LATERAL LG_PEB,0
4400260,TAPAJUNTAS 40mm.LG_PEB,0
4400258,HOJA LATERAL CAMARA 25 LG_PEB,0
4400257,HOJA CENTRO CAMARA 25 LG_PEB,0
4400256,HOJA RUEDAS CAMARA 25 LG_PEB,0
4400255,MARCO INFERIOR MEDIA CAMARA LG_PEB,0
4400254,MARCO INFERIOR CAMARA LG_PEB,0
4400252,TAPAJUNTAS 45mm.LG_PEB,0
4400250,TAPAJUNTAS 85mm.LG_PEB,0
4400248,MARCO FIJO CLIP LG_PEB,0
4400247,TAPAJUNTAS 30mm.LG_PEB,0
4400244,ZOCALO RUEDAS CLIM.LG_PEB,0
4400243,SEPARADOR CRISTAL CLIM.LG_PEB,0
4400242,MARCO FIJO 3 CARR.LG_PEB,0
4400241,MARCO SUPERIOR C/FIJO LG_PEB,0
4400234,UNION 4 HOJAS LG_PEB,0
4400233,ZOCALO RUEDAS LG_PEB,0
4400232,SEPARADOR CRISTAL LG_PEB,0
4400230,UNION 2 MARCOS LG_PEB,0
4400229,CANTONERA 135� LG_PEB,0
4400228,VIERTEAGUAS CLIPADO LG_PEB,0
4400226,GUIA SUPERIOR 3 CARR.LG_PEB,0
4400225,MARCO SUP/INF.3 CARR.LG_PEB,0
44002243,MARCO LATERAL TUB.3 CARR.LG_PEB,0
4400224,MARCO LATERAL 3 CARR.LG_PEB,0
44002156,GUIA-MARCO DCHO.155mm.LG_PEB,0
44002155,GUIA-MARCO IZQU.155mm.LG_PEB,0
4400215,TAPAJUN.SOLAPE 30 LG_PEB++,0
44002141,TAPAJUNTAS 40mm.P/GUIA LG_PEB,0
4400214,GUIA PERSIANA CLIP LG_PEB++,0
44002133,GUIA-MARCO DCHO.132mm.LG_PEB,0
44002132,GUIA-MARCO IZQU.132mm.LG_PEB,0
4400213,HOJA CENTRAL CLIM.LG_PEB,0
44002125,MARCO SUP/INF.3 CARR.CAMARA LG_PEB,0
4400211,HOJA LATERAL CLIM.LG_PEB,0
4400210,HOJA RUEDAS CLIM.LG_PEB,0
4400209,HOJA CENTRAL LG_PEB,0
4400207,HOJA LATERAL LG_PEB,0
4400206,HOJA RUEDAS LG_PEB,0
4400204,MARCO FIJO HEMBRA LG_PEB,0
4400203,COMODIN 3 CARRILES LG_PEB,0
44001999,FORRAMARCO RECTO 40mm.LG_PMD,0
4400199,FORRAMARCO CURVO 40mm.LG_PMD,0
4400198,MARCO LATERAL C/PREM.I LG_PMD,0
4400197,MARCO LATERAL C/PREM.D LG_PMD,0
4400194,MARCO LAT.C/SOP.A COMP.LG_PMD,0
4400193,MARCO SUP.C/SOP.A COMP.LG_PMD,0
4400192,MARCO INF.C/SOP.A COMP.LG_PMD,0
4400190,CANTONERA 90� LG_PMD,0
4400187,MARCO SUPERIOR LG_PMD,0
4400186,MARCO INFERIOR LG_PMD,0
4400173,MARCO LATERAL LG_PMD,0
4400160,TAPAJUNTAS 40mm.LG_PMD,0
4400158,HOJA LATERAL CAMARA 25 LG_PMD,0
4400157,HOJA CENTRO CAMARA 25 LG_PMD,0
4400156,HOJA RUEDAS CAMARA 25 LG_PMD,0
4400155,MARCO INFERIOR MEDIA CAMARA LG_PMD,0
4400154,MARCO INFERIOR CAMARA LG_PMD,0
4400152,TAPAJUNTAS 45mm.LG_PMD,0
4400150,TAPAJUNTAS 85mm.LG_PMD,0
4400148,MARCO FIJO CLIP LG_PMD,0
4400147,TAPAJUNTAS 30mm.LG_PMD,0
4400144,ZOCALO RUEDAS CLIM.LG_PMD,0
4400143,SEPARADOR CRISTAL CLIM.LG_PMD,0
4400142,MARCO FIJO 3 CARR.LG_PMD,0
4400141,MARCO SUPERIOR C/FIJO LG_PMD,0
4400134,UNION 4 HOJAS LG_PMD,0
4400133,ZOCALO RUEDAS LG_PMD,0
4400132,SEPARADOR CRISTAL LG_PMD,0
4400130,UNION 2 MARCOS LG_PMD,0
4400129,CANTONERA 135� LG_PMD,0
4400128,VIERTEAGUAS CLIPADO LG_PMD,0
4400126,GUIA SUPERIOR 3 CARR.LG_PMD,0
4400125,MARCO SUP/INF.3 CARR.LG_PMD,0
44001243,MARCO LATERAL TUB.3 CARR.LG_PMD,0
4400124,MARCO LATERAL 3 CARR.LG_PMD,0
44001156,GUIA-MARCO DCHO.155mm.LG_PMD,0
44001155,GUIA-MARCO IZQU.155mm.LG_PMD,0
4400115,TAPAJUN.SOLAPE 30 LG_PMD,0
44001141,TAPAJUNTAS 40mm.P/GUIA LG_PMD,0
4400114,GUIA PERSIANA CLIP LG_PMD,0
44001133,GUIA-MARCO DCHO.132mm.LG_PMD,0
44001132,GUIA-MARCO IZQU.132mm.LG_PMD,0
4400113,HOJA CENTRAL CLIM.LG_PMD,0
44001125,MARCO SUP/INF.3 CARR.CAMARA LG_PMD,0
4400111,HOJA LATERAL CLIM.LG_PMD,0
4400110,HOJA RUEDAS CLIM.LG_PMD,0
4400109,HOJA CENTRAL LG_PMD,0
4400107,HOJA LATERAL LG_PMD,0
4400106,HOJA RUEDAS LG_PMD,0
4400104,MARCO FIJO HEMBRA LG_PMD,0
4400103,COMODIN 3 CARRILES LG_PMD,0
44000FM3020,TAPAJUNTAS 30 CO/ABAT_CSA,0
44000999,FORRAMARCO RECTO 40mm.LG_CSA,0
4400099,FORRAMARCO CURVO 40mm.LG_CSA,0
4400098,MARCO LATERAL C/PREM.I LG_CSA,0
4400097,MARCO LATERAL C/PREM.D LG_CSA,0
4400094,MARCO LAT.C/SOP.A COMP.LG_CSA,0
4400093,MARCO SUP.C/SOP.A COMP.LG_CSA,0
4400092,MARCO INF.C/SOP.A COMP.LG_CSA,0
4400090,CANTONERA 90� LG_CSA,0
4400087,MARCO SUPERIOR LG_CSA,0
4400086,MARCO INFERIOR LG_CSA,0
4400078,UNION CORREDERA LG/ABISAG_CSA,0
4400073,MARCO LATERAL LG_CSA,0
4400060,TAPAJUNTAS 40mm.LG_CSA,0
4400058,HOJA LATERAL CAMARA 25 LG_CSA,0
4400057,HOJA CENTRO CAMARA 25 LG_CSA,0
4400056,HOJA RUEDAS CAMARA 25 LG_CSA,0
4400055,MARCO INFERIOR MEDIA CAMARA LG_CSA,0
4400054,MARCO INFERIOR CAMARA LG_CSA,0
4400052,TAPAJUNTAS 45mm.LG_CSA,0
4400050,TAPAJUNTAS 85mm.LG_CSA,0
4400048,MARCO FIJO CLIP LG_CSA,0
4400047,TAPAJUNTAS 30mm.LG_CSA,0
4400044,ZOCALO RUEDAS CLIM.LG_CSA,0
4400043,SEPARADOR CRISTAL CLIM.LG_CSA,0
4400042,MARCO FIJO 3 CARR.LG_CSA,0
4400041,MARCO SUPERIOR C/FIJO LG_CSA,0
4400034,UNION 4 HOJAS LG_CSA,0
4400033,ZOCALO RUEDAS LG_CSA,0
4400032,SEPARADOR CRISTAL LG_CSA,0
4400030,UNION 2 MARCOS LG_CSA,0
4400029,CANTONERA 135� LG_CSA,0
4400028,VIERTEAGUAS CLIPADO LG_CSA,0
4400027,TAPAJUNTAS SOLAPE 85mm.LG_CSA++,0
4400026,GUIA SUPERIOR 3 CARR.LG_CSA,0
4400025,MARCO SUP/INF.3 CARR.LG_CSA,0
44000243,MARCO LATERAL TUB.3 CARR.LG_CSA,0
4400024,MARCO LATERAL 3 CARR.LG_CSA,0
44000156,GUIA-MARCO DCHO.155mm.LG_CSA,0
44000155,GUIA-MARCO IZQU.155mm.LG_CSA,0
25012941610,MARCO VENTANA C/16 V94_LC4,0
44000141,TAPAJUNTAS 40mm.P/GUIA LG_CSA,0
4400014,GUIA PERSIANA CLIP LG_CSA,0
44000133,GUIA-MARCO DCHO.132mm.LG_CSA,0
44000132,GUIA-MARCO IZQU.132mm.LG_CSA,0
4400013,HOJA CENTRAL CLIM.LG_CSA,0
44000125,MARCO SUP/INF.3 CARR.CAMARA LG_CSA,0
4400011,HOJA LATERAL CLIM.LG_CSA,0
4400010,HOJA RUEDAS CLIM.LG_CSA,0
4400009,HOJA CENTRAL LG_CSA,0
4400007,HOJA LATERAL LG_CSA,0
4400006,HOJA RUEDAS LG_CSA,0
4400004,MARCO FIJO HEMBRA LG_CSA,0
4400003,COMODIN 3 CARRILES LG_CSA,0
440,CORREDERA LG,0
42008161,CONJUN.DOBLE MANETA CEU_INOX,0
42008160,CONJUNTO MANETA INT.CEU_INOX++,0
42008105D,PRIMA CIERRE EMB.DOBLE_INOX,0
42008104,CREMONA BEST CORREDERA_INOX,0
42006CP25,COMPLEMENTO PLASTICO 25_NEGRO,0
4200691,CONJUNTO CIERRE CEU_NEGRO++45,0
4200650,TOPE HOJA CEU_NEGRO,0
42006225,CIERRE SIN LLAVE CEU_NEGRO,0
42006224,U�ERO CEU_NEGRO,0
42006223,ASA TIRADOR CEU_NEGRO,0
42006222,MANETA CIERRE CEU_NEGRO,0
42006221,CIERRE DOBLE TIRADOR CEU_NEGRO,0
42006220,CIERRE CON MANETA CEU_NEGRO,0
42006204,CIERRE Y ASA_NEGRO,0
42006170,ESCUDO CON BOMBIN CEU_NEGRO,0
42006161,CONJUN.DOBLE MANETA CEU_NEGRO,0
42006160,CONJUNTO MANETA INT.CEU_NEGRO++,0
42006108,ASA_NEGRO,0
42006105D,PRIMA CIERRE EMB.DOBLE_NEGRO,0
42006104,CREMONA BEST CORREDERA_NEGRO,0
42005CP25,COMPLEMENTO PLASTICO 25_BLANCO,0
4200591,CONJUNTO CIERRE CEU_BLANCO++45,0
4200550,TOPE HOJA CEU_BLANCO,0
42005223,ASA TIRADOR CEU_BLANCO,0
42005222,MANETA CIERRE CEU_BLANCO,0
42005221,CIERRE DOBLE TIRADOR CEU_BLANCO,0
42005220,CIERRE CON MANETA CEU_BLANCO,0
42005210,MANETA CEU_BLANCO,0
42005204,CIERRE Y ASA_BLANCO,0
42005180,TIRADOR EMBUTIDO CEU_BLANCO,0
42005170,ESCUDO CON BOMBIN CEU_BLANCO,0
42005161,CONJUN.DOBLE MANETA CEU_BLANCO,0
42005160,CONJUNTO MANETA INT.CEU_BLANCO++,0
42005108,ASA_BLANCO,0
42005105D,PRIMA CIERRE EMB.DOBLE_BLANCO,0
42005104,CREMONA BEST CORREDERA_BLANCO,0
42004221,CIERRE DOBLE TIRADOR CEU_BRONCE,0
42004220,CIERRE CON MANETA CEU_BRONCE,0
42004210,MANETA CEU_BRONCE,0
42004180,TIRADOR EMBUTIDO CEU_BRONCE,0
42004170,ESCUDO CON BOMBIN CEU_BRONCE,0
42004161,CONJUN.DOBLE MANETA CEU_BRONCE,0
42004160,CONJUNTO MANETA INT.CEU_BRONCE++,0
42003180,TIRADOR EMBUTIDO CEU_ORO,0
42003170,ESCUDO CON BOMBIN CEU_ORO,0
42003161,CONJUN.DOBLE MANETA CEU_ORO,0
42003160,CONJUNTO MANETA INT.CEU_ORO++,0
42001221,CIERRE DOBLE TIRADOR CEU_PLATA,0
42001220,CIERRE CON MANETA CEU_PLATA,0
42001190,CONTRAPLACA P/MANETA CEU_PLATA,0
42001180,TIRADOR EMBUTIDO CEU_PLATA,0
42001170,ESCUDO CON BOMBIN CEU_PLATA,0
42001162,MANETA DE QUITA Y PON CEU_PLATA,0
42001161,CONJUN.DOBLE MANETA CEU_PLATA,0
42001160,CONJUNTO MANETA INT.CEU_PLATA++,0
42001114,BULONES CEU (UNIDAD)_PLATA,0
42001105D,PRIMA CIERRE EMB.DOBLE_PLATA,0
42001104,CREMONA BEST CORREDERA_PLATA,0
4200099,MATRIZ CEU,0
4200093050,MULTICIERRE,0
4200092882,KIT CIERRES P/CREMONA CITY,0
4200092863,KIT CIERRE,0
4200092752,KIT MULTICIERRE(GANCHOS),0
4200080,JGO.JUNTAS ESTANQUEIDAD CEU,0
4200070,JGO.ESCUADRA GUIADORA HOJA CEU,0
42000660,JUNTA REGISTRO CEU,0
4200060,JGO.CORTAVIENTOS SUP/INF.CEU,0
42000490,FELPUDO 7x8 CEU,0
4200040,ESCUADRA HOJA CEU,0
420003369,KIT MULTICIERRE CHAMPI,0
4200030,JGO.PATINES GUIAD.4 HOJAS CEU,0
42000200,CILINDRO CEU,0
42000160,CONJUNTO MANETA INT.CEU_CRUDO++,0
42000154,CREMONA BALCON LARGA(2276-2675) CEU,0
42000153,PROLONGADOR (2256-2655) CEU,0
42000152,CREMONA BALCON LARGA(1776-2275) CEU,0
42000151,CREMONA BALCON CORTA CEU,0
42000150,CREMONA VENT.(1175-1775) CEU,0
42000143,PLETINA ALARGO 3.350mm.CEU,0
42000142,PLETINA ALARGO 2.500mm.CEU,0
42000141,PLETINA ALARGO 2.000mm.CEU,0
42000140,PLETINA ALARGO 1.500mm.CEU,0
42000130,CARTON BASE CEU,0
42000120,RUEDA TANDEM CEU,0
42000114,BULONES CEU (UNIDAD),0
42000107,2� PUNTO CIERRE P/CREM.BEST,0
42000104500,CILINDRO CREMONA EUROKEY,0
42000100,ESCUADRA REGISTRO CEU,0
4200010,JGO.TAPETA GUIA CORREDERA CEU,0
420,ACC.CORREDERA CEU ELEVABLE,0
41008312982,SANDW.3000x1250x9 2C_INOX,0
410083122082,SANDW.3000x1250x20 2C_INOX,0
410083121682,SANDW.3000x1250x16 2C_INOX,0
4100821982,SANDW.2000x1000x9 2C_INOX,0
41008212082,SANDW.2000x1000x20 2C_INOX,0
4100710202,PANEL ALBUFERA 2C_MADERA,0
4100710101,PANEL SAFOR 1C_MADERA,0
4100710002,PANEL RIBERA 2C_MADERA,0
4100710001,PANEL RIBERA 1C_MADERA,0
410063122082,SANDW.3000x1250x20 2C_COLOR,0
410063121682,SANDW.3000x1250x16 2C_COLOR,0
41006213682,SANDW.2000x1000x36 2C_COLOR,0
41006212082,SANDW.2000x1000x20 2C_COLOR,0
41006211682,SANDW.2000x1000x16 2C_COLOR,0
4100610102,PANEL SAFOR 2C_COLOR,0
4100610001,PANEL RIBERA 1C_COLOR,0
4100582,PANELUX REVERSIBLE 82mm_BLANCO++,0
4100552,PANELUX REVERSIBLE 52mm_BLANCO++,0
41005312982,SANDW.3000x1250x9 2C_BLANCO,0
41005312682,SANDW.3000x1250x6 2C_BLANCO,0
410053123282,SANDW.3000x1250x32 2C_BLANCO,0
410053122282,SANDW.3000x1250x22 2C_BLANCO,0
410053122082,SANDW.3000x1250x20 2C_BLANCO,0
410053121882,SANDW.3000x1250x18 2C_BLANCO,0
410053121682,SANDW.3000x1250x16 2C_BLANCO,0
410053121282,SANDW.3000x1250x12 2C_BLANCO,0
410053121281,SANDW.3000x1250x11 1C_BLANCO,0
4100521982,SANDW.2000x1000x9 2C_BLANCO,0
4100521881,SANDW.2000x1000x8 1C_BLANCO,0
4100521682,SANDW.2000x1000x6 2C_BLANCO,0
41005213282,SANDW.2000x1000x32 2C_BLANCO,0
41005212282,SANDW.2000x1000x22 2C_BLANCO,0
41005212181,SANDW.2000x1000x21 1C_BLANCO,0
41005212082,SANDW.2000x1000x20 2C_BLANCO,0
41005212081,SANDW.2000x1000x19 1C_BLANCO,0
41005211882,SANDW.2000x1000x18 2C_BLANCO,0
41005211781,SANDW.2000x1000x17 1C_BLANCO,0
41005211682,SANDW.2000x1000x16 2C_BLANCO,0
41005211681,SANDW.2000x1000x15 1C_BLANCO,0
41005211282,SANDW.2000x1000x12 2C_BLANCO,0
4100510402,FIJO COSTERA MOLD.2C_BLANCO,0
410051021,PANEL ALBUFERA 1C_BLANCO,0
410051020TR,P.ALBUFERA CRIS.TRANSL_BLANCO,0
410051020B,P.ALBUFERA CRIS.BARROT_BLANCO,0
4100510202BLI,PANEL ALBUFERA 2C BLIND_BLANCO++,0
4100510202,PANEL ALBUFERA 2C_BLANCO,0
4100510102,PANEL SAFOR 2C_BLANCO,0
410051000E,P.RIBERA CRIS.ESCARCHA_BLANCO,0
4100510002,PANEL RIBERA 2C_BLANCO,0
4100510001,PANEL RIBERA 1C_BLANCO,0
41004312982,SANDW.3000x1250x9 2C_BRONCE,0
4100421982,SANDW.2000x1000x9 2C_BRONCE,0
4100421682,SANDW.2000x1000x6 2C_BRONCE,0
41004212082,SANDW.2000x1000x20 2C_BRONCE,0
41004212081,SANDW.2000x1000x19 1C_BRONCE,0
41004211682,SANDW.2000x1000x16 2C_BRONCE,0
4100410302,PANEL MARINA ESTAND.2C_BRONCE,0
410041021,PANEL ALBUFERA 1C_BRONCE,0
4100410202,PANEL ALBUFERA 2C_BRONCE,0
41001312982,SANDW.3000x1250x9 2C_PLATA,0
410013122082,SANDW.3000x1250x20 2C_PLATA,0
410013121682,SANDW.3000x1250x16 2C_PLATA,0
4100121982,SANDW.2000x1000x9 2C_PLATA,0
41001212082,SANDW.2000x1000x20 2C_PLATA,0
41001211682,SANDW.2000x1000x16 2C_PLATA,0
4100099,PERFIL PVC UNION PANELUX,0
410,PANELES PUERTA,0
40006SLPE,MANILLA SLITTA PEQUE�A_NEGRO,0
40006K28,MANDO POMO_NEGRO,0
40006K08,MANDO MANIVELA_NEGRO,0
4000630P,MECANISMO 1900mm.PERLA_NEGRO,0
4000627TMS,MECANISMO 1720mm.CAM.36_NEGRO,0
4000627P,MECANISMO 1720mm.PERLA_NEGRO,0
4000626TMS,MECANISMO 1660mm.CAM.36_NEGRO,0
4000625TMS,MECANISMO 1600mm.CAM.36_NEGRO,0
400062525TMS,MECANISMO 1600mm.CAM.25_NEGRO,0
4000624TMS,MECANISMO 1540mm.CAM.36_NEGRO,0
4000624P,MECANISMO 1540mm.PERLA_NEGRO,0
400062425TMS,MECANISMO 1540mm.CAM.25_NEGRO,0
4000623TMS,MECANISMO 1480mm.CAM.36_NEGRO,0
4000623P,MECANISMO 1480mm.PERLA_NEGRO,0
400062325TMS,MECANISMO 1480mm.CAM.25_NEGRO,0
4000622TMS,MECANISMO 1420mm.CAM.36_NEGRO,0
4000622P,MECANISMO 1420mm.PERLA_NEGRO,0
400062225TMS,MECANISMO 1420mm.CAM.25_NEGRO,0
4000621TMS,MECANISMO 1360mm.CAM.36_NEGRO,0
4000621P,MECANISMO 1360mm.PERLA_NEGRO,0
400062125TMS,MECANISMO 1360mm.CAM.25_NEGRO,0
4000620TMS,MECANISMO 1300mm.CAM.36_NEGRO,0
4000620P,MECANISMO 1300mm.PERLA_NEGRO,0
400062025TMS,MECANISMO 1300mm.CAM.25_NEGRO,0
4000619TMS,MECANISMO 1240mm.CAM.36_NEGRO,0
4000619P,MECANISMO 1240mm.PERLA_NEGRO,0
400061925TMS,MECANISMO 1240mm.CAM.25_NEGRO,0
4000618TMS,MECANISMO 1180mm.CAM.36_NEGRO,0
4000618P,MECANISMO 1180mm.PERLA_NEGRO,0
400061825TMS,MECANISMO 1180mm.CAM.25_NEGRO,0
4000617TMS,MECANISMO 1120mm.CAM.36_NEGRO,0
4000617P,MECANISMO 1120mm.PERLA_NEGRO,0
400061725TMS,MECANISMO 1120mm.CAM.25_NEGRO,0
4000616TMS,MECANISMO 1060mm.CAM.36_NEGRO,0
4000616P,MECANISMO 1060mm.PERLA_NEGRO,0
400061625TMS,MECANISMO 1060mm.CAM.25_NEGRO,0
4000615TMS,MECANISMO 1000mm.CAM.36_NEGRO,0
4000615P,MECANISMO 1000mm.PERLA_NEGRO,0
400061525TMS,MECANISMO 1000mm.CAM.25_NEGRO,0
4000614TMS,MECANISMO 940mm.CAM.36_NEGRO,0
4000614P,MECANISMO 940mm.PERLA_NEGRO,0
400061425TMS,MECANISMO 940mm.CAM.25_NEGRO,0
4000613TMS,MECANISMO 880mm.CAM.36_NEGRO,0
4000613P,MECANISMO 880mm.PERLA_NEGRO,0
400061325TMS,MECANISMO 880mm.CAM.25_NEGRO,0
4000612TMS,MECANISMO 820mm.CAM.36_NEGRO,0
4000612P,MECANISMO 820mm.PERLA_NEGRO,0
400061225TMS,MECANISMO 820mm.CAM.25_NEGRO,0
4000611TMS,MECANISMO 760mm.CAM.36_NEGRO,0
4000611P,MECANISMO 760mm.PERLA_NEGRO,0
400061125TMS,MECANISMO 760mm.CAM.25_NEGRO,0
4000610TMS,MECANISMO 700mm.CAM.36_NEGRO,0
4000610P,MECANISMO 700mm.PERLA_NEGRO,0
400061025TMS,MECANISMO 700mm.CAM.25_NEGRO,0
4000609TMS,MECANISMO 640mm.CAM.36_NEGRO,0
4000609P,MECANISMO 640mm.PERLA_NEGRO,0
400060925TMS,MECANISMO 640mm.CAM.25_NEGRO,0
4000608TMS,MECANISMO 580mm.CAM.36_NEGRO,0
4000608P,MECANISMO 580mm.PERLA_NEGRO,0
400060825TMS,MECANISMO 580mm.CAM.25_NEGRO,0
4000607TMS,MECANISMO 520mm.CAM.36_NEGRO,0
4000607P,MECANISMO 520mm.PERLA_NEGRO,0
400060725TMS,MECANISMO 520mm.CAM.25_NEGRO,0
4000606TMS,MECANISMO 460mm.CAM.36_NEGRO,0
4000606P,MECANISMO 460mm.PERLA_NEGRO,0
400060625TMS,MECANISMO 460mm.CAM.25_NEGRO,0
40005K28,MANDO POMO_BLANCO,0
400,MECANISMOS MALLORQUINA,0
39006TM23I,TERMINAL M-23 IZDO_NEGRO,0,12
39006TM23D,TERMINAL M-23 DCHO_NEGRO,0,12
39006SM23,SEPARADOR M-23 REVERSIBLE_NEGRO,0,12
3900631,BISAGRA 3� HOJA D/I MALLORQ_NEGRO,1,68
3900630,BOLSA ACC.N�2 MALLORQUINA,5,17
3900629,CREMONA MALLORQ.BELUGA_NEGRO,0
3900628,JGO.TAPAS S/600_NEGRO,0,56
3900623,BOLSA ACC.N�3 MALLORQUINA,4,49
3900621,BOLSA ACC.N�1 MALLORQUINA,2,09
390062000C,CREMONA MALLORQ.2000 4H_NEGRO,0
3900620,SOPORTE LAMA D/I FIJA M-7_NEGRO,0,09
3900618,BISAGRA 4 HOJAS D/I MALLORQ_NEGRO,0
3900617,BISAGRA DESLIZANTE 40x20_NEGRO,1,58
3900615,GRILLO DOBLE_NEGRO,4,07
3900614,SOPORTE D/I LAMA FIJA ABIS.M-44_NEGRO,0,14
3900613,GRILLO SIMPLE_NEGRO,2,33
3900601,MANDO ROTARI_NEGRO,6,7
39005TM23I,TERMINAL M-23 IZDO_BLANCO,0,12
39005TM23D,TERMINAL M-23 DCHO_BLANCO,0,12
39005SM23,SEPARADOR M-23 REVERSIBLE_BLANCO,0,12
3900531,BISAGRA 3� HOJA D/I MALLORQ_BLANCO,2,02
3900529,CREMONA MALLORQ.BELUGA_BLANCO,0
390052000C,CREMONA MALLORQ.2000 4H_BLANCO,0
3900520,SOPORTE LAMA D/I FIJA M-7_BLANCO,0,09
3900518,BISAGRA 4 HOJAS D/I MALLORQ_BLANCO,0
3900517,BISAGRA DESLIZANTE 40x20_BLANCO,1,58
3900514,SOPORTE D/I LAMA FIJA ABIS.M-44_BLANCO,0,14
3900501,MANDO ROTARI_BLANCO,0
3900034,BOLSA ACC.N�4 MALLORQUINA,0
3900024,GOMA MARCO/HOJA 540 MALLORQUINA,0
3900009,GOMA LAMA 549 MALLORQUINA,0
3900006,ESCUADRA MARCO/HOJA 0420,0
390,ACC.MALLORQUINA NACO,0
380121021,JUNQ.CURVO GRAPA 13,5 BRUS_LC4++,0
380061006,JUNQ.ANCHO 16,5mm.BRUSCH_LOC++,0
3800545229TT,HOJA ALA RED�TT BRUSCH_LBN++,0
3800545229,HOJA ALA RED� BRUSCH_LBN++,0
3800545224TT,H.CENT.(2H)ALA RED�TT BRUS_LBN++,0
3800545218TT,H.CENT.(2H)PTO.RED�TT BRUS_LBN++,0
3800545217,HOJA PRACT.PTO.RED� BRUSCH_LBN++,0
3800545215,HOJA GRANDE P/CERRAD.BRUSC_LBN++,0
3800545214N,ZOC.INF.HOJA 160 PTA.BRUSC_LBN++,0
3800545211NTT,FRANJA CENT.160 TT BRUSCH_LBN++,0
3800545211N,FRANJA CENTR.160mm.BRUSCH_LBN++,0
3800545204,ZOCALO INF.P/HOJAS BRUSCH_LBN++,0
3800545203,TRAVESA�O P/HOJAS BRUSCH_LBN++,0
3800545202TT,H.GENER.CENT.(2H)TT BRUSCH_LBN++,0
3800545202,HOJA GENER.CENT.(2H)BRUSCH_LBN++,0
3800545112N,FRANJA CENT.FIJOS 160 BRUS_LBN++,0
3800545003,MARCO LISO BRUSCH_LBN++,0
3800545001,MARCO C/TAPAJUNTAS BRUSCH_LBN++,0
380052018,GUIA SUPER.OSC/PARAL.BRUSC_LBN++,0
380051021,JUNQ.CURVO GRAPA 13,5 BRUS_LBN++,0
380051020,JUNQ.CURVO GRAPA 19,5 BRUS_LBN++,0
380051015,JUNQ.CURVO CLIP 7,5 BRUSCH_LBN++,0
380051014,JUNQ.CURVO CLIP 13,5 BRUSC_LBN++,0
380051007,JUNQ.ANCHO 13,5mm.BRUSCH_LBN++,0
380051006,JUNQ.ANCHO 16,5mm.BRUSCH_LBN++,0
380051005,JUNQ.V/5-6-8(H-23)BRUSCH_LBN++,0
380051003,JUNQ.(H-14)BRUSCH_LBN++,0
3800472007,MARCO PRACT.C/PATAS AM_BEB++,0
3800445229TT,HOJA ALA RED�TT BRUSCH_BEB++,0
3800445229,HOJA ALA RED� BRUSCH_BEB++,0
3800445215,HOJA GRANDE P/CERRAD.BRUSC_BEB++,0
3800445214N,ZOC.INF.HOJA 160 PTA.BRUSC_BEB++,0
3800445204,ZOCALO INF.P/HOJAS BRUSCH_BEB++,0
3800445203,TRAVESA�O P/HOJAS BRUSCH_BEB++,0
3800445114,ZOC.INF.P/FIJOS(160mm)BRUS_BEB++,0
3800445104TT,TRAV.GRAN.P/PRACT.TT BRUSC_BEB++,0
3800445101TT,TRAVES.P/PRACTIC.TT BRUSCH_BEB++,0
3800445007TT,MARCO C/PATAS TT BRUSCH_BEB++,0
3800445003TT,MARCO LISO TT BRUSCH_BEB++,0
3800445003,MARCO LISO BRUSCH_BEB++,0
3800445001,MARCO C/TAPAJUNTAS BRUSCH_BEB++,0
380042029,FORRAMARCO 85mm.BRUSCH_BEB++,0
380042028,TAPAJUNTAS 40mm.BRUSCH_BEB++,0
380042013,VIERTEAGUAS BRUSCH_BEB++,0
380041021,JUNQ.CURVO GRAPA 13,5 BRUS_BEB++,0
380041014,JUNQ.CURVO CLIP 13,5 BRUSC_BEB++,0
380041013,JUNQ.CURVO CLIP 19,5 BRUSC_BEB++,0
380041008,JUNQ.ANCHO 10,5mm.BRUSCH_BEB++,0
380041006,JUNQ.ANCHO 16,5mm.BRUSCH_BEB++,0
380041005,JUNQ.V/5-6-8(H-23)BRUSCH_BEB++,0
380041003,JUNQ.(H-14)BRUSCH_BEB++,0
3800045218,H.CENTRAL(2H)PTO.RED�BRUSC_CSA++,0
3800045217,HOJA PRACT.PTO.RED� BRUSCH_CSA++,0
3800045215,HOJA GRANDE P/CERRAD.BRUSC_CSA++,0
3800045214N,ZOC.INF.HOJA 160 PTA.BRUSC_CSA++,0
3800045211N,FRANJA CENTR.160mm.BRUSCH_CSA++,0
3800045203,TRAVESA�O P/HOJAS BRUSCH_CSA++,0
3800045202,HOJA GENER.CENT.(2H)BRUSCH_CSA++,0
3800045113,CANTONERA 90�(70mm)BRUSCH_CSA++,0
3800045106,TRAVES.GRAN.P/FIJOS BRUSCH_CSA++,0
3800045003,MARCO LISO BRUSCH_CSA++,0
3800045001,MARCO C/TAPAJUNTAS BRUSCH_CSA++,0
380002013,VIERTEAGUAS BRUSCH_CSA++,0
380002005,PERFIL A SUELO BRUSCH_CSA++,0
380001021,JUNQ.CURVO GRAPA 13,5 BRUS_CSA++,0
380001020,JUNQ.CURVO GRAPA 19,5 BRUS_CSA++,0
380001015,JUNQ.CURVO CLIP 7,5 BRUSCH_CSA++,0
380001009,JUNQ.ANCHO 7,5mm.BRUSCH_CSA++,0
380001007,JUNQ.ANCHO 13,5mm.BRUSCH_CSA++,0
380001006,JUNQ.ANCHO 16,5mm.BRUSCH_CSA++,0
380001005,JUNQ.V/5-6-8(H-23)BRUSCH_CSA++,0
380001003,JUNQ.(H-14)BRUSCH_CSA++,0
380,ABISAGRADO BRUSCH++,0
37018807N,LAMA 70mm.REGULABLE NACO_LMCC,0
37017850AN,ZOCALO 120mm.AUTORR_LMV,0
37017810N,PERFIL BASE MALLORQUINA_LMV,0
3701781,LAMA FIJA MALLORQUINA_LMV,0
37017809N,LAMA 3/4 NACO_LMV,0
37017807N,LAMA 70mm.REGULABLE NACO_LMV,0
37017802N,MARCO-HOJA NACO_LMV,0
37017800N,PERFIL INVERSOR MALLORQ_LMV,0
37016810N,PERFIL BASE MALLORQUINA_LMN,0
3701681,LAMA FIJA MALLORQUINA_LMN,0
37016809N,LAMA 3/4 NACO_LMN,0
37016807N,LAMA 70mm.REGULABLE NACO_LMN,0
37016802N,MARCO-HOJA NACO_LMN,0
37016800N,PERFIL INVERSOR MALLORQ_LMN,0
37015850AN,ZOCALO 120mm.AUTORR_LMC,0
37015810N,PERFIL BASE MALLORQUINA_LMC,0
37015809N,LAMA 3/4 NACO_LMC,0
37015807N,LAMA 70mm.REGULABLE NACO_LMC,0
37015802N,MARCO-HOJA NACO_LMC,0
37015800N,PERFIL INVERSOR MALLORQ_LMC,0
37014809N,LAMA 3/4 NACO_LMP,0
37014807N,LAMA 70mm.REGULABLE NACO_LMP,0
37013850AN,ZOCALO 120mm.AUTORR_LBP,0
37013809N,LAMA 3/4 NACO_LBP,0
37013807N,LAMA 70mm.REGULABLE NACO_LBP,0
37013802N,MARCO-HOJA NACO_LBP,0
37013800N,PERFIL INVERSOR MALLORQ_LBP,0
37012850AN,ZOCALO 120mm.AUTORR_LC4,0
37012810N,PERFIL BASE MALLORQUINA_LC4,0
3701281,LAMA FIJA MALLORQUINA_LC4,0
37012809N,LAMA 3/4 NACO_LC4,0
37012807N,LAMA 70mm.REGULABLE NACO_LC4,0
37012802N,MARCO-HOJA NACO_LC4,0
37012800N,PERFIL INVERSOR MALLORQ_LC4,0
37012800AN,ZOCALO PEQUE�O AUTORR_LC4,0
37011850AN,ZOCALO 120mm.AUTORR_LC3,0
37011810N,PERFIL BASE MALLORQUINA_LC3,0
3701181,LAMA FIJA MALLORQUINA_LC3,0
37011809N,LAMA 3/4 NACO_LC3,0
37011807N,LAMA 70mm.REGULABLE NACO_LC3,0
37011802N,MARCO-HOJA NACO_LC3,0
37011800N,PERFIL INVERSOR MALLORQ_LC3,0
37011800AN,ZOCALO PEQUE�O AUTORR_LC3,0
37010850AN,ZOCALO 120mm.AUTORR_LC2,0
37010810N,PERFIL BASE MALLORQUINA_LC2,0
3701081,LAMA FIJA MALLORQUINA_LC2,0
37010809N,LAMA 3/4 NACO_LC2,0
37010807N,LAMA 70mm.REGULABLE NACO_LC2,0
37010802N,MARCO-HOJA NACO_LC2,0
37010800N,PERFIL INVERSOR MALLORQ_LC2,0
37010800AN,ZOCALO PEQUE�O AUTORR_LC2,0
37009850AN,ZOCALO 120mm.AUTORR_AOC,0
37009810N,PERFIL BASE MALLORQUINA_AOC,0
3700981,LAMA FIJA MALLORQUINA_AOC,0
37009809N,LAMA 3/4 NACO_AOC,0
37009807N,LAMA 70mm.REGULABLE NACO_AOC,0
37009802N,MARCO-HOJA NACO_AOC,0
37009800N,PERFIL INVERSOR MALLORQ_AOC,0
37009800AN,ZOCALO PEQUE�O AUTORR_AOC,0
37008850AN,ZOCALO 120mm.AUTORR_INOX,0
37008816,LAMA SIMPLE FIJA 100mm.MALLORQ_INOX,0
37008813,MARCO TROQUELADO MALLORQ.40x20_INOX,0
37008811,MARCO MALLORQUINA 40x20_INOX,0
37008810N,PERFIL BASE MALLORQUINA_INOX,0
3700881,LAMA FIJA MALLORQUINA_INOX,0
37008809N,LAMA 3/4 NACO_INOX,0
37008807N,LAMA 70mm.REGULABLE NACO_INOX,0
37008802N,MARCO-HOJA NACO_INOX,0
37008800N,PERFIL INVERSOR MALLORQ_INOX,0
37008800AN,ZOCALO PEQUE�O AUTORR_INOX,0
37007850AN,ZOCALO 120mm.AUTORR_LMD,0
37007810N,PERFIL BASE MALLORQUINA_LMD,0
3700781,LAMA FIJA MALLORQUINA_LMD,0
37007809N,LAMA 3/4 NACO_LMD,0
37007807N,LAMA 70mm.REGULABLE NACO_LMD,0
37007802N,MARCO-HOJA NACO_LMD,0
37007800N,PERFIL INVERSOR MALLORQ_LMD,0
37007800AN,ZOCALO PEQUE�O AUTORR_LMD,0
37006850AN,ZOCALO 120mm.AUTORR_LC1,0
37006810N,PERFIL BASE MALLORQUINA_LC1,0
3700681,LAMA FIJA MALLORQUINA_LC1,0
37006809N,LAMA 3/4 NACO_LC1,0
37006807N,LAMA 70mm.REGULABLE NACO_LC1,0
37006802N,MARCO-HOJA NACO_LC1,0
37006800N,PERFIL INVERSOR MALLORQ_LC1,0
37006800AN,ZOCALO PEQUE�O AUTORR_LC1,0
37005850AN,ZOCALO 120mm.AUTORR_LBN,21,45
37005816,LAMA SIMPLE FIJA 100mm.MALLORQ_LBN,4,69
37005814,MARCO 65mm.MALLORQUINA_LBN,4,23
37005813,MARCO TROQUELADO MALLORQ.40x20_LBN,7,76
37005810N,PERFIL BASE MALLORQUINA_LBN,4,01
3700581,LAMA FIJA MALLORQUINA_LBN,4,56
37005809N,LAMA 3/4 NACO_LBN,5,75
37005807N,LAMA 70mm.REGULABLE NACO_LBN,7,17
37005802N,MARCO-HOJA NACO_LBN,8,9
37005800N,PERFIL INVERSOR MALLORQ_LBN,11,14
37005800AN,ZOCALO PEQUE�O AUTORR_LBN,11,08
37004850AN,ZOCALO 120mm.AUTORR_BEB,0
37004810N,PERFIL BASE MALLORQUINA_BEB,0
3700481,LAMA FIJA MALLORQUINA_BEB,0
37004809N,LAMA 3/4 NACO_BEB,0
37004807N,LAMA 70mm.REGULABLE NACO_BEB,0
37004802N,MARCO-HOJA NACO_BEB,0
37004800N,PERFIL INVERSOR MALLORQ_BEB,0
37004800AN,ZOCALO PEQUE�O AUTORR_BEB,0
37003850AN,ZOCALO 120mm.AUTORR_OEB,0
37003810N,PERFIL BASE MALLORQUINA_OEB,0
3700381,LAMA FIJA MALLORQUINA_OEB,0
37003809N,LAMA 3/4 NACO_OEB,0
37003807N,LAMA 70mm.REGULABLE NACO_OEB,0
37003802N,MARCO-HOJA NACO_OEB,0
37003800N,PERFIL INVERSOR MALLORQ_OEB,0
37003800AN,ZOCALO PEQUE�O AUTORR_OEB,0
37002850AN,ZOCALO 120mm.AUTORR_PEB,0
37002810N,PERFIL BASE MALLORQUINA_PEB,0
3700281,LAMA FIJA MALLORQUINA_PEB,0
37002809N,LAMA 3/4 NACO_PEB,0
37002807N,LAMA 70mm.REGULABLE NACO_PEB,0
37002802N,MARCO-HOJA NACO_PEB,0
37002800N,PERFIL INVERSOR MALLORQ_PEB,0
37002800AN,ZOCALO PEQUE�O AUTORR_PEB,0
37001850AN,ZOCALO 120mm.AUTORR_PMD,0
37001812,TAPETA MALLORQUINA 40x20_PMD,0
37001811,MARCO MALLORQUINA 40x20_PMD,0
37001810N,PERFIL BASE MALLORQUINA_PMD,0
3700181,LAMA FIJA MALLORQUINA_PMD,0
37001809N,LAMA 3/4 NACO_PMD,0
37001807N,LAMA 70mm.REGULABLE NACO_PMD,0
37001802N,MARCO-HOJA NACO_PMD,0
37001800N,PERFIL INVERSOR MALLORQ_PMD,0
37001800AN,ZOCALO PEQUE�O AUTORR_PMD,0
37000850AN,ZOCALO 120mm.AUTORR_CSA,0
37000816,LAMA SIMPLE FIJA 100mm.MALLORQ_CSA,0
37000815,LAMA TUBULAR FIJA 140mm.MALLORQ_CSA,0
37000814,MARCO 65mm.MALLORQUINA_CSA,0
37000813,MARCO TROQUELADO MALLORQ.40x20_CSA,0
37000812,TAPETA MALLORQUINA 40x20_CSA,0
37000811,MARCO MALLORQUINA 40x20_CSA,0
37000810N,PERFIL BASE MALLORQUINA_CSA,0
3700081,LAMA FIJA MALLORQUINA_CSA,0
37000809N,LAMA 3/4 NACO_CSA,0
37000807N,LAMA 70mm.REGULABLE NACO_CSA,0
37000802N,MARCO-HOJA NACO_CSA,0
37000800N,PERFIL INVERSOR MALLORQ_CSA,0
37000800AN,ZOCALO PEQUE�O AUTORR_CSA,0
370,PERFILES MALLORQUINA NACO,0
36006231,HERRAJE BASICO OSC.BAT.BRUSCH_NEGRO,0
3600603,CREMONA PRACTIC.EURO BRUSCH_NEGRO,0
3600601,BISAGRA REVERSIBLE BRUSCH_NEGRO,0
3600515,TAPON ANTIRRETORNO BRUSCH_BLANCO,0
3600509,CREMONA OSC.BAT.EURO 900_BLANCO,0
36003231,HERRAJE BASICO OSC.BAT.BRUSCH_ORO,0
36003203,BISAGRA REVERSIBLE BRUSCH_ORO,0
3600095,JUNTA ESTANQ.MARCOS BRUSCH,0
3600093,JUNTA ACRISTALAM.6mm.BRUSCH,0
3600092,JUNTA P/ACRISTALAM.5mm.BRUSCH,0
3600088,JUNTA TAPA TORNILLO PVC BRUSCH,0
3600084,JUNTA ESTANQ.INTERIOR BRUSCH,0
3600068,JUNTA ACRIST.PVC 4mm.BRUSCH,0
3600067,GOMA INTERIOR HOJA BRUSCH,0
3600049,ESCUADRA PUERTA BRUSCH,0
3600048,ESCUADRA ANGULACIONES NS/AM,0
3600047,KIT PASADOR HO.PAS.OSC.BRUSCH,0
3600044,TAPON CONTIN.2H 45 Y TT BRUSCH,0
3600041,ESCUADRA BRUSCH,0
3600040,PERFIL POLIPROP.P/ROTURA TERM.,0
3600039,JUNTA UNION P/20002 BRUSCH,0
3600038,GOMA ACRISTALAR 5mm.EXT.BRUSCH,0
3600037,GOMA ACRISTALAR 4mm.EXT.BRUSCH,0
3600036,GOMA ACRISTALAR 5mm.INT.BRUSCH,0
3600032,GOMA ESTANQUEIDAD HOJA BRUSCH,0
36000280,TAPON AISLAM.ALU/MAD.NR NEGRO,0
3600027,TOCHO DE UNION BRUSCH,0
3600025,PASADOR DE PALANCA TOTEM,0
36000245,ESCUADRA P/20028 Y 29 BRUSCH,0
3600024,TERSOR REGUL.AL PREMAR.BRUSCH,0
36000233,MUELLE UNION 45104/40003 MADER,0
36000232,COMPAS MEDIO P/ANCHO SUP.530mm,0
36000207,TAPON CONTINUIDAD(2�H) AM-79,0
36000206,TAPON DE CONTIN.(2�H)AM 72 BRUSCH,0
36000205,MECANISMO APERT.OSC.BAT.NEGRO,0
36000201,MECANISMO APERT.HOJA BRUSCH NEGRO,0
3600017,COMPAS PEQUE�O P/OSCILO BRUSCH,0
3600015,TAPON ANTIRRETORNO BRUSCH,0
3600014,TERMINAL PLETINA BRUSCH,0
3600012,TAPAS CENTRAL 2 HOJAS BRUSCH,0
3600011,CALZO CENTR.HOJA(RESBAL)BRUSCH,0
3600010,ENCUEN.PASADORES VENT.2 H.BRUSCH,0
3600008,ENCUEN.3er.PUNTO Y PAS.VTA.BRUSCH,0
3600004,GRAPAS JUNQUILLO CURVO BRUSCH,0
360,ACC.BRUSCH,0
3500645,JGO.ESC.MOSQ.CORTE RECTO_NEGRO,0
3500545,JGO.ESC.MOSQ.CORTE RECTO_BLANCO,0
3500145,JGO.ESC.MOSQ.CORTE RECTO_PLATA,0
3500065RM,RULINA P/GOMA MOSQUITERA,0
3500023,ESCUADRA ALINEACION MOSQUITERA,0
3500005,JGO.ESCUADRAS MOSQ.C/ESCUADRA++,0
3500004,JGO.ESCUADRAS MOSQ.NORMAL,0
3500003,GOMA REDONDA 5mm.MOSQUITERA,0
3500001,GOMA FORMA DOBLE U MOSQUITERA,0
350,ACC.MOSQUITERA,0
3401822,MOSQUITERA GRANDE 60_LMCC++,0
34017245,MOSQUITERA DISE�O_LMV,0
3401722,MOSQUITERA GRANDE 60_LMV,0
34017203,MOSQUITERA PEQUE�A 40_LMV,0
34016245,MOSQUITERA DISE�O_LMN,0
3401622,MOSQUITERA GRANDE 60_LMN,0
34012245,MOSQUITERA DISE�O_LC4,0
3401222,MOSQUITERA GRANDE 60_LC4,0
34012203,MOSQUITERA PEQUE�A 40_LC4,0
34011245,MOSQUITERA DISE�O_LC3,0
3401122,MOSQUITERA GRANDE 60_LC3,0
34011203,MOSQUITERA PEQUE�A 40_LC3,0
34010245,MOSQUITERA DISE�O_LC2,0
3401022,MOSQUITERA GRANDE 60_LC2,0
34010203,MOSQUITERA PEQUE�A 40_LC2,0
34009245,MOSQUITERA DISE�O_AOC,0
3400922,MOSQUITERA GRANDE 60_AOC,0
34009203,MOSQUITERA PEQUE�A 40_AOC,0
34008245,MOSQUITERA DISE�O_INOX,0
3400822,MOSQUITERA GRANDE 60_INOX,0
34008203,MOSQUITERA PEQUE�A 40_INOX,0
34007245,MOSQUITERA DISE�O_LMD,0
3400722,MOSQUITERA GRANDE 60_LMD,0
34007203,MOSQUITERA PEQUE�A 40_LMD,0
34006245,MOSQUITERA DISE�O_LC1,0
3400622,MOSQUITERA GRANDE 60_LC1,0
34006203,MOSQUITERA PEQUE�A 40_LC1,0
34005245,MOSQUITERA DISE�O_LBN,0
3400522,MOSQUITERA GRANDE 60_LBN,0
34005203,MOSQUITERA PEQUE�A 40_LBN,0
34004245,MOSQUITERA DISE�O_BEB,0
3400422,MOSQUITERA GRANDE 60_BEB,0
34004203,MOSQUITERA PEQUE�A 40_BEB,0
34003245,MOSQUITERA DISE�O_OEB,0
3400322,MOSQUITERA GRANDE 60_OEB,0
34003203,MOSQUITERA PEQUE�A 40_OEB,0
34002245,MOSQUITERA DISE�O_PEB,0
3400222,MOSQUITERA GRANDE 60_PEB,0
34002203,MOSQUITERA PEQUE�A 40_PEB,0
34001245,MOSQUITERA DISE�O_PMD,0
3400122,MOSQUITERA GRANDE 60_PMD,0
34001203,MOSQUITERA PEQUE�A 40_PMD,0
34000245,MOSQUITERA DISE�O_CSA,0
3400022,MOSQUITERA GRANDE 60_CSA,0
34000203,MOSQUITERA PEQUE�A 40_CSA,0
340,PERFILES MOSQUITERA,0
3301072,MARCO CUARTERON_LC2,0
3301070,PILASTRA CUARTERON_LC2,0
3300672,MARCO CUARTERON_LC1,0
3300670,PILASTRA CUARTERON_LC1,0
3300572,MARCO CUARTERON_LBN,0
3300570,PILASTRA CUARTERON_LBN,0
3300472,MARCO CUARTERON_BEB,0
3300470,PILASTRA CUARTERON_BEB,0
3300372,MARCO CUARTERON_OEB,0
3300370,PILASTRA CUARTERON_OEB,0
3300272,MARCO CUARTERON_PEB,0
3300270,PILASTRA CUARTERON_PEB,0
3300172,MARCO CUARTERON_PMD,0
3300170,PILASTRA CUARTERON_PMD,0
3300072,MARCO CUARTERON_CSA,0
3300070,PILASTRA CUARTERON_CSA,0
330,PERFILES CUARTERON INGLES,0
32008TI47,TIRADOR LERMA_INOX,0
32008F304,CIERRE PRESILLA EXCELSA_INOX,0
32006TI47,TIRADOR LERMA_NEGRO,0
32006RPC4,REMATE UNION 4 HOJAS_NEGRO,0
32006F304,CIERRE PRESILLA EXCELSA_NEGRO,0
32005TI47,TIRADOR LERMA_BLANCO,0
32005F304,CIERRE PRESILLA EXCELSA_BLANCO,0
32003TI47,TIRADOR LERMA_ORO,0
32003F304B,CIERRE BOMBIN_ORO,0
32001F304B,CIERRE BOMBIN_PLATA,0
32001F304,CIERRE PRESILLA EXCELSA_PLATA,0
32000RSR1,RUEDA SENCILLA EXCELSA,0
32000EA3,ESCUADRA ALINEACION EXCELSA,0
32000C97RRC,KIT 3 HOJAS CON RUEDAS EXCELSA,0
32000C97RR,KIT 3 HOJAS SIN RUEDAS EXCELSA,0
32000C97RC,KIT 2 HOJAS CON RUEDAS EXCELSA,0
32000C97R,KIT 2 HOJAS SIN RUEDAS EXCELSA,0
3200099,MATRIZ MANUAL COMPLETA EXCELSA,0
320002096,RUEDA TANDEM EXCELSA,0
320000427,ESCUADRA 17x14,0
3200000,FELPUDO 7x5 EXCELSA,0
320,ACC.CORREDERA PERIMETRAL RPT EXCELSA,0
31017AG1,MARCO RT EXCELSA_LMV++,0
310179714,HOJA RT B-25 EXCELSA_LMV,0
310179713,HOJA RT B-21 EXCELSA_LMV,0
310179708,MARCO 3 CARRIL.RT EXCELSA_LMV,0
310174372,CRUCE CENTRO EXCELSA_LMV,0
31016AG1,MARCO RT EXCELSA_LMN++,0
310169714,HOJA RT B-25 EXCELSA_LMN,0
310169708,MARCO 3 CARRIL.RT EXCELSA_LMN,0
310164372,CRUCE CENTRO EXCELSA_LMN,0
31014AG1,MARCO RT EXCELSA_LMP++,0
310149714,HOJA RT B-25 EXCELSA_LMP,0
310144372,CRUCE CENTRO EXCELSA_LMP,0
31013AG1,MARCO RT EXCELSA_LBP++,0
310139714,HOJA RT B-25 EXCELSA_LBP,0
310134372,CRUCE CENTRO EXCELSA_LBP,0
31012AG1,MARCO RT EXCELSA_LC4++,0
310129714,HOJA RT B-25 EXCELSA_LC4,0
310129713,HOJA RT B-21 EXCELSA_LC4,0
310124372,CRUCE CENTRO EXCELSA_LC4,0
31008AG1,MARCO RT EXCELSA_INOX++,0
310089715,UNION 4 HOJAS RT EXCELSA_INOX,0
310089714,HOJA RT B-25 EXCELSA_INOX,0
310089713,HOJA RT B-21 EXCELSA_INOX,0
310089708,MARCO 3 CARRIL.RT EXCELSA_INOX,0
310084372,CRUCE CENTRO EXCELSA_INOX,0
31007AG1,MARCO RT EXCELSA_LMD++,0
310079715,UNION 4 HOJAS RT EXCELSA_LMD,0
310079714,HOJA RT B-25 EXCELSA_LMD,0
310079713,HOJA RT B-21 EXCELSA_LMD,0
310079708,MARCO 3 CARRIL.RT EXCELSA_LMD,0
310074372,CRUCE CENTRO EXCELSA_LMD,0
31006AG1,MARCO RT EXCELSA_LC1++,0
310069715,UNION 4 HOJAS RT EXCELSA_LC1,0
310069714,HOJA RT B-25 EXCELSA_LC1,0
310069713,HOJA RT B-21 EXCELSA_LC1,0
310064372,CRUCE CENTRO EXCELSA_LC1,0
31005AG1,MARCO RT EXCELSA_LBN++,0
310059857,SEPAR.VIDRIO B-21 EXCELSA_LBN,0
310059819,SEPAR.VIDRIO B-25 EXCELSA_LBN,0
310059715,UNION 4 HOJAS RT EXCELSA_LBN,0
310059714,HOJA RT B-25 EXCELSA_LBN,0
310059713,HOJA RT B-21 EXCELSA_LBN,0
310059708,MARCO 3 CARRIL.RT EXCELSA_LBN,0
310054372,CRUCE CENTRO EXCELSA_LBN,0
31004AG1,MARCO RT EXCELSA_BEB++,0
310049715,UNION 4 HOJAS RT EXCELSA_BEB,0
310049714,HOJA RT B-25 EXCELSA_BEB,0
310049713,HOJA RT B-21 EXCELSA_BEB,0
310044372,CRUCE CENTRO EXCELSA_BEB,0
31002AG1,MARCO RT EXCELSA_PEB++,0
310029714,HOJA RT B-25 EXCELSA_PEB,0
310024372,CRUCE CENTRO EXCELSA_PEB,0
31001AG1,MARCO RT EXCELSA_PMD++,0
310019714,HOJA RT B-25 EXCELSA_PMD,0
310014372,CRUCE CENTRO EXCELSA_PMD,0
31000UE1,FORMA U P/MARCO PVC,0
31000UC2,PERFIL P/CRUCE PVC,0
31000AG1,MARCO RT EXCELSA_CSA++,0
310009857,SEPAR.VIDRIO B-21 EXCELSA_CSA,0
310009819,SEPAR.VIDRIO B-25 EXCELSA_CSA,0
310009715,UNION 4 HOJAS RT EXCELSA_CSA,0
310009714,HOJA RT B-25 EXCELSA_CSA,0
310009713,HOJA RT B-21 EXCELSA_CSA,0
310009708,MARCO 3 CARRIL.RT EXCELSA_CSA,0
310004372,CRUCE CENTRO EXCELSA_CSA,0
310,CORRED.PERIMETRAL RPT EXCELSA,0
3000603,BISAGRA TRIPLE REFORZADA_NEGRO,0
3000602,BISAGRA 3� HOJA CE_NEGRO,0
3000601,BISAGRA 4 HOJAS CE_NEGRO,0
3000503,BISAGRA TRIPLE REFORZADA_BLANCO,0
3000502,BISAGRA 3� HOJA CE_BLANCO,0
3000501,BISAGRA 4 HOJAS CE_BLANCO,0
300,ACC.MALLORQUINA DISE�.RENACIMIENTO,0
29017MR04,ZOCALO CENTRAL MR_LMV,0
29017MR03,PERFIL BASE MR_LMV,0
29017MR02,MARCO MR_LMV++,0
29017MR01,HOJA MR_LMV++,0
29016MR04,ZOCALO CENTRAL MR_LMN,0
29016MR03,PERFIL BASE MR_LMN,0
29016MR02,MARCO MR_LMN++,0
29016MR01,HOJA MR_LMN++,0
29015MR03,PERFIL BASE MR_LMC,0
29015MR02,MARCO MR_LMC++,0
29015MR01,HOJA MR_LMC++,0
29012MR04,ZOCALO CENTRAL MR_LC4,0
29012MR03,PERFIL BASE MR_LC4,0
29012MR02,MARCO MR_LC4++,0
29012MR01,HOJA MR_LC4++,0
29011MR04,ZOCALO CENTRAL MR_LC3,0
29011MR03,PERFIL BASE MR_LC3,0
29011MR02,MARCO MR_LC3++,0
29011MR01,HOJA MR_LC3++,0
29010MR04,ZOCALO CENTRAL MR_LC2,0
29010MR03,PERFIL BASE MR_LC2,0
29010MR02,MARCO MR_LC2++,0
29010MR01,HOJA MR_LC2++,0
29009MR04,ZOCALO CENTRAL MR_AOC,0
29009MR03,PERFIL BASE MR_AOC,0
29009MR02,MARCO MR_AOC++,0
29009MR01,HOJA MR_AOC++,0
29008MR04,ZOCALO CENTRAL MR_INOX,0
29008MR03,PERFIL BASE MR_INOX,0
29008MR02,MARCO MR_INOX++,0
29008MR01,HOJA MR_INOX++,0
29007MR04,ZOCALO CENTRAL MR_LMD,0
29007MR03,PERFIL BASE MR_LMD,0
29007MR02,MARCO MR_LMD++,0
29007MR01,HOJA MR_LMD++,0
29006MR04,ZOCALO CENTRAL MR_LC1,0
29006MR03,PERFIL BASE MR_LC1,0
29006MR02,MARCO MR_LC1++,0
29006MR01,HOJA MR_LC1++,0
29005MR04,ZOCALO CENTRAL MR_LBN,0
29005MR03,PERFIL BASE MR_LBN,0
29005MR02,MARCO MR_LBN++,0
29005MR01,HOJA MR_LBN++,0
29004MR04,ZOCALO CENTRAL MR_BEB,0
29004MR03,PERFIL BASE MR_BEB,0
29004MR02,MARCO MR_BEB++,0
29004MR01,HOJA MR_BEB++,0
29002MR04,ZOCALO CENTRAL MR_PEB,0
29002MR03,PERFIL BASE MR_PEB,0
29002MR02,MARCO MR_PEB++,0
29002MR01,HOJA MR_PEB++,0
29001MR04,ZOCALO CENTRAL MR_PMD,0
29001MR03,PERFIL BASE MR_PMD,0
29001MR02,MARCO MR_PMD++,0
29001MR01,HOJA MR_PMD++,0
29000MR04,ZOCALO CENTRAL MR_CSA,0
29000MR03,PERFIL BASE MR_CSA,0
29000MR02,MARCO MR_CSA++,0
29000MR01,HOJA MR_CSA++,0
290,MALLORQUINA DISE�.RENACIMIENTO,0
270194120,MARCO FIJO BANDERA 4000_I245,0
270194027,HOJA ELIPTIC.PTA.APER.EXT_I245++,0
270194026,HOJA ELIPTIC.PTA.APER.INT_I245++,0
270194024,MARCO ELIPTICO PUERTA_I245++,0
270194022,INVERSOR ELIPTICO_I245++,0
270194021,HOJA ELIPTICA VENTANA_I245++,0
270194020,MARCO ELIPTICO VENTANA_I245++,0
270184027,HOJA ELIPTIC.PTA.APER.EXT_LMCC++,0
270184026,HOJA ELIPTIC.PTA.APER.INT_LMCC++,0
270184022,INVERSOR ELIPTICO_LMCC++,0
270184021,HOJA ELIPTICA VENTANA_LMCC++,0
270184020,MARCO ELIPTICO VENTANA_LMCC++,0
270174120,MARCO FIJO BANDERA 4000_LMV,0
270174045,JUNQUILLO ELIP.CLIP 12mm_LMV++,0
270174044,JUNQUILLO ELIP.CLIP 18mm_LMV++,0
270174042,JUNQUILLO ELIP.GRAPA 12mm_LMV++,0
270174027,HOJA ELIPTIC.PTA.APER.EXT_LMV++,0
270174026,HOJA ELIPTIC.PTA.APER.INT_LMV++,0
270174024,MARCO ELIPTICO PUERTA_LMV++,0
270174022,INVERSOR ELIPTICO_LMV++,0
270174021,HOJA ELIPTICA VENTANA_LMV++,0
270174020,MARCO ELIPTICO VENTANA_LMV++,0
270164027,HOJA ELIPTIC.PTA.APER.EXT_LMN++,0
270164022,INVERSOR ELIPTICO_LMN++,0
270164021,HOJA ELIPTICA VENTANA_LMN++,0
270164020,MARCO ELIPTICO VENTANA_LMN++,0
270154120,MARCO FIJO BANDERA 4000_LMC,0
270154026,HOJA ELIPTIC.PTA.APER.INT_LMC++,0
270154022,INVERSOR ELIPTICO_LMC++,0
270154020,MARCO ELIPTICO VENTANA_LMC++,0
270144120,MARCO FIJO BANDERA 4000_LMP,0
270144026,HOJA ELIPTIC.PTA.APER.INT_LMP++,0
270134027,HOJA ELIPTIC.PTA.APER.EXT_LBP++,0
270134021,HOJA ELIPTICA VENTANA_LBP++,0
270124120,MARCO FIJO BANDERA 4000_LC4,0
270124045,JUNQUILLO ELIP.CLIP 12mm_LC4++,0
270124044,JUNQUILLO ELIP.CLIP 18mm_LC4++,0
270124043,JUNQUILLO ELIP.CLIP 26mm_LC4++,0
270124042,JUNQUILLO ELIP.GRAPA 12mm_LC4++,0
270124041,JUNQUILLO ELIP.GRAPA 18mm_LC4++,0
270124040,JUNQUILLO ELIP.GRAPA 26mm_LC4++,0
270124027,HOJA ELIPTIC.PTA.APER.EXT_LC4++,0
270124026,HOJA ELIPTIC.PTA.APER.INT_LC4++,0
270124024,MARCO ELIPTICO PUERTA_LC4++,0
270124022,INVERSOR ELIPTICO_LC4++,0
270124021,HOJA ELIPTICA VENTANA_LC4++,0
270124020,MARCO ELIPTICO VENTANA_LC4++,0
270114120,MARCO FIJO BANDERA 4000_LC3,0
270114045,JUNQUILLO ELIP.CLIP 12mm_LC3++,0
270114044,JUNQUILLO ELIP.CLIP 18mm_LC3++,0
270114043,JUNQUILLO ELIP.CLIP 26mm_LC3++,0
270114042,JUNQUILLO ELIP.GRAPA 12mm_LC3++,0
270114041,JUNQUILLO ELIP.GRAPA 18mm_LC3++,0
270114040,JUNQUILLO ELIP.GRAPA 26mm_LC3++,0
270114027,HOJA ELIPTIC.PTA.APER.EXT_LC3++,0
270114026,HOJA ELIPTIC.PTA.APER.INT_LC3++,0
270114024,MARCO ELIPTICO PUERTA_LC3++,0
270114022,INVERSOR ELIPTICO_LC3++,0
270114021,HOJA ELIPTICA VENTANA_LC3++,0
270114020,MARCO ELIPTICO VENTANA_LC3++,0
270104120,MARCO FIJO BANDERA 4000_LC2,0
270104045,JUNQUILLO ELIP.CLIP 12mm_LC2++,0
270104044,JUNQUILLO ELIP.CLIP 18mm_LC2++,0
270104043,JUNQUILLO ELIP.CLIP 26mm_LC2++,0
270104042,JUNQUILLO ELIP.GRAPA 12mm_LC2++,0
270104041,JUNQUILLO ELIP.GRAPA 18mm_LC2++,0
270104040,JUNQUILLO ELIP.GRAPA 26mm_LC2++,0
270104027,HOJA ELIPTIC.PTA.APER.EXT_LC2++,0
270104026,HOJA ELIPTIC.PTA.APER.INT_LC2++,0
270104024,MARCO ELIPTICO PUERTA_LC2++,0
270104022,INVERSOR ELIPTICO_LC2++,0
270104021,HOJA ELIPTICA VENTANA_LC2++,0
270104020,MARCO ELIPTICO VENTANA_LC2++,0
270094120,MARCO FIJO BANDERA 4000_AOC,0
270094027,HOJA ELIPTIC.PTA.APER.EXT_AOC++,0
270094026,HOJA ELIPTIC.PTA.APER.INT_AOC++,0
270094022,INVERSOR ELIPTICO_AOC++,0
270094021,HOJA ELIPTICA VENTANA_AOC++,0
270094020,MARCO ELIPTICO VENTANA_AOC++,0
270084120,MARCO FIJO BANDERA 4000_INOX,0
270084045,JUNQUILLO ELIP.CLIP 12mm_INOX++,0
270084044,JUNQUILLO ELIP.CLIP 18mm_INOX++,0
270084043,JUNQUILLO ELIP.CLIP 26mm_INOX++,0
270084042,JUNQUILLO ELIP.GRAPA 12mm_INOX++,0
270084041,JUNQUILLO ELIP.GRAPA 18mm_INOX++,0
270084040,JUNQUILLO ELIP.GRAPA 26mm_INOX++,0
270084027,HOJA ELIPTIC.PTA.APER.EXT_INOX++,0
270084026,HOJA ELIPTIC.PTA.APER.INT_INOX++,0
270084024,MARCO ELIPTICO PUERTA_INOX++,0
270084022,INVERSOR ELIPTICO_INOX++,0
270084021,HOJA ELIPTICA VENTANA_INOX++,0
270084020,MARCO ELIPTICO VENTANA_INOX++,0
270074120,MARCO FIJO BANDERA 4000_LMD,0
270074045,JUNQUILLO ELIP.CLIP 12mm_LMD++,0
270074044,JUNQUILLO ELIP.CLIP 18mm_LMD++,0
270074043,JUNQUILLO ELIP.CLIP 26mm_LMD++,0
270074042,JUNQUILLO ELIP.GRAPA 12mm_LMD++,0
270074041,JUNQUILLO ELIP.GRAPA 18mm_LMD++,0
270074040,JUNQUILLO ELIP.GRAPA 26mm_LMD++,0
270074027,HOJA ELIPTIC.PTA.APER.EXT_LMD++,0
270074026,HOJA ELIPTIC.PTA.APER.INT_LMD++,0
270074024,MARCO ELIPTICO PUERTA_LMD++,0
270074022,INVERSOR ELIPTICO_LMD++,0
270074021,HOJA ELIPTICA VENTANA_LMD++,0
270074020,MARCO ELIPTICO VENTANA_LMD++,0
270064120,MARCO FIJO BANDERA 4000_LC1,0
270064045,JUNQUILLO ELIP.CLIP 12mm_LC1++,0
270064044,JUNQUILLO ELIP.CLIP 18mm_LC1++,0
270064043,JUNQUILLO ELIP.CLIP 26mm_LC1++,0
270064042,JUNQUILLO ELIP.GRAPA 12mm_LC1++,0
270064041,JUNQUILLO ELIP.GRAPA 18mm_LC1++,0
270064040,JUNQUILLO ELIP.GRAPA 26mm_LC1++,0
270064027,HOJA ELIPTIC.PTA.APER.EXT_LC1++,0
270064026,HOJA ELIPTIC.PTA.APER.INT_LC1++,0
270064024,MARCO ELIPTICO PUERTA_LC1++,0
270064022,INVERSOR ELIPTICO_LC1++,0
270064021,HOJA ELIPTICA VENTANA_LC1++,0
270064020,MARCO ELIPTICO VENTANA_LC1++,0
270054120,MARCO FIJO BANDERA 4000_LBN,0
270054045,JUNQUILLO ELIP.CLIP 12mm_LBN++,0
270054044,JUNQUILLO ELIP.CLIP 18mm_LBN++,0
270054043,JUNQUILLO ELIP.CLIP 26mm_LBN++,0
270054042,JUNQUILLO ELIP.GRAPA 12mm_LBN++,0
270054041,JUNQUILLO ELIP.GRAPA 18mm_LBN++,0
270054040,JUNQUILLO ELIP.GRAPA 26mm_LBN++,0
270054027,HOJA ELIPTIC.PTA.APER.EXT_LBN++,0
270054026,HOJA ELIPTIC.PTA.APER.INT_LBN++,0
270054024,MARCO ELIPTICO PUERTA_LBN++,0
270054022,INVERSOR ELIPTICO_LBN++,0
270054021,HOJA ELIPTICA VENTANA_LBN++,0
270054020,MARCO ELIPTICO VENTANA_LBN++,0
270044120,MARCO FIJO BANDERA 4000_BEB,0
270044045,JUNQUILLO ELIP.CLIP 12mm_BEB++,0
270044044,JUNQUILLO ELIP.CLIP 18mm_BEB++,0
270044043,JUNQUILLO ELIP.CLIP 26mm_BEB++,0
270044042,JUNQUILLO ELIP.GRAPA 12mm_BEB++,0
270044041,JUNQUILLO ELIP.GRAPA 18mm_BEB++,0
270044040,JUNQUILLO ELIP.GRAPA 26mm_BEB++,0
270044027,HOJA ELIPTIC.PTA.APER.EXT_BEB++,0
270044026,HOJA ELIPTIC.PTA.APER.INT_BEB++,0
270044024,MARCO ELIPTICO PUERTA_BEB++,0
270044022,INVERSOR ELIPTICO_BEB++,0
270044021,HOJA ELIPTICA VENTANA_BEB++,0
270044020,MARCO ELIPTICO VENTANA_BEB++,0
270034027,HOJA ELIPTIC.PTA.APER.EXT_OEB++,0
270034026,HOJA ELIPTIC.PTA.APER.INT_OEB++,0
270034021,HOJA ELIPTICA VENTANA_OEB++,0
270024120,MARCO FIJO BANDERA 4000_PEB,0
270024045,JUNQUILLO ELIP.CLIP 12mm_PEB++,0
270024044,JUNQUILLO ELIP.CLIP 18mm_PEB++,0
270024043,JUNQUILLO ELIP.CLIP 26mm_PEB++,0
270024042,JUNQUILLO ELIP.GRAPA 12mm_PEB++,0
270024041,JUNQUILLO ELIP.GRAPA 18mm_PEB++,0
270024040,JUNQUILLO ELIP.GRAPA 26mm_PEB++,0
270024027,HOJA ELIPTIC.PTA.APER.EXT_PEB++,0
270024026,HOJA ELIPTIC.PTA.APER.INT_PEB++,0
270024024,MARCO ELIPTICO PUERTA_PEB++,0
270024022,INVERSOR ELIPTICO_PEB++,0
270024021,HOJA ELIPTICA VENTANA_PEB++,0
270024020,MARCO ELIPTICO VENTANA_PEB++,0
270014120,MARCO FIJO BANDERA 4000_PMD,0
270014045,JUNQUILLO ELIP.CLIP 12mm_PMD++,0
270014044,JUNQUILLO ELIP.CLIP 18mm_PMD++,0
270014043,JUNQUILLO ELIP.CLIP 26mm_PMD++,0
270014042,JUNQUILLO ELIP.GRAPA 12mm_PMD++,0
270014041,JUNQUILLO ELIP.GRAPA 18mm_PMD++,0
270014040,JUNQUILLO ELIP.GRAPA 26mm_PMD++,0
270014027,HOJA ELIPTIC.PTA.APER.EXT_PMD++,0
270014026,HOJA ELIPTIC.PTA.APER.INT_PMD++,0
270014024,MARCO ELIPTICO PUERTA_PMD++,0
270014022,INVERSOR ELIPTICO_PMD++,0
270014021,HOJA ELIPTICA VENTANA_PMD++,0
270014020,MARCO ELIPTICO VENTANA_PMD++,0
270004120,MARCO FIJO BANDERA 4000_CSA,0
270004045,JUNQUILLO ELIP.CLIP 12mm_CSA++,0
270004044,JUNQUILLO ELIP.CLIP 18mm_CSA++,0
270004043,JUNQUILLO ELIP.CLIP 26mm_CSA++,0
270004042,JUNQUILLO ELIP.GRAPA 12mm_CSA++,0
270004041,JUNQUILLO ELIP.GRAPA 18mm_CSA++,0
270004040,JUNQUILLO ELIP.GRAPA 26mm_CSA++,0
270004027,HOJA ELIPTIC.PTA.APER.EXT_CSA++,0
270004026,HOJA ELIPTIC.PTA.APER.INT_CSA++,0
270004024,MARCO ELIPTICO PUERTA_CSA++,0
270004022,INVERSOR ELIPTICO_CSA++,0
270004021,HOJA ELIPTICA VENTANA_CSA++,0
270004020,MARCO ELIPTICO VENTANA_CSA++,0
270,SERIE 4000 ELIPTICA,0
2601775,COMODIN 3/4 HOJAS CEU_LMV,0
2601774,ACOPLE CENTRAL CEU_LMV,0
2601773,HOJA CEU_LMV,0
2601772,MARCO SUPERIOR CEU_LMV,0
2601771,MARCO INFERIOR CEU_LMV,0
2601770,MARCO LATERAL CEU_LMN,0
2601375,COMODIN 3/4 HOJAS CEU_LBP,0
2601374,ACOPLE CENTRAL CEU_LBP,0
2601373,HOJA CEU_LBP,0
2601372,MARCO SUPERIOR CEU_LBP,0
2601371,MARCO INFERIOR CEU_LBP,0
2601370,MARCO LATERAL CEU_LBP,0
2601275,COMODIN 3/4 HOJAS CEU_LC4,0
2601274,ACOPLE CENTRAL CEU_LC4,0
2601273,HOJA CEU_LC4,0
2601272,MARCO SUPERIOR CEU_LC4,0
2601271,MARCO INFERIOR CEU_LC4,0
2601270,MARCO LATERAL CEU_LC4,0
2601175,COMODIN 3/4 HOJAS CEU_LC3,0
2601174,ACOPLE CENTRAL CEU_LC3,0
2601173,HOJA CEU_LC3,0
2601172,MARCO SUPERIOR CEU_LC3,0
2601171,MARCO INFERIOR CEU_LC3,0
2601170,MARCO LATERAL CEU_LC3,0
2601075,COMODIN 3/4 HOJAS CEU_LC2,0
2601074,ACOPLE CENTRAL CEU_LC2,0
2601073,HOJA CEU_LC2,0
2601072,MARCO SUPERIOR CEU_LC2,0
2601071,MARCO INFERIOR CEU_LC2,0
2601070,MARCO LATERAL CEU_LC2,0
2600974,ACOPLE CENTRAL CEU_AOC,0
2600973,HOJA CEU_AOC,0
2600972,MARCO SUPERIOR CEU_AOC,0
2600971,MARCO INFERIOR CEU_AOC,0
2600970,MARCO LATERAL CEU_AOC,0
2600875,COMODIN 3/4 HOJAS CEU_INOX,0
2600874,ACOPLE CENTRAL CEU_INOX,0
2600873,HOJA CEU_INOX,0
2600872,MARCO SUPERIOR CEU_INOX,0
2600871,MARCO INFERIOR CEU_INOX,0
2600870,MARCO LATERAL CEU_INOX,0
2600775,COMODIN 3/4 HOJAS CEU_LMD,0
2600774,ACOPLE CENTRAL CEU_LMD,0
2600773,HOJA CEU_LMD,0
2600772,MARCO SUPERIOR CEU_LMD,0
2600771,MARCO INFERIOR CEU_LMD,0
2600770,MARCO LATERAL CEU_LMD,0
2600675,COMODIN 3/4 HOJAS CEU_LC1,0
2600674,ACOPLE CENTRAL CEU_LC1,0
2600673,HOJA CEU_LC1,0
2600672,MARCO SUPERIOR CEU_LC1,0
2600671,MARCO INFERIOR CEU_LC1,0
2600670,MARCO LATERAL CEU_LC1,0
2600575,COMODIN 3/4 HOJAS CEU_LBN,0
2600574,ACOPLE CENTRAL CEU_LBN,0
2600573,HOJA CEU_LBN,0
2600572,MARCO SUPERIOR CEU_LBN,0
2600571,MARCO INFERIOR CEU_LBN,0
2600570,MARCO LATERAL CEU_LBN,0
2600475,COMODIN 3/4 HOJAS CEU_BEB,0
2600474,ACOPLE CENTRAL CEU_BEB,0
2600473,HOJA CEU_BEB,0
2600472,MARCO SUPERIOR CEU_BEB,0
2600471,MARCO INFERIOR CEU_BEB,0
2600470,MARCO LATERAL CEU_BEB,0
2600375,COMODIN 3/4 HOJAS CEU_OEB,0
2600374,ACOPLE CENTRAL CEU_OEB,0
2600373,HOJA CEU_OEB,0
2600372,MARCO SUPERIOR CEU_OEB,0
2600371,MARCO INFERIOR CEU_OEB,0
2600370,MARCO LATERAL CEU_OEB,0
2600275,COMODIN 3/4 HOJAS CEU_PEB,0
2600274,ACOPLE CENTRAL CEU_PEB,0
2600273,HOJA CEU_PEB,0
2600272,MARCO SUPERIOR CEU_PEB,0
2600271,MARCO INFERIOR CEU_PEB,0
2600270,MARCO LATERAL CEU_PEB,0
2600175,COMODIN 3/4 HOJAS CEU_PMD,0
2600174,ACOPLE CENTRAL CEU_PMD,0
2600173,HOJA CEU_PMD,0
2600172,MARCO SUPERIOR CEU_PMD,0
2600171,MARCO INFERIOR CEU_PMD,0
2600170,MARCO LATERAL CEU_PMD,0
2600075,COMODIN 3/4 HOJAS CEU_CSA,0
2600074,ACOPLE CENTRAL CEU_CSA,0
2600073,HOJA CEU_CSA,0
2600072,MARCO SUPERIOR CEU_CSA,0
2600071,MARCO INFERIOR CEU_CSA,0
2600070,MARCO LATERAL CEU_CSA,0
260,CORREDERA CEU ELEVABLE,0
2401815001,CHAPA 2x1x1,5 1C P1_LMCC++,0
2401810001,CHAPA 2x1x1 1C P1_LMCC++,0
24017312101,CHAPA 3x1,25x1,2 2C P1_LMV,0
24017312001,CHAPA 3x1,25x1,2 1C P1_LMV,0
2401710101,CHAPA 2x1x1 2C P1_LMV,0
2401710001,CHAPA 2x1x1 1C P1_LMV,0
2401708001,CHAPA 2x1x0,8 1C P1_LMV,0
24016312001,CHAPA 3x1,25x1,2 1C P1_LMN,0
2401615001,CHAPA 2x1x1,5 1C P1_LMN,0
2401610001,CHAPA 2x1x1 1C P1_LMN,0
24015312101,CHAPA 3x1,25x1,2 2C P1_LMC,0
240153121,CHAPA 3x1,25x1,2 1C_LMC++,0
24015312001,CHAPA 3x1,25x1,2 1C P1_LMC,0
24015102,CHAPA 2x1x1 2C_LMC++,0
2401510101,CHAPA 2x1x1 2C P1_LMC,0
24015101,CHAPA 2x1x1 1C_LMC++,0
2401510001,CHAPA 2x1x1 1C P1_LMC,0
24014312101,CHAPA 3x1,25x1,2 2C P1_LMP,0
240143121,CHAPA 3x1,25x1,2 1C_LMP++,0
24014312001,CHAPA 3x1,25x1,2 1C P1_LMP,0
24014102,CHAPA 2x1x1 2C_LMP++,0
2401410101,CHAPA 2x1x1 2C P1_LMP,0
24014101,CHAPA 2x1x1 1C_LMP++,0
2401410001,CHAPA 2x1x1 1C P1_LMP,0
24012312101,CHAPA 3x1,25x1,2 2C P1_LC4,0
24012312001,CHAPA 3x1,25x1,2 1C P1_LC4,0
24012202P,CHAPA 2x1x2 2C P1_LC4++,0
2401220101,CHAPA 2x1x2 2C P1_LC4,0
2401220001,CHAPA 2x1x2 1C P1_LC4,0
240121C30101,CHAPA PERF.2x1x1 C�30 2C_LC4,0
240121C30001,CHAPA PERF.2x1x1 C�30 1C_LC4,0
2401215101,CHAPA 2x1x1,5 2C P1_LC4,0
2401215001,CHAPA 2x1x1,5 1C P1_LC4,0
2401210001,CHAPA 2x1x1 1C P1_LC4,0
24011312101,CHAPA 3x1,25x1,2 2C P1_LC3,0
240113121,CHAPA 3x1,25x1,2 1C_LC3++,0
24011312001,CHAPA 3x1,25x1,2 1C P1_LC3,0
2401115001,CHAPA 2x1x1,5 1C P1_LC3,0
2401110001,CHAPA 2x1x1 1C P1_LC3,0
2401108001,CHAPA 2x1x0,8 1C P1_LC3,0
240103121,CHAPA 3x1,25x1,2 1C_LC2++,0
24010312001,CHAPA 3x1,25x1,2 1C P1_LC2,0
240101C20101,CHAPA PERF.2x1x1 C�20 2C_LC2,0
24010102,CHAPA 2x1x1 2C_LC2++,0
2401010101,CHAPA 2x1x1 2C P1_LC2,0
2401010001,CHAPA 2x1x1 1C P1_LC2,0
2401008001,CHAPA 2x1x0,8 1C P1_LC2,0
24009312101,CHAPA 3x1,25x1,2 2C P1_AOC,0
24009312001,CHAPA 3x1,25x1,2 1C P1_AOC,0
2400915101,CHAPA 2x1x1,5 2C P1_AOC,0
2400915001,CHAPA 2x1x1,5 1C P1_AOC,0
2400910001,CHAPA 2x1x1 1C P1_AOC,0
24002312101,CHAPA 3x1,25x1,2 2C P1_P.SEMI,0
2400908001,CHAPA 2x1x0,8 1C P1_AOC,0
240083122,CHAPA 3x1,25x1,2 2C_INOX++,0
24008312101,CHAPA 3x1,25x1,2 2C P1_INOX,0
240083121,CHAPA 3x1,25x1,2 1C_INOX++,0
24008312001,CHAPA 3x1,25x1,2 1C P1_INOX,0
24008201P,CHAPA 2x1x2 1C P1_INOX++,0
2400820101,CHAPA 2x1x2 2C P1_INOX,0
2400820001,CHAPA 2x1x2 1C P1_INOX,0
240081PR4101,CHAPA PERF.2x1x1 R�4 2C_INOX,0
240081C40101,CHAPA PERF.2x1x1 C�40 2C_INOX,0
240081C30101,CHAPA PERF.2x1x1 C�30 2C_INOX,0
240081C20101,CHAPA PERF.2x1x1 C�20 2C_INOX,0
24008102,CHAPA 2x1x1 2C_INOX++,0
2400810101,CHAPA 2x1x1 2C P1_INOX,0
24008101,CHAPA 2x1x1 1C_INOX++,0
2400810001,CHAPA 2x1x1 1C P1_INOX,0
24008081,CHAPA 2x1x0,8 1C_INOX++,0
2400808001,CHAPA 2x1x0,8 1C P1_INOX,0
240073122,CHAPA 3x1,25x1,2 2C_LMD++,0
240073121,CHAPA 3x1,25x1,2 1C_LMD++,0
24007312001,CHAPA 3x1,25x1,2 1C P1_LMD,0
24007102,CHAPA 2x1x1 2C_LMD++,0
2400710101,CHAPA 2x1x1 2C P1_LMD,0
24007101,CHAPA 2x1x1 1C_LMD++,0
2400710001,CHAPA 2x1x1 1C P1_LMD,0
24007081,CHAPA 2x1x0,8 1C_LMD++,0
2400708001,CHAPA 2x1x0,8 1C P1_LMD,0
240063122,CHAPA 3x1,25x1,2 2C_LOC++,0
24006312101,CHAPA 3x1,25x1,2 2C P1_LC1,0
240063121,CHAPA 3x1,25x1,2 1C_LOC++,0
24006312001,CHAPA 3x1,25x1,2 1C P1_LC1,0
24006261001,CHAPA 2,6x1,23x1,5 1C P1_LC1,0
24006201,CHAPA 2x1x2 1C_LOC++,0
2400620001,CHAPA 2x1x2 1C P1_LC1,0
240061R10101,CHAPA PERF.2x1x1 R�10 2C_LC1,0
240061PR4101,CHAPA PERF.2x1x1 R�4 2C_LC1,0
240061PR4001,CHAPA PERF.2x1x1 R�4 1C_LC1,0
240061C30101,CHAPA PERF.2x1x1 C�30 2C_LC1,0
240061C20101,CHAPA PERF.2x1x1 C�20 2C_LC1,0
240061C20001,CHAPA PERF.2x1x1 C�20 1C_LC1,0
2400615101,CHAPA 2x1x1,5 2C P1_LC1,0
24006151,CHAPA 2x1x1,5 1C_LOC++,0
2400615001,CHAPA 2x1x1,5 1C P1_LC1,0
24006102,CHAPA 2x1x1 2C_LOC++,0
2400610101,CHAPA 2x1x1 2C P1_LC1,0
24006101,CHAPA 2x1x1 1C_LOC++,0
2400610001,CHAPA 2x1x1 1C P1_LC1,0
24006082,CHAPA 2x1x0,8 2C_LOC++,0
2400608101,CHAPA 2x1x0,8 2C P1_LC1,0
24006081,CHAPA 2x1x0,8 1C_LOC++,0
2400608001,CHAPA 2x1x0,8 1C P1_LC1,0
240053125001,CHAPA 3x1,25x1,5 1C P1_LBN,0
240053122P,CHAPA 3x1,25x1,2 2C P1_LBN++,0
240053121P,CHAPA 3x1,25x1,2 1C P1_LBN++,0
24005312001,CHAPA 3x1,25x1,2 1C P1_LBN,0
2400531081P,CHAPA 3x1,25x0,8 1C P1_LBN++,0
24005202P,CHAPA 2x1x2 2C P1_LBN++,0
24005201P,CHAPA 2x1x2 1C P1_LBN++,0
240051R10101,CHAPA PERF.2x1x1 R�10 2C_LBN,0
240051PR4101,CHAPA PERF.2x1x1 R�4 2C_LBN,0
240051C40101,CHAPA PERF.2x1x1 C�40 2C_LBN,0
240051C30101,CHAPA PERF.2x1x1 C�30 2C_LBN,0
240051C30001,CHAPA PERF.2x1x1 C�30 1C_LBN,0
240051C20101,CHAPA PERF.2x1x1 C�20 2C_LBN,0
24005152P,CHAPA 2x1x1,5 2C P1_LBN++,0
24005151P,CHAPA 2x1x1,5 1C P1_LBN++,0
24005102P,CHAPA 2x1x1 2C P1_LBN++,0
24005101P,CHAPA 2x1x1 1C P1_LBN++,0
2400510101,CHAPA 2x1x1 2C P1_LBN,0
2400510001,CHAPA 2x1x1 1C P1_LBN,0
24005082P,CHAPA 2x1x0,8 2C P1_LBN++,0
24005081P,CHAPA 2x1x0,8 1C P1_LBN++,0
240043121P,CHAPA 3x1,25x1,2 1C P1_BRONCE++,0
24004312101,CHAPA 3x1,25x1,2 2C P1_BRONCE,0
240043121,CHAPA 3x1,25x1,2 1C_BRONCE++,0
24004312001,CHAPA 3x1,25x1,2 1C P1_BRONCE,0
24004202P,CHAPA 2x1x2 2C P1_BRONCE++,0
24004202,CHAPA 2x1x2 2C_BRONCE++,0
24004201P,CHAPA 2x1x2 1C P1_BRONCE++,0
2400420101,CHAPA 2x1x2 2C P1_BRONCE,0
240041C30101,CHAPA PERF.2x1x1 C�30 2C_BRONCE,0
24004152P,CHAPA 2x1x1,5 2C P1_BRONCE++,0
24004151P,CHAPA 2x1x1,5 1C P1_BRONCE++,0
24004102P2,CHAPA 2x1x1 2C P2_BRONCE++,0
24004102P,CHAPA 2x1x1 2C P1_BRONCE++,0
24004101P,CHAPA 2x1x1 1C P1_BRONCE++,0
24004082P,CHAPA 2x1x0,8 2C P1_BRONCE++,0
24004081P,CHAPA 2x1x0,8 1C P1_BRONCE++,0
24003312101,CHAPA 3x1,25x1,2 2C P1_ORO,0
24003312001,CHAPA 3x1,25x1,2 1C P1_ORO,0
24003102,CHAPA 2x1x1 2C_ORO++,0
2400310101,CHAPA 2x1x1 2C P1_ORO,0
24003101,CHAPA 2x1x1 1C_ORO++,0
2400310001,CHAPA 2x1x1 1C P1_ORO,0
2400308001,CHAPA 2x1x0,8 1C P1_ORO,0
240021R10101,CHAPA PERF.2x1x1 R�10 2C_P.SEMI,0
24001312P2,CHAPA 3x1,25x1,2 2C P2_PLATA++,0
240013121P,CHAPA 3x1,25x1,2 1C P1_PLATA++,0
24001312101,CHAPA 3x1,25x1,2 2C P1_P.MATE,0
24001312001,CHAPA 3x1,25x1,2 1C P1_P.MATE,0
2400120P,CHAPA 2x1x2 2C P1_PLATA++,0
2400120101,CHAPA 2x1x2 2C P1_P.MATE,0
2400120001,CHAPA 2x1x2 1C P1_P.MATE,0
240011R10101,CHAPA PERF.2x1x1 R�10 2C_P.MATE,0
240011PR4101,CHAPA PERF.2x1x1 R�4 2C_P.MATE,0
240011C40001,CHAPA PERF.2x1x1 C�40 1C_P.MATE,0
240011C30101,CHAPA PERF.2x1x1 C�30 2C_P.MATE,0
240011C20101,CHAPA PERF.2x1x1 C�20 2C_P.MATE,0
240011C20001,CHAPA PERF.2x1x1 C�20 1C_P.MATE,0
2400115P,CHAPA 2x1x1,5 2C P1_PLATA++,0
2400115101,CHAPA 2x1x1,5 2C P1_P.MATE,0
2400115001,CHAPA 2x1x1,5 1C P1_P.MATE,0
2400110P,CHAPA 2x1x1 2C P1_PLATA++,0
2400110101,CHAPA 2x1x1 2C P1_P.MATE,0
24001101,CHAPA 2x1x1 1C_PLATA++,0
2400110001,CHAPA 2x1x1 1C P1_P.MATE,0
2400108P1,CHAPA 2x1x0,8 2C P1_PLATA++,0
2400108101,CHAPA 2x1x0,8 2C P1_P.MATE,0
2400108001,CHAPA 2x1x0,8 1C P1_P.MATE,0
240003125001,CHAPA 3x1,25x1,5_CSA,89,85
24000312001,CHAPA 3x1,25x1,2_CSA,77,8
24000312,CHAPA 3x1,25x1,2_CSA++,0
24000261001,CHAPA 2,6x1,23x1,5_CSA,0
24000253D,CHAPA DAMERO 2,5x1,25x3+RES_CSA++,0
24000213D,CHAPA DAMERO 2x1x3+RES_CSA++,0
2400020001,CHAPA 2x1x2_CSA,64,38
2400020,CHAPA 2x1x2_CSA++,0
240001R10001,CHAPA PERF.2x1x1 R�10_CSA,0
240001PR5001,CHAPA PERF.2x1x1 R�5_CSA,0
240001PR4001,CHAPA PERF.2x1x1 R�4_CSA,0
240001C40001,CHAPA PERF.2x1x1 C�40_CSA,0
240001C30001,CHAPA PERF.2x1x1 C�30_CSA,0
240001C20001,CHAPA PERF.2x1x1 C�20_CSA,0
2400015001,CHAPA 2x1x1,5_CSA,51,32
2400015,CHAPA 2x1x1,5_CSA++,0
2400010PRD4,CHAPA PERF.2x1x1 R�4_CSA++,0
2400010001,CHAPA 2x1x1_CSA,32,94
2400010,CHAPA 2x1x1_CSA++,0
2400008001,CHAPA 2x1x0,8_CSA,26,75
2400008,CHAPA 2x1x0,8_CSA++,0
240,CHAPAS,0
2300824N,PIE BARANDILLA PEQUE�O 40x20_INOX++,0
2300824,PIE BARANDILLA 40x20_INOX++,0
2300642,PIE TUBO 40x20 BARANDILLA_NEGRO,0
2300625,SOPORTE BARAND.P/C�30 Y 40_NEGRO,0
2300624N,PIE BARANDILLA PEQUE�O 40x20_NEGRO++,0
2300624,PIE BARANDILLA 40x20_NEGRO,0
2300601,TAPA PASAMANOS REDONDO_NEGRO,0
2300542,PIE TUBO 40x20 BARANDILLA_BLANCO,0
2300525,SOPORTE BARAND.P/C�30 Y 40_BLANCO,0
2300524N,PIE BARANDILLA PEQUE�O 40x20_BLANCO++,0
2300524,PIE BARANDILLA 40x20_BLANCO++,0
2300501,TAPA PASAMANOS REDONDO_BLANCO,0
2300124N,PIE BARANDILLA PEQUE�O 40x20_PLATA++,0
2300124,PIE BARANDILLA 40x20_PLATA++,0
2300070837GR,UNION PASAMANOS REDONDO_CRUDO,0
2300024N,PIE BARANDILLA PEQUE�O 40x20_CRUDO++,0
2300024,PIE BARANDILLA 40x20_CRUDO++,0
2300017,SOPORTE REDONDO CIEGO-SRC-,0
2300016,TACO BARANDILLA-TB-,0
2300015,SOPORTE ABIERTO-SA-,0
2300014,BELLOTA TAPON-BT-,0
2300013,SOPORTE REDONDO PASANTE-SRP-,0
2300012,BELLOTA DE ENGANCHE-BE-,0
2300011,TACO FIJADOR-TF-,0
2300010,SOPOR.INTERIOR TUBO ORNAME-SI-,0
230,ACC.BARANDILLA,0
2201401N,PASAMANOS CRISTAL_LMP++,0
2201326,RECEPTOR CRISTAL PROF.22mm_LBP,0
2201226,RECEPTOR CRISTAL PROF.22mm_LC4,0
2201202,ANCLAJE CRISTAL_LC4++,0
2201201N,PASAMANOS CRISTAL_LC4++,0
2201126,RECEPTOR CRISTAL PROF.22mm_LC3,0
2201102,ANCLAJE CRISTAL_LC3++,0
2201101N,PASAMANOS CRISTAL_LC3++,0
2201026,RECEPTOR CRISTAL PROF.22mm_LC2,0
2201003,RECEPTOR CRISTAL PROF.12mm_LC2,0
2201002,ANCLAJE CRISTAL_LC2++,0
2201001N,PASAMANOS CRISTAL_LC2++,0
2200903,RECEPTOR CRISTAL PROF.12mm_AOC,0
2200826,RECEPTOR CRISTAL PROF.22mm_INOX,0
2200803,RECEPTOR CRISTAL PROF.12mm_INOX,0
2200802,ANCLAJE CRISTAL_INOX++,0
2200801N,PASAMANOS CRISTAL_INOX++,0
2200726,RECEPTOR CRISTAL PROF.22mm_LMD,0
2200702,ANCLAJE CRISTAL_LMD++,0
2200701N,PASAMANOS CRISTAL_LMD++,0
2200626,RECEPTOR CRISTAL PROF.22mm_LC1,0
2200603,RECEPTOR CRISTAL PROF.12mm_LC1,0
2200602,ANCLAJE CRISTAL_LC1++,0
2200601N,PASAMANOS CRISTAL_LC1++,0
2200526,RECEPTOR CRISTAL PROF.22mm_LBN,1,57
2200503,RECEPTOR CRISTAL PROF.12mm_LBN,0
2200502,ANCLAJE CRISTAL_LBN++,1,16
2200501N,PASAMANOS CRISTAL_LBN++,4,47
2200426,RECEPTOR CRISTAL PROF.22mm_BEB,0
2200403,RECEPTOR CRISTAL PROF.12mm_BEB,0
2200402,ANCLAJE CRISTAL_BEB++,0
2200401N,PASAMANOS CRISTAL_BEB++,0
2200302,ANCLAJE CRISTAL_OEB++,0
2200226,RECEPTOR CRISTAL PROF.22mm_PEB,0
2200203,RECEPTOR CRISTAL PROF.12mm_PEB,0
2200202,ANCLAJE CRISTAL_PEB++,0
2200201N,PASAMANOS CRISTAL_PEB++,0
2200126,RECEPTOR CRISTAL PROF.22mm_PMD,0
2200103,RECEPTOR CRISTAL PROF.12mm_PMD,0
2200102,ANCLAJE CRISTAL_PMD++,0
2200101N,PASAMANOS CRISTAL_PMD++,0
2200026,RECEPTOR CRISTAL PROF.22mm_CSA,0
2200003,RECEPTOR CRISTAL PROF.12mm_CSA,0
2200002,ANCLAJE CRISTAL_CSA++,0
2200001N,PASAMANOS CRISTAL_CSA++,0
220,BARANDILLA CRISTAL,0
2101711,PASAMANOS REDONDO_LMV,0
2101710,TUBO ORNAMENTAL_LMV,0
2101706,CUAD.30 AUTORR_LMV,0
2101704,BARROTE OVALADO_LMV,0
2101703,TAPA ANCLAJE_LMV,0
2101702,ANCLAJE_LMV,0
2101410,TUBO ORNAMENTAL_LMP,0
2101402,ANCLAJE_LMP,0
2101401,PASAMANOS_LMP,0
2101311,PASAMANOS REDONDO_LBP,0
2101308,RECT.40x20 AUTORR_LBP,0
2101306,CUAD.30 AUTORR_LBP,0
2101305,RECT.30x15 AUTORR_LBP,0
2101302,ANCLAJE_LBP,0
2101286D,PASAMANO_LC4,0
21012660,TAPA 50mm_LC4,0
2101266,PASAMANOS REDONDO 66mm_LC4,0
2101255,TAPETA ANCLAJE CRISTAL_LC4,0
2101254,ANCLAJE CRISTAL_LC4,0
210125166,ANCLAJE 51mm_LC4,0
2101211,PASAMANOS REDONDO_LC4,0
2101208,RECT.40x20 AUTORR_LC4,0
2101206,CUAD.30 AUTORR_LC4,0
2101205,RECT.30x15 AUTORR_LC4,0
2101204,BARROTE OVALADO_LC4,0
2101203,TAPA ANCLAJE_LC4,0
2101202,ANCLAJE_LC4,0
21011660,TAPA 50mm_LC3,0
2101166,PASAMANOS REDONDO 66mm_LC3,0
210115166,ANCLAJE 51mm_LC3,0
2101111,PASAMANOS REDONDO_LC3,0
2101108,RECT.40x20 AUTORR_LC3,0
2101106,CUAD.30 AUTORR_LC3,0
2101105,RECT.30x15 AUTORR_LC3,0
2101104,BARROTE OVALADO_LC3,0
2101103,TAPA ANCLAJE_LC3,0
2101102,ANCLAJE_LC3,0
21010660,TAPA 50mm_LC2,0
2101066,PASAMANOS REDONDO 66mm_LC2,0
210105166,ANCLAJE 51mm_LC2,0
2101011,PASAMANOS REDONDO_LC2,0
2101010,TUBO ORNAMENTAL_LC2,0
2101008,RECT.40x20 AUTORR_LC2,0
2101006,CUAD.30 AUTORR_LC2,0
2101005,RECT.30x15 AUTORR_LC2,0
2101004,BARROTE OVALADO_LC2,0
2101003,TAPA ANCLAJE_LC2,0
2101002,ANCLAJE_LC2,0
2101001,PASAMANOS_LC2,0
2100986D,PASAMANO_AOC,0
210095166,ANCLAJE 51mm_AOC,0
2100911,PASAMANOS REDONDO_AOC,0
2100908,RECT.40x20 AUTORR_AOC,0
2100906,CUAD.30 AUTORR_AOC,0
2100905,RECT.30x15 AUTORR_AOC,0
2100904,BARROTE OVALADO_AOC,0
2100903,TAPA ANCLAJE_AOC,0
2100902,ANCLAJE_AOC,0
2100901,PASAMANOS_AOC,0
2100886D,PASAMANO_INOX,0
21008660,TAPA 50mm_INOX,0
2100866,PASAMANOS REDONDO 66mm_INOX,0
2100855,TAPETA ANCLAJE CRISTAL_INOX,0
2100854,ANCLAJE CRISTAL_INOX,0
210085166,ANCLAJE 51mm_INOX,0
2100811,PASAMANOS REDONDO_INOX,0
2100808,RECT.40x20 AUTORR_INOX,0
2100806,CUAD.30 AUTORR_INOX,0
2100805,RECT.30x15 AUTORR_INOX,0
2100804,BARROTE OVALADO_INOX,0
2100803,TAPA ANCLAJE_INOX,0
2100802,ANCLAJE_INOX,0
2100801,PASAMANOS_INOX,0
21007660,TAPA 50mm_LMD,0
2100766,PASAMANOS REDONDO 66mm_LMD,0
210075166,ANCLAJE 51mm_LMD,0
2100711,PASAMANOS REDONDO_LMD,0
2100710,TUBO ORNAMENTAL_LMD,0
2100708,RECT.40x20 AUTORR_LMD,0
2100706,CUAD.30 AUTORR_LMD,0
2100705,RECT.30x15 AUTORR_LMD,0
2100704,BARROTE OVALADO_LMD,0
2100703,TAPA ANCLAJE_LMD,0
2100702,ANCLAJE_LMD,0
2100701,PASAMANOS_LMD,0
21006660,TAPA 50mm_LC1,0
2100666,PASAMANOS REDONDO 66mm_LC1,0
2100655,TAPETA ANCLAJE CRISTAL_LC1,0
2100654,ANCLAJE CRISTAL_LC1,0
210065166,ANCLAJE 51mm_LC1,0
2100611,PASAMANOS REDONDO_LC1,0
2100610,TUBO ORNAMENTAL_LC1,0
2100608,RECT.40x20 AUTORR_LC1,0
2100606,CUAD.30 AUTORR_LC1,0
2100605,RECT.30x15 AUTORR_LC1,0
2100604,BARROTE OVALADO_LC1,0
2100603,TAPA ANCLAJE_LC1,0
2100602,ANCLAJE_LC1,0
2100601,PASAMANOS_LC1,0
2100586D,PASAMANO_LBN,0
21005660,TAPA 50mm_LBN,0
2100566,PASAMANOS REDONDO 66mm_LBN,0
210055166,ANCLAJE 51mm_LBN,0
2100511,PASAMANOS REDONDO_LBN,0
2100510,TUBO ORNAMENTAL_LBN,0
2100508,RECT.40x20 AUTORR_LBN,0
2100506,CUAD.30 AUTORR_LBN,0
2100505,RECT.30x15 AUTORR_LBN,0
2100504,BARROTE OVALADO_LBN,0
2100503,TAPA ANCLAJE_LBN,0
2100502,ANCLAJE_LBN,0
2100501,PASAMANOS_LBN,0
21004660,TAPA 50mm_BEB,0
2100466,PASAMANOS REDONDO 66mm_BEB,0
210045166,ANCLAJE 51mm_BEB,0
2100411,PASAMANOS REDONDO_BEB,0
2100410,TUBO ORNAMENTAL_BEB,0
2100408,RECT.40x20 AUTORR_BEB,0
2100406,CUAD.30 AUTORR_BEB,0
2100405,RECT.30x15 AUTORR_BEB,0
2100404,BARROTE OVALADO_BEB,0
2100403,TAPA ANCLAJE_BEB,0
2100402,ANCLAJE_BEB,0
2100401,PASAMANOS_BEB,0
2100311,PASAMANOS REDONDO_OEB,0
2100310,TUBO ORNAMENTAL_OEB,0
2100308,RECT.40x20 AUTORR_OEB,0
2100306,CUAD.30 AUTORR_OEB,0
2100305,RECT.30x15 AUTORR_OEB,0
2100304,BARROTE OVALADO_OEB,0
2100303,TAPA ANCLAJE_OEB,0
2100302,ANCLAJE_OEB,0
2100301,PASAMANOS_OEB,0
2100286D,PASAMANO_PEB,0
21002660,TAPA 50mm_PEB,0
2100266,PASAMANOS REDONDO 66mm_PEB,0
210025166,ANCLAJE 51mm_PEB,0
2100211,PASAMANOS REDONDO_PEB,0
2100210,TUBO ORNAMENTAL_PEB,0
2100208,RECT.40x20 AUTORR_PEB,0
2100206,CUAD.30 AUTORR_PEB,0
2100205,RECT.30x15 AUTORR_PEB,0
2100204,BARROTE OVALADO_PEB,0
2100203,TAPA ANCLAJE_PEB,0
2100202,ANCLAJE_PEB,0
2100201,PASAMANOS_PEB,0
21001660,TAPA 50mm_PMD,0
2100166,PASAMANOS REDONDO 66mm_PMD,0
210015166,ANCLAJE 51mm_PMD,0
2100111,PASAMANOS REDONDO_PMD,0
2100108,RECT.40x20 AUTORR_PMD,0
2100106,CUAD.30 AUTORR_PMD,0
2100105,RECT.30x15 AUTORR_PMD,0
2100104,BARROTE OVALADO_PMD,0
2100103,TAPA ANCLAJE_PMD,0
2100102,ANCLAJE_PMD,0
2100101,PASAMANOS_PMD,0
2100086D,PASAMANO_CSA,0
21000660,TAPA 50mm_CSA,0
2100066,PASAMANOS REDONDO 66mm_CSA,0
2100055,TAPETA ANCLAJE CRISTAL_CSA,0
2100054,ANCLAJE CRISTAL_CSA,0
210005166,ANCLAJE 51mm_CSA,0
2100011,PASAMANOS REDONDO_CSA,0
2100010,TUBO ORNAMENTAL_CSA,0
2100008,RECT.40x20 AUTORR_CSA++,0
2100006,CUAD.30 AUTORR_CSA,0
2100005,RECT.30x15 AUTORR_CSA,0
2100004,BARROTE OVALADO_CSA,0
2100003,TAPA ANCLAJE_CSA,0
2100002,ANCLAJE_CSA,0
2100001,PASAMANOS_CSA,0
210,BARANDILLA,0
20008RA904,SOPORTE TUBO RED.35mm_INOX,0
20008RA736,PINZA JUNQUILLO PARA PARED/SUELO_INOX,0
20008RA470,SOPORTE VIDRIO A VERTICAL_INOX,0
20008B4,ESCUADRA FIJACION PARED/PASAMANO_INOX++,0
20008AD1747,PEANA PASANTE 40x20_INOX,0
20008AD1736,ABRAZADERA SUPERIOR 40x20_INOX,0
20008AD1733,ABRAZADERA BAJANTE 40x20_INOX,0
20008AD1722,ANCLAJE PASAM/PARED CALELLA_INOX,0
20008AD1713,TAPON PASAMANOS RED.66_INOX,0
20008AD1704,PIE BARANDILLA SUP.40x20_INOX,0
20008AD1702,PEANA 30x30_INOX,0
20008AD1701,PEANA 40x20_INOX,0
20006RP03I,REMATE PASAMANOS IZQU_NEGRO,0
20006RP03D,REMATE PASAMANOS DCHO_NEGRO,0
20006RB03I,REMATE BARROTE IZQU_NEGRO,0
20006RB03D,REMATE BARROTE DCHO_NEGRO,0
20006RA775,SOPORTE INTERM.JUNQ.ANGULO_NEGRO,0
20006RA762,SOPORTE MONTANTE TUBO 40x20_NEGRO,0
20006RA470,SOPORTE VIDRIO A VERTICAL_NEGRO,0
20006R91I,TAPONES BEX-91 I_NEGRO,0
20006R91D,TAPONES BEX-91 D_NEGRO,0
20006B4,ESCUADRA FIJACION PARED/PASAMANO_NEGRO++,0
20006B2,ESCUADRA REGUL.CAMBIO NIVEL_LC1,0
20006AD1774,ANCLAJE TELESCOPICO SUP.CALELLA_NEGRO,0
20006AD1770,TAPON CURVO IZQU_NEGRO,0
20006AD1769,TAPON CURVO DCHO_NEGRO,0
20006AD1752,ROTULA SUPERIOR REDONDA_NEGRO,0
20006AD1746,CONVERSOR DE 20,5mm A 18,5mm_NEGRO,0
20006AD1739,ANCLAJE TELESCOPICO RED.66_NEGRO,0
20006AD1738,ANCLAJE REG.SUP.LARGO_NEGRO,0
20006AD1736,ABRAZADERA SUPERIOR 40x20_NEGRO,0
20006AD1733,ABRAZADERA BAJANTE 40x20_NEGRO,0
20006AD1724,CODO FIJO RED.LLORET_NEGRO,0
20006AD1722,ANCLAJE PASAM/PARED CALELLA_NEGRO,0
20006AD1719,PEANA EXT.40x20 DESPL.30mm_NEGRO,0
20006AD1713,TAPON PASAMANOS RED.66_NEGRO,0
20006AD1704,PIE BARANDILLA SUP.40x20_NEGRO,0
20006AD1701,PEANA 40x20_NEGRO,0
20006AD1285,ANCLAJE CRISTAL ARTICULADO_NEGRO,0
20005RP03I,REMATE PASAMANOS IZQU_BLANCO,0
20005RP03D,REMATE PASAMANOS DCHO_BLANCO,0
20005RB03I,REMATE BARROTE IZQU_BLANCO,0
20005RB03D,REMATE BARROTE DCHO_BLANCO,0
20005RA909I,SOPORTE 30�IZDA.REDONDO 30_BLANCO,0
20005RA909D,SOPORTE 30�DCHA.REDONDO 30_BLANCO,0
20005RA904,SOPORTE TUBO RED.35mm_BLANCO,0
20005RA886,SOPORTE 40x20 A REDONDO 30mm_BLANCO,0
20005RA775,SOPORTE INTERM.JUNQ.ANGULO_BLANCO,0
20005RA762,SOPORTE MONTANTE TUBO 40x20_BLANCO,0
20005RA470,SOPORTE VIDRIO A VERTICAL_BLANCO,0
20005R91I,TAPONES BEX-91 I_BLANCO,0
20005R91D,TAPONES BEX-91 D_BLANCO,0
20005B4,ESCUADRA FIJACION PARED/PASAMANO_BLANC++,0
20005AD1774,ANCLAJE TELESCOPICO SUP.CALELLA_BLANCO,0
20005AD1752,ROTULA SUPERIOR REDONDA_BLANCO,0
20005AD1750,ROTULA PASAMANOS REDONDO_BLANCO,0
20005AD1746,CONVERSOR DE 20,5mm A 18,5mm_BLANCO,0
20005AD1739,ANCLAJE TELESCOPICO RED.66 BLANCO,0
20005AD1736,ABRAZADERA SUPERIOR 40x20_BLANCO,0
20005AD1733,ABRAZADERA BAJANTE 40x20_BLANCO,0
20005AD1724,CODO FIJO RED.LLORET_BLANCO,0
20005AD1723,ANCLAJE PASAMANOS REDONDO_BLANCO,0
20005AD1722,ANCLAJE PASAM/PARED CALELLA_BLANCO,0
20005AD1719,PEANA EXT.40x20 DESPL.30mm_BLANCO,0
20005AD1713,TAPON PASAMANOS RED.66_BLANCO,0
20005AD1704,PIE BARANDILLA SUP.40x20_BLANCO,0
20005AD1702,PEANA 30x30_BLANCO,0
20005AD1701,PEANA 40x20_BLANCO,0
20005AD1286,"ROTULA""U""CRISTAL_BLANCO",0
20005AD1285,ANCLAJE CRISTAL ARTICULADO_BLANCO,0
20001RA763,SOPORTE MONTANTE TUBO 40x20_PLATA,0
20001RA762,SOPORTE MONTANTE TUBO 40x20_PLATA,0
20001RA470,SOPORTE VIDRIO A VERTICAL_PLATA,0
20001B4,ESCUADRA FIJACION PARED/PASAMANO_PLATA++,0
20001AD1736,ABRAZADERA SUPERIOR 40x20_PLATA,0
20001AD1733,ABRAZADERA BAJANTE 40x20_PLATA,0
20001AD1722,ANCLAJE PASAM/PARED CALELLA_PLATA,0
20001AD1704,PIE BARANDILLA SUP.40x20_PLATA,0
20001AD1701,PEANA 40x20_PLATA,0
20000RP03I,REMATE PASAMANOS IZDO_CRUDO,0
20000RP03D,REMATE PASAMANOS DCHO_CRUDO,0
20000RB03I,REMATE BARROTE IZDO_CRUDO,0
20000RB03D,REMATE BARROTE DCHO_CRUDO,0
20000RA909I,SOPORTE 30�IZDA.REDONDO 30_CRUDO,0
20000RA909D,SOPORTE 30�DCHA.REDONDO 30_CRUDO,0
20000RA904,SOPORTE TUBO RED.35mm_CRUDO,0
20000RA886,SOPORTE 40x20 A REDONDO 30mm,0
20000RA806,ANGULAR GUIA P/ANGULOS,0
20000RA470,SOPORTE VIDRIO A VERTICAL_CRUDO,0
20000B36,BISAGRA-ESCUADRA MULTIFUNCION 36mm,0
20000B3,ESCUADRA REGUL.CAMBIO DIRECCION,0
20000B2,ESCUADRA REGUL.CAMBIO NIVEL,0
20000B1,KIT FIJACION PASAMANOS BEX-99,0
20000AD1747,PEANA PASANTE 40x20_CRUDO,0
20000AD1732,ABRAZADERA CRISTAL 90� 40x20_CRUDO,0
20000AD1722,ANCLAJE PASAM/PARED CALELLA_CRUDO,0
20000AD1720,ABRAZADERA CRISTAL 40x20_CRUDO,0
20000AD1709,ESCUADRA REGUL.PASAMANO_CRUDO,0
20000AD1707,ESCUADRA FIJA PASAMANO_CRUDO,0
20000AD1701,PEANA 40x20_CRUDO,0
20000AD1290,"TAPON""U""CRISTAL NEGRO",0
20000AD1286,"ROTULA""U""CRISTAL_CRUDO",0
200,ACC.BARANDILLA EXCEL.L�NCIA,0
1901795,RECEPTOR VIDRIO_LMV,0
1901299,PASAMANOS_LC4,0
1901298,ANCLAJE PASAMANOS_LC4,0
1901297,PERFIL REMATE_LC4,0
1901296,ANCLAJE BARROTES_LC4,0
1901295,RECEPTOR VIDRIO_LC4,0
1901294,BARROTE OVAL 20x18_LC4,0
1901293,BARROTE R� 20_LC4,0
1901292,RECT.40x20 AUTORR_LC4,0
1901291,SOPORTE VIDRIO CORRIDO_LC4,0
1901271,RECT.40x20 REFORZADO_LC4,0
1901199,PASAMANOS_LC3,0
1901198,ANCLAJE PASAMANOS_LC3,0
1901197,PERFIL REMATE_LC3,0
1901196,ANCLAJE BARROTES_LC3,0
1901195,RECEPTOR VIDRIO_LC3,0
1901194,BARROTE OVAL 20x18_LC3,0
1901193,BARROTE R� 20_LC3,0
1901192,RECT.40x20 AUTORR_LC3,0
1901191,SOPORTE VIDRIO CORRIDO_LC3,0
1901171,RECT.40x20 REFORZADO_LC3,0
1901099,PASAMANOS_LC2,0
1901098,ANCLAJE PASAMANOS_LC2,0
1901097,PERFIL REMATE_LC2,0
1901096,ANCLAJE BARROTES_LC2,0
1901095,RECEPTOR VIDRIO_LC2,0
1901094,BARROTE OVAL 20x18_LC2,0
1901093,BARROTE R� 20_LC2,0
1901092,RECT.40x20 AUTORR_LC2,0
1901091,SOPORTE VIDRIO CORRIDO_LC2,0
1901071,RECT.40x20 REFORZADO_LC2,0
1900999,PASAMANOS_AOC,0
1900998,ANCLAJE PASAMANOS_AOC,0
1900997,PERFIL REMATE_AOC,0
1900996,ANCLAJE BARROTES_AOC,0
1900995,RECEPTOR VIDRIO_AOC,0
1900992,RECT.40x20 AUTORR_AOC,0
1900991,SOPORTE VIDRIO CORRIDO_AOC,0
1900971,RECT.40x20 REFORZADO_AOC,0
1900899,PASAMANOS_INOX,0
1900898,ANCLAJE PASAMANOS_INOX,0
1900897,PERFIL REMATE_INOX,0
1900896,ANCLAJE BARROTES_INOX,0
1900895,RECEPTOR VIDRIO_INOX,0
1900894,BARROTE OVAL 20x18_INOX,0
1900893,BARROTE R� 20_INOX,0
1900892,RECT.40x20 AUTORR_INOX,0
1900891,SOPORTE VIDRIO CORRIDO_INOX,0
1900871,RECT.40x20 REFORZADO_INOX,0
1900799,PASAMANOS_LMD,0
1900798,ANCLAJE PASAMANOS_LMD,0
1900797,PERFIL REMATE_LMD,0
1900796,ANCLAJE BARROTES_LMD,0
1900795,RECEPTOR VIDRIO_LMD,0
1900794,BARROTE OVAL 20x18_LMD,0
1900793,BARROTE R� 20_LMD,0
1900792,RECT.40x20 AUTORR_LMD,0
1900791,SOPORTE VIDRIO CORRIDO_LMD,0
1900771,RECT.40x20 REFORZADO_LMD,0
1900699,PASAMANOS_LC1,0
1900698,ANCLAJE PASAMANOS_LC1,0
1900697,PERFIL REMATE_LC1,0
1900696,ANCLAJE BARROTES_LC1,0
1900695,RECEPTOR VIDRIO_LC1,0
1900694,BARROTE OVAL 20x18_LC1,0
1900693,BARROTE R� 20_LC1,0
1900692,RECT.40x20 AUTORR_LC1,0
1900691,SOPORTE VIDRIO CORRIDO_LC1,0
1900671,RECT.40x20 REFORZADO_LC1,0
1900599,PASAMANOS_LBN,0
1900598,ANCLAJE PASAMANOS_LBN,0
1900597,PERFIL REMATE_LBN,0
1900596,ANCLAJE BARROTES_LBN,0
1900595,RECEPTOR VIDRIO_LBN,0
1900594,BARROTE OVAL 20x18_LBN,0
1900593,BARROTE R� 20_LBN,0
1900592,RECT.40x20 AUTORR_LBN,0
1900591,SOPORTE VIDRIO CORRIDO_LBN,0
1900571,RECT.40x20 REFORZADO_LBN,0
1900499,PASAMANOS_BEB,0
1900498,ANCLAJE PASAMANOS_BEB,0
1900497,PERFIL REMATE_BEB,0
1900496,ANCLAJE BARROTES_BEB,0
1900495,RECEPTOR VIDRIO_BEB,0
1900494,BARROTE OVAL 20x18_BEB,0
1900493,BARROTE R� 20_BEB,0
1900492,RECT.40x20 AUTORR_BEB,0
1900491,SOPORTE VIDRIO CORRIDO_BEB,0
1900471,RECT.40x20 REFORZADO_BEB,0
1900391,SOPORTE VIDRIO CORRIDO_OEB,0
1900299,PASAMANOS_PEB,0
1900298,ANCLAJE PASAMANOS_PEB,0
1900297,PERFIL REMATE_PEB,0
1900296,ANCLAJE BARROTES_PEB,0
1900295,RECEPTOR VIDRIO_PEB,0
1900294,BARROTE OVAL 20x18_PEB,0
1900293,BARROTE R� 20_PEB,0
1900292,RECT.40x20 AUTORR_PEB,0
1900291,SOPORTE VIDRIO CORRIDO_PEB,0
1900271,RECT.40x20 REFORZADO_PEB,0
1900199,PASAMANOS_PMD,0
1900198,ANCLAJE PASAMANOS_PMD,0
1900197,PERFIL REMATE_PMD,0
1900196,ANCLAJE BARROTES_PMD,0
1900195,RECEPTOR VIDRIO_PMD,0
1900194,BARROTE OVAL 20x18_PMD,0
1900193,BARROTE R� 20_PMD,0
1900192,RECT.40x20 AUTORR_PMD,0
1900191,SOPORTE VIDRIO CORRIDO_PMD,0
1900171,RECT.40x20 REFORZADO_PMD,0
1900099,PASAMANOS_CSA,0
1900098,ANCLAJE PASAMANOS_CSA,0
1900097,PERFIL REMATE_CSA,0
1900096,ANCLAJE BARROTES_CSA,0
1900095,RECEPTOR VIDRIO_CSA,0
1900094,BARROTE OVAL 20x18_CSA,0
1900093,BARROTE R� 20_CSA,0
1900092,RECT.40x20 AUTORR_CSA,0
1900091,SOPORTE VIDRIO CORRIDO_CSA,0
1900071,RECT.40x20 REFORZADO_CSA,0
190,BARANDILLA EXCEL.LENCIA,0
1801807,MARCO 40x40_LMCC++,0
1801806,HOJA 40x40_LMCC++,0
1801805,PILASTRA 40x40_LMCC++,0
1801757,ZOCALO PILASTRA 40x40_LMV,0
1801707,MARCO 40x40_LMV,0
1801706,HOJA 40x40_LMV,0
1801705,PILASTRA 40x40_LMV,0
1801607,MARCO 40x40_LMN,0
1801606,HOJA 40x40_LMN,0
1801605,PILASTRA 40x40_LMN,0
1801507,MARCO 40x40_LMC,0
1801506,HOJA 40x40_LMC,0
1801505,PILASTRA 40x40_LMC,0
820122355,HOJA PUERTA RECTA 45RT DM_LC4,0
1801405,PILASTRA 40x40_LMP,0
1801307,MARCO 40x40_LBP,0
1801305,PILASTRA 40x40_LBP,0
1801259,ZOCALO MARCO 40x40_LC4,0
1801257,ZOCALO PILASTRA 40x40_LC4,0
1801207,MARCO 40x40_LC4,0
1801206,HOJA 40x40_LC4,0
1801205,PILASTRA 40x40_LC4,0
1801159,ZOCALO MARCO 40x40_LC3,0
1801157,ZOCALO PILASTRA 40x40_LC3,0
1801107,MARCO 40x40_LC3,0
1801106,HOJA 40x40_LC3,0
1801105,PILASTRA 40x40_LC3,0
1801059,ZOCALO MARCO 40x40_LC2,0
1801057,ZOCALO PILASTRA 40x40_LC2,0
1801007,MARCO 40x40_LC2,0
1801006,HOJA 40x40_LC2,0
1801005,PILASTRA 40x40_LC2,0
1800959,ZOCALO MARCO 40x40_AOC,0
1800957,ZOCALO PILASTRA 40x40_AOC,0
1800907,MARCO 40x40_AOC,0
1800906,HOJA 40x40_AOC,0
1800905,PILASTRA 40x40_AOC,0
1800859,ZOCALO MARCO 40x40_INOX,0
1800857,ZOCALO PILASTRA 40x40_INOX,0
1800807,MARCO 40x40_INOX,0
1800806,HOJA 40x40_INOX,0
1800805,PILASTRA 40x40_INOX,0
1800759,ZOCALO MARCO 40x40_LMD,0
1800757,ZOCALO PILASTRA 40x40_LMD,0
1800707,MARCO 40x40_LMD,0
1800706,HOJA 40x40_LMD,0
1800705,PILASTRA 40x40_LMD,0
1800659,ZOCALO MARCO 40x40_LC1,0
1800657,ZOCALO PILASTRA 40x40_LC1,0
1800607,MARCO 40x40_LC1,0
1800606,HOJA 40x40_LC1,0
1800605,PILASTRA 40x40_LC1,0
1800559,ZOCALO MARCO 40x40_LBN,18,88
1800557,ZOCALO PILASTRA 40x40_LBN,19,35
1800507,MARCO 40x40_LBN,8,75
1800506,HOJA 40x40_LBN,9,9
1800505,PILASTRA 40x40_LBN,9,9
1800459,ZOCALO MARCO 40x40_BEB,0
1800457,ZOCALO PILASTRA 40x40_BEB,0
1800407,MARCO 40x40_BEB,0
1800406,HOJA 40x40_BEB,0
1800405,PILASTRA 40x40_BEB,0
1800359,ZOCALO MARCO 40x40_OEB,0
1800357,ZOCALO PILASTRA 40x40_OEB,0
1800307,MARCO 40x40_OEB,0
1800306,HOJA 40x40_OEB,0
1800305,PILASTRA 40x40_OEB,0
1800259,ZOCALO MARCO 40x40_PEB,0
1800257,ZOCALO PILASTRA 40x40_PEB,0
1800207,MARCO 40x40_PEB,0
1800206,HOJA 40x40_PEB,0
1800205,PILASTRA 40x40_PEB,0
1800159,ZOCALO MARCO 40x40_PMD,0
1800157,ZOCALO PILASTRA 40x40_PMD,0
1800107,MARCO 40x40_PMD,0
1800106,HOJA 40x40_PMD,0
1800105,PILASTRA 40x40_PMD,0
1800059,ZOCALO MARCO 40x40_CSA,0
1800057,ZOCALO PILASTRA 40x40_CSA,0
1800007,MARCO 40x40_CSA,0
1800006,HOJA 40x40_CSA,0
1800005,PILASTRA 40x40_CSA,0
180,ABISAGRADO 40x40,0
1701937,UNION 2 MARCOS ABISAGRADO_I245,0
1701934,SUPLEMENTO ROTULA ABIS_I245,0
1701926,CANTONERA PEQ.ABISAGRADO_I245,0
1701837,UNION 2 MARCOS ABISAGRADO_LMCC++,0
1701834,SUPLEMENTO ROTULA ABIS_LMCC,0
17018306,JUNQUILLO H-9,5mm_LMCC++,0
1701826,CANTONERA PEQ.ABISAGRADO_LMCC,0
1701821,JUNQUILLO H-21mm.40x20_LMCC++,0
1701802,MARCO 40x20_LMCC++,0
1701801,HOJA 40x20_LMCC++,0
1701800,PILASTRA 40x20_LMCC++,0
1701737,UNION 2 MARCOS ABISAGRADO_LMV,0
1701735,CORTAVIENTOS_LMV,0
1701734,SUPLEMENTO ROTULA ABIS_LMV,0
17017306,JUNQUILLO H-9,5mm_LMV,0
1701728,JUNQUILLO H-28mm.40x20_LMV,0
1701722,MARCO C/SOLAPE_LMV,0
1701721,JUNQUILLO H-21mm.40x20_LMV,0
1701714,JUNQUILLO H-16mm.40x20_LMV,0
1701702,MARCO 40x20_LMV,0
1701701,HOJA 40x20_LMV,0
1701700,PILASTRA 40x20_LMV,0
1701621,JUNQUILLO H-21mm.40x20_LMN,0
1701602,MARCO 40x20_LMN,0
1701600,PILASTRA 40x20_LMN,0
1701521,JUNQUILLO H-21mm.40x20_LMC,0
1701514,JUNQUILLO H-16mm.40x20_LMC,0
1701502,MARCO 40x20_LMC,0
1701501,HOJA 40x20_LMC,0
1701500,PILASTRA 40x20_LMC,0
1701421,JUNQUILLO H-21mm.40x20_LMP,0
1701337,UNION 2 MARCOS ABISAGRADO_LBP,0
1701321,JUNQUILLO H-21mm.40x20_LBP,0
1701237,UNION 2 MARCOS ABISAGRADO_LC4,0
170123429,CANTONERA ABIS/CORRED_LC4,0
1701234,SUPLEMENTO ROTULA ABIS_LC4,0
17012306,JUNQUILLO H-9,5mm_LC4,0
1701228,JUNQUILLO H-28mm.40x20_LC4,0
1701226,CANTONERA PEQ.ABISAGRADO_LC4,0
1701222,MARCO C/SOLAPE_LC4,0
1701221,JUNQUILLO H-21mm.40x20_LC4,0
1701214,JUNQUILLO H-16mm.40x20_LC4,0
1701202,MARCO 40x20_LC4,0
1701201,HOJA 40x20_LC4,0
1701200,PILASTRA 40x20_LC4,0
1701137,UNION 2 MARCOS ABISAGRADO_LC3,0
1701135,CORTAVIENTOS_LC3,0
170113429,CANTONERA ABIS/CORRED_LC3,0
1701134,SUPLEMENTO ROTULA ABIS_LC3,0
17011306,JUNQUILLO H-9,5mm_LC3,0
1701128,JUNQUILLO H-28mm.40x20_LC3,0
1701126,CANTONERA PEQ.ABISAGRADO_LC3,0
1701122,MARCO C/SOLAPE_LC3,0
1701121,JUNQUILLO H-21mm.40x20_LC3,0
1701114,JUNQUILLO H-16mm.40x20_LC3,0
1701102,MARCO 40x20_LC3,0
1701101,HOJA 40x20_LC3,0
1701100,PILASTRA 40x20_LC3,0
1701099,PLETINA FALLEBA 40x20_LC2,0
1701050,PILASTRA AUTORR.40x20_LC2,0
1701037,UNION 2 MARCOS ABISAGRADO_LC2,0
1701036,FORRAMARCO ABISAGRADO 40_LC2,0
1701035,CORTAVIENTOS_LC2,0
170103429,CANTONERA ABIS/CORRED_LC2,0
1701034,SUPLEMENTO ROTULA ABIS_LC2,0
17010306,JUNQUILLO H-9,5mm_LC2,0
1701028,JUNQUILLO H-28mm.40x20_LC2,0
1701026,CANTONERA PEQ.ABISAGRADO_LC2,0
1701022,MARCO C/SOLAPE_LC2,0
1701021,JUNQUILLO H-21mm.40x20_LC2,0
1701014,JUNQUILLO H-16mm.40x20_LC2,0
1701002,MARCO 40x20_LC2,0
1701001,HOJA 40x20_LC2,0
1701000,PILASTRA 40x20_LC2,0
1700999,PLETINA FALLEBA 40x20_AOC,3,8
1700950,PILASTRA AUTORR.40x20_AOC,0
1700937,UNION 2 MARCOS ABISAGRADO_AOC,0
1700934,SUPLEMENTO ROTULA ABIS_AOC,0
17009306,JUNQUILLO H-9,5mm_AOC,0
1700928,JUNQUILLO H-28mm.40x20_AOC,0
1700926,CANTONERA PEQ.ABISAGRADO_AOC,0
1700921,JUNQUILLO H-21mm.40x20_AOC,0
1700914,JUNQUILLO H-16mm.40x20_AOC,0
1700902,MARCO 40x20_AOC,0
1700901,HOJA 40x20_AOC,0
1700900,PILASTRA 40x20_AOC,0
1700837,UNION 2 MARCOS ABISAGRADO_INOX,0
1700836,FORRAMARCO ABISAGRADO 40_INOX,0
1700835,CORTAVIENTOS_INOX,0
170083429,CANTONERA ABIS/CORRED_INOX,0
1700834,SUPLEMENTO ROTULA ABIS_INOX,0
17008306,JUNQUILLO H-9,5mm_INOX,0
1700828,JUNQUILLO H-28mm.40x20_INOX,0
1700826,CANTONERA PEQ.ABISAGRADO_INOX,0
1700822,MARCO C/SOLAPE_INOX,0
1700821,JUNQUILLO H-21mm.40x20_INOX,0
1700814,JUNQUILLO H-16mm.40x20_INOX,0
1700802,MARCO 40x20_INOX,0
1700801,HOJA 40x20_INOX,0
1700800,PILASTRA 40x20_INOX,0
1700750,PILASTRA AUTORR.40x20_LMD,0
1700737,UNION 2 MARCOS ABISAGRADO_LMD,0
1700736,FORRAMARCO ABISAGRADO 40_LMD,0
1700735,CORTAVIENTOS_LMD,0
170073429,CANTONERA ABIS/CORRED_LMD,0
1700734,SUPLEMENTO ROTULA ABIS_LMD,0
17007306,JUNQUILLO H-9,5mm_LMD,0
1700728,JUNQUILLO H-28mm.40x20_LMD,0
1700726,CANTONERA PEQ.ABISAGRADO_LMD,0
1700722,MARCO C/SOLAPE_LMD,0
1700721,JUNQUILLO H-21mm.40x20_LMD,0
1700714,JUNQUILLO H-16mm.40x20_LMD,0
1700702,MARCO 40x20_LMD,0
1700701,HOJA 40x20_LMD,0
1700700,PILASTRA 40x20_LMD,0
1700699,PLETINA FALLEBA 40x20_LC1,0
1700650,PILASTRA AUTORR.40x20_LC1,0
1700637,UNION 2 MARCOS ABISAGRADO_LC1,0
1700636,FORRAMARCO ABISAGRADO 40_LC1,0
1700635,CORTAVIENTOS_LC1,0
170063429,CANTONERA ABIS/CORRED_LC1,0
1700634,SUPLEMENTO ROTULA ABIS_LC1,0
17006306,JUNQUILLO H-9,5mm_LC1,0
1700628,JUNQUILLO H-28mm.40x20_LC1,0
1700626,CANTONERA PEQ.ABISAGRADO_LC1,0
1700622,MARCO C/SOLAPE_LC1,0
1700621,JUNQUILLO H-21mm.40x20_LC1,0
1700614,JUNQUILLO H-16mm.40x20_LC1,0
1700602,MARCO 40x20_LC1,0
1700601,HOJA 40x20_LC1,0
1700600,PILASTRA 40x20_LC1,0
1700599,PLETINA FALLEBA 40x20_LBN,0
1700550,PILASTRA AUTORR.40x20_LBN,0
1700537,UNION 2 MARCOS ABISAGRADO_LBN,0
1700536,FORRAMARCO ABISAGRADO 40_LBN,0
1700535,CORTAVIENTOS_LBN,0
170053429,CANTONERA ABIS/CORRED_LBN,11,35
1700534,SUPLEMENTO ROTULA ABIS_LBN,3,97
17005306,JUNQUILLO H-9,5mm_LBN,2,69
1700528,JUNQUILLO H-28mm.40x20_LBN,3,07
1700526,CANTONERA PEQ.ABISAGRADO_LBN,9,03
1700522,MARCO C/SOLAPE_LBN,7,19
1700521,JUNQUILLO H-21mm.40x20_LBN,2,76
1700514,JUNQUILLO H-16mm.40x20_LBN,3,07
1700502,MARCO 40x20_LBN,6,4
1700501,HOJA 40x20_LBN,7,54
1700500,PILASTRA 40x20_LBN,7,54
1700499,PLETINA FALLEBA 40x20_BEB,0
1700450,PILASTRA AUTORR.40x20_BEB,0
1700437,UNION 2 MARCOS ABISAGRADO_BEB,0
1700436,FORRAMARCO ABISAGRADO 40_BEB,0
1700435,CORTAVIENTOS_BEB,0
170043429,CANTONERA ABIS/CORRED_BEB,0
1700434,SUPLEMENTO ROTULA ABIS_BEB,0
17004306,JUNQUILLO H-9,5mm_BEB,0
1700428,JUNQUILLO H-28mm.40x20_BEB,0
1700426,CANTONERA PEQ.ABISAGRADO_BEB,0
1700422,MARCO C/SOLAPE_BEB,0
1700421,JUNQUILLO H-21mm.40x20_BEB,0
1700414,JUNQUILLO H-16mm.40x20_BEB,0
1700402,MARCO 40x20_BEB,0
1700401,HOJA 40x20_BEB,0
1700400,PILASTRA 40x20_BEB,0
1700399,PLETINA FALLEBA 40x20_OEB,0
1700350,PILASTRA AUTORR.40x20_OEB,0
1700337,UNION 2 MARCOS ABISAGRADO_OEB,0
1700336,FORRAMARCO ABISAGRADO 40_OEB,0
1700335,CORTAVIENTOS_OEB,0
170033429,CANTONERA ABIS/CORRED_OEB,0
1700334,SUPLEMENTO ROTULA ABIS_OEB,0
17003306,JUNQUILLO H-9,5mm_OEB,0
1700328,JUNQUILLO H-28mm.40x20_OEB,0
1700321,JUNQUILLO H-21mm.40x20_OEB,0
1700314,JUNQUILLO H-16mm.40x20_OEB,0
1700302,MARCO 40x20_OEB,0
1700301,HOJA 40x20_OEB,0
1700300,PILASTRA 40x20_OEB,0
1700299,PLETINA FALLEBA 40x20_PEB,0
1700250,PILASTRA AUTORR.40x20_PEB,0
1700237,UNION 2 MARCOS ABISAGRADO_PEB,0
1700236,FORRAMARCO ABISAGRADO 40_PEB,0
1700235,CORTAVIENTOS_PEB,0
170023429,CANTONERA ABIS/CORRED_PEB,0
1700234,SUPLEMENTO ROTULA ABIS_PEB,0
17002306,JUNQUILLO H-9,5mm_PEB,0
1700228,JUNQUILLO H-28mm.40x20_PEB,0
1700226,CANTONERA PEQ.ABISAGRADO_PEB,0
1700222,MARCO C/SOLAPE_PEB,0
1700221,JUNQUILLO H-21mm.40x20_PEB,0
1700214,JUNQUILLO H-16mm.40x20_PEB,0
1700202,MARCO 40x20_PEB,0
1700201,HOJA 40x20_PEB,0
1700200,PILASTRA 40x20_PEB,0
1700199,PLETINA FALLEBA 40x20_PMD,0
1700150,PILASTRA AUTORR.40x20_PMD,0
1700137,UNION 2 MARCOS ABISAGRADO_PMD,0
1700136,FORRAMARCO ABISAGRADO 40_PMD,0
1700135,CORTAVIENTOS_PMD,0
170013429,CANTONERA ABIS/CORRED_PMD,0
1700134,SUPLEMENTO ROTULA ABIS_PMD,0
17001306,JUNQUILLO H-9,5mm_PMD,0
1700128,JUNQUILLO H-28mm.40x20_PMD,0
1700126,CANTONERA PEQ.ABISAGRADO_PMD,0
1700122,MARCO C/SOLAPE_PMD,0
1700121,JUNQUILLO H-21mm.40x20_PMD,0
1700114,JUNQUILLO H-16mm.40x20_PMD,0
1700102,MARCO 40x20_PMD,0
1700101,HOJA 40x20_PMD,0
1700100,PILASTRA 40x20_PMD,0
1700099,PLETINA FALLEBA 40x20_CSA,0
1700050,PILASTRA AUTORR.40x20_CSA,0
1700037,UNION 2 MARCOS ABISAGRADO_CSA,0
1700036,FORRAMARCO ABISAGRADO 40_CSA,0
1700035,CORTAVIENTOS_CSA,0
170003429,CANTONERA ABIS/CORRED_CSA,0
1700034,SUPLEMENTO ROTULA ABIS_CSA,0
17000306,JUNQUILLO H-9,5mm_CSA,0
1700028,JUNQUILLO H-28mm.40x20_CSA,0
1700026,CANTONERA PEQ.ABISAGRADO_CSA,0
1700022,MARCO C/SOLAPE_CSA,0
1700021,JUNQUILLO H-21mm.40x20_CSA,0
1700014,JUNQUILLO H-16mm.40x20_CSA,0
1700002,MARCO 40x20_CSA,0
1700001,HOJA 40x20_CSA,0
1700000,PILASTRA 40x20_CSA,0
170,ABISAGRADO 40x20,0
1601535,CORTAVIENTOS_LMC++,0
1601435,CORTAVIENTOS_LMP++,0
810122810,JUNQUILLO RECTO 29 DM_LC4,5,48
61011061300,MARCO INFERIOR ELEVABLE_LC3++,0
61011061302,MARCO SUPERIOR ELEVABLE_LC3++,0
1600835,CORTAVIENTOS_INOX++,0
1600735,CORTAVIENTOS_LMD++,0
61011061306,MARCO LATERAL ELEVABLE_LC3++,0
1600706,HOJA LISA 40x35_LMD,0
1600705,PILASTRA LISA 40x35_LMD,0
61011061342,PERFIL CENTRAL_LC3++,0
61011062340,HOJA 102mm_LC3++,0
61011303612,JUNQUILLO CS 26,2mm_LC3,0
1600535,CORTAVIENTOS_LBN++,0
1600507,MARCO 40x35_LBN,0
1600506,HOJA LISA 40x35_LBN,0
1600505,PILASTRA LISA 40x35_LBN,0
1600435,CORTAVIENTOS_BEB++,0
1600407,MARCO 40x35_BEB,0
1600406,HOJA LISA 40x35_BEB,0
1600405,PILASTRA LISA 40x35_BEB,0
820012504,TRAVESA�O 75RT DM_PMD,0
810012812,JUNQUILLO RECTO 35 DM_PMD,0
25001942730,TRAVESA�O BALCON C/27 V94_PMD,0
1600235,CORTAVIENTOS_PEB++,0
1600207,MARCO 40x35_PEB,0
1600206,HOJA LISA 40x35_PEB,0
1600205,PILASTRA LISA 40x35_PEB,0
1600135,CORTAVIENTOS_PMD++,0
25001941141,INVERSOR CURVO V94_PMD,0
25001941610,MARCO VENTANA C/16 V94_PMD,0
25001941620,HOJA VENTANA C/16 V94_PMD,0
1600035,CORTAVIENTOS_CSA++,0
1600007,MARCO 40x35_CSA,0
1600006,HOJA LISA 40x35_CSA,0
1600005,PILASTRA LISA 40x35_CSA,0
160,ABISAGRADO PUERTA 40x35,0
1501526,CANTONERA PEQ.ABISAGRADO_LMC++,0
1501520,JUNQUILLO H-20mm.40x18_LMC,0
25001940303,JUNQUILLO H-22mm.V94_PMD,0
1501502,MARCO 40x18_LMC,0
1501500,PILASTRA LISA 40x18_LMC,0
1501410,JUNQUILLO H-10mm.40x18_LMP,0
1501402,MARCO 40x18_LMP,0
1501401J,HOJA LISA 40x18_LMP,0
1501400,PILASTRA LISA 40x18_LMP,0
1501226,CANTONERA PEQ.ABISAGRADO_LC4++,0
1501126,CANTONERA PEQ.ABISAGRADO_LC3++,0
25004942710,MARCO PUERTA C/27 V94_BEB,0
1501026,CANTONERA PEQ.ABISAGRADO_LC2++,0
25004941110,MARCO VENTANA C/11 V94_BEB,0
1501016,VIERTEAGUAS 40x18_LC2,0
25004941120,HOJA VENTANA C/11 V94_BEB,0
820112441,MARCO VENTANA RECTO 60RT DM_LC3,0
4001988,RECTANGULAR 150x30_PMD,0
820102316,INVERSOR RECTO 45RT DM_LC2,13,69
820102342,HOJA VENTANA 68mm.CURVA 45RT DM_LC2,14,59
1500926,CANTONERA PEQ.ABISAGRADO_AOC++,0
810102807,JUNQUILLO RECTO 14 DM_LC2,2,42
1500826,CANTONERA PEQ.ABISAGRADO_INOX++,0
1500820,JUNQUILLO H-20mm.40x18_INOX,0
1500800,PILASTRA LISA 40x18_INOX,0
1500726,CANTONERA PEQ.ABISAGRADO_LMD++,0
1500720,JUNQUILLO H-20mm.40x18_LMD,0
61011341502,MAINEL 83,5mm.CW50_LC3,0
1500712,CANTONERA 90� 40x18_LMD,0
1500710,JUNQUILLO H-10mm.40x18_LMD,0
1500702,MARCO 40x18_LMD,0
1500701J,HOJA LISA 40x18_LMD,0
1500700,PILASTRA LISA 40x18_LMD,0
61011341121,MARCO PROYEC.SEMIEST.CW50_LC3,0
1500626,CANTONERA PEQ.ABISAGRADO_LC1++,0
1500620,JUNQUILLO H-20mm.40x18_LC1,0
61011340559,TAPETA 15mm_LC3,0
8500572703,TAPAJUNTAS 60mm.ELV100_LBN,3,57
25010941140,INVERSOR RECTO V94_LC2,0
1500602,MARCO 40x18_LC1,0
1500601J,HOJA LISA 40x18_LC1,0
1500600,PILASTRA LISA 40x18_LC1,0
1500527,JUNQUILLO H-27mm.40x18_LBN,0
1500526,CANTONERA PEQ.ABISAGRADO_LBN++,0
1500520,JUNQUILLO H-20mm.40x18_LBN,0
1500516,VIERTEAGUAS 40x18_LBN,0
4010988,RECTANGULAR 150x30_LC2,0
1500512,CANTONERA 90� 40x18_LBN,0
1500510,JUNQUILLO H-10mm.40x18_LBN,0
240123121001,CHAPA 3x1,25x1 1C P1_LC4,0
1500502,MARCO 40x18_LBN,0
1500501J,HOJA LISA 40x18_LBN,0
1500500,PILASTRA LISA 40x18_LBN,0
80000535,TORNILLO P/CARRO ELEVABLE,0
1500426,CANTONERA PEQ.ABISAGRADO_BEB++,0
1500420,JUNQUILLO H-20mm.40x18_BEB,0
1500416,VIERTEAGUAS 40x18_BEB,0
1500414,JUNQUILLO H-14mm.40x18_BEB,0
1500412,CANTONERA 90� 40x18_BEB,0
1500410,JUNQUILLO H-10mm.40x18_BEB,0
25004941630,TRAVESA�O VENTANA C/16 V94_BEB,0
25004941140,INVERSOR RECTO V94_BEB,0
1500400,PILASTRA LISA 40x18_BEB,0
61000061901,MARCO INFERIOR_CSA++,0
1500326,CANTONERA PEQ.ABISAGRADO_OEB++,0
61000061903,MARCO SUPERIOR_CSA++,0
61000061902,MARCO LATERAL_CSA++,0
61000061988,PERFIL CENTRAL_CSA++,0
61000061986,HOJA 94mm_CSA++,0
61000061915,PERFIL MARCO PVC++,0
1500301J,HOJA LISA 40x18_OEB,0
61000062990,PERFIL CENTRAL PVC++,0
62000687832,ESCUADRA 21,9x10,5,0
1500226,CANTONERA PEQ.ABISAGRADO_PEB++,0
1500220,JUNQUILLO H-20mm.40x18_PEB,0
1500216,VIERTEAGUAS 40x18_PEB,0
1500214,JUNQUILLO H-14mm.40x18_PEB,0
1500212,CANTONERA 90� 40x18_PEB,0
1500210,JUNQUILLO H-10mm.40x18_PEB,0
1500202,MARCO 40x18_PEB,0
1500201J,HOJA LISA 40x18_PEB,0
1500200,PILASTRA LISA 40x18_PEB,0
62000687952,ESCUADRA 26,05x17,4,0
1500126,CANTONERA PEQ.ABISAGRADO_PMD++,0
1500120,JUNQUILLO H-20mm.40x18_PMD,0
1500116,VIERTEAGUAS 40x18_PMD,0
62000688937,TORNILLO TOPE UNION,0
1500112,CANTONERA 90� 40x18_PMD,0
62000627974,JGO.TOPES GUIA CORRED.ELEVABLE,0
62000627986,CIERRE INFERIOR,0
62000627987,CIERRE SUPERIOR,0
62000627990,SOPORTE VIDRIO,0
62000628044,PIEZA DISTANCIADORA,0
1500026,CANTONERA PEQ.ABISAGRADO_CSA++,0
1500020,JUNQUILLO H-20mm.40x18_CSA,0
1500016,VIERTEAGUAS 40x18_CSA,0
1500014,JUNQUILLO H-14mm.40x18_CSA,0
1500010,JUNQUILLO H-10mm.40x18_CSA,0
62000629381,TAPETA MARCO,0
1500002,MARCO 40x18_CSA,0
1500001J,HOJA LISA 40x18_CSA,0
1500000,PILASTRA LISA 40x18_CSA,0
150,ABISAGRADO VENTANA 40x18,0
14006MM,MANILLA MECANISMO_NEGRO,0
140063025,MECANISMO 1904mm.CAM.25_NEGRO,0
140062936,MECANISMO 1844mm.CAM.36_NEGRO,0
140062925,MECANISMO 1844mm.CAM.25_NEGRO,0
140062836,MECANISMO 1784mm.CAM.36_NEGRO,0
140062825,MECANISMO 1784mm.CAM.25_NEGRO,0
140062736,MECANISMO 1724mm.CAM.36_NEGRO,0
140062725,MECANISMO 1724mm.CAM.25_NEGRO,0
140062636,MECANISMO 1664mm.CAM.36_NEGRO,0
140062625,MECANISMO 1664mm.CAM.25_NEGRO,0
140062536,MECANISMO 1604mm.CAM.36_NEGRO,0
140062525,MECANISMO 1604mm.CAM.25_NEGRO,0
140062436,MECANISMO 1544mm.CAM.36_NEGRO,0
140062425,MECANISMO 1544mm.CAM.25_NEGRO,0
140062336,MECANISMO 1484mm.CAM.36_NEGRO,0
140062325,MECANISMO 1484mm.CAM.25_NEGRO,0
140062236,MECANISMO 1424mm.CAM.36_NEGRO,0
140062225,MECANISMO 1424mm.CAM.25_NEGRO,0
140062136,MECANISMO 1364mm.CAM.36_NEGRO,0
140062125,MECANISMO 1364mm.CAM.25_NEGRO,0
140062036,MECANISMO 1304mm.CAM.36_NEGRO,0
140062025,MECANISMO 1304mm.CAM.25_NEGRO,0
140061936,MECANISMO 1244mm.CAM.36_NEGRO,0
140061925,MECANISMO 1244mm.CAM.25_NEGRO,0
140061836,MECANISMO 1184mm.CAM.36_NEGRO,0
140061825,MECANISMO 1184mm.CAM.25_NEGRO,0
140061736,MECANISMO 1124mm.CAM.36_NEGRO,0
140061725,MECANISMO 1124mm.CAM.25_NEGRO,0
140061636,MECANISMO 1064mm.CAM.36_NEGRO,0
140061625,MECANISMO 1064mm.CAM.25_NEGRO,0
140061536,MECANISMO 1004mm.CAM.36_NEGRO,0
140061525,MECANISMO 1004mm.CAM.25_NEGRO,0
140061436,MECANISMO 944mm.CAM.36_NEGRO,0
140061425,MECANISMO 944mm.CAM.25_NEGRO,0
140061336,MECANISMO 884mm.CAM.36_NEGRO,0
140061325,MECANISMO 884mm.CAM.25_NEGRO,0
140061236,MECANISMO 824mm.CAM.36_NEGRO,0
140061225,MECANISMO 824mm.CAM.25_NEGRO,0
140061136,MECANISMO 764mm.CAM.36_NEGRO,0
140061125,MECANISMO 764mm.CAM.25_NEGRO,0
140061036,MECANISMO 704mm.CAM.36_NEGRO,0
140061025,MECANISMO 704mm.CAM.25_NEGRO,0
140060936,MECANISMO 644mm.CAM.36_NEGRO,0
140060925,MECANISMO 644mm.CAM.25_NEGRO,0
140060836,MECANISMO 584mm.CAM.36_NEGRO,0
140060825,MECANISMO 584mm.CAM.25_NEGRO,0
140060736,MECANISMO 524mm.CAM.36_NEGRO,0
140060725,MECANISMO 524mm.CAM.25_NEGRO,0
140060636,MECANISMO 464mm.CAM.36_NEGRO,0
140060625,MECANISMO 464mm.CAM.25_NEGRO,0
13008TD305S,TIRADOR TD-30/500 SENCILLO_INOX,0
13008TD305D,TIRADOR TD-30/500 DOBLE_INOX,0
13008TC38D,TIRADOR TC38/D 2000 2038_INOX,0
13000991852,MATRIZ COMPLETA SERIE EBRO,0
13000869150,BORRADOR LIMPIEZA ANODIZADO,0
13000650,TORNILLO ALLEN 6x50 INOX,0
13000645,TORNILLO ALLEN 6x45 INOX,0
13000640,TORNILLO ALLEN 6x40 INOX,0
13000630,TORNILLO ALLEN 6x30 INOX,0
13000625,TORNILLO ALLEN 6x25 INOX,0
1300050,ESCUADRA 50x18,6 PARA PO-50,0
130004219,MATRIZ M.PERIM.3 CA.CABALLERO,0
1300036,ESCUADRA 36x18,6 PARA PO-36,0
1300020,TOCHO MECANIZADO S/40x20 FOND.,0
1300006,ARANDELA M-6 INOX,0
1300002,SPRAY ESTANQUEIDAD PLASTIC,0
1300001,REFUERZO CARTABON PREM.OBRA,0
130,ACC.PERFILES DIVERSOS,0
12008F250,BISAGRA EUROPEA_INOX,0
12006F206,CREMONA EUROPEA APERT.EXT_NEGRO,0
120068389,BISAGRA 4000 3 T_NEGRO,0
120068286,JUEGO MANIVELAS 4000_NEGRO,0
120068285,CREMONA 4000 PRAC.ITALICA_NEGRO,0
120068283,CREMONA 4000 OSCILO_NEGRO,0
120068282,CREMONA PRESION ROD.INOX_NEGRO/COLOR,0
120068280,CREMONA PRACT.AP.EXT.4000_NEGRO,0
120066546,PERNIO K5 3 ALAS SIN MANO_NEGRO,0
12006625,BISAGRA 3 P.REFORZ.S/4000_NEGRO,0
12005F206,CREMONA EUROPEA APERT.EXT_BLANCO,0
120058379,BISAGRA 4000 3 T_BLANCO,0
120058275,CREMONA 4000 PRAC.ITALICA_BLANCO,0
120058273,CREMONA 4000 OSCILO_BLANCO,0
120058272,CREMONA PRESION ROD.INOX_BLANCO,0
120058270,CREMONA PRACT.AP.EXT.4000_BLANCO,0
120056546,PERNIO K5 3 ALAS SIN MANO_BLANCO,0
12005625,BISAGRA 3 P.REFORZ.S/4000_BLANCO,0
12000UGP-3716,UNION GRANDE CERRADA 40x20++,0
12000T9/3736,ESCUAD.TETON C�.CAMARA 36 INOX,0
12000T9/3731,ESCUAD.TETON C�.CAMARA 31 INOX,0
12000T9/3716,ESCUAD.TETON C�.CAMARA 16 INOX,0
12000T9/3714,ESCUAD.TETON C�.CAMARA 14 INOX,0
12000T8/3736,ESCUAD.TETON R�.CAMARA 36 INOX,0
12000T8/3731,ESCUAD.TETON R�.CAMARA 31 INOX,0
12000T8/3716,ESCUAD.TETON R�.CAMARA 16 INOX,0
12000T8/3714,ESCUAD.TETON R�.CAMARA 14 INOX,0,9
12000OM310.08,CILINDRO LATON.59,2x22,7x26,5++,0
12000F07,JUEGO FRESAS S/4000,0
120009999,MATRIZ DESAG�E S/4000 ELIPTICA,0
12000999,MATRIZ COMPLETA 4000 C/PULMON,0
1200099,MATRIZ MANUAL COMPLETA S/4000,0
12000880645,GRAPA PLASTICO PERF.100645,0
12000776130,KIT EUROPEO APERT.EXTERIOR,0
1200075,GRAPA SUJ.JUNQUILLO S/4000,0
120006M30018,CILINDRO M6 LEVA CORTA 40x40,0
120006M30007,CILINDRO M6 LEVA CORTA 30x30,0
120006M300.06,CILINDRO M6 28x34 NIQUELADO++,0
12000614171,SUPLEMENTO RULO NYLON 33x15x7,0
1200056,JGO.TAPONES ESTANQ.ELIPTICOS,0
1200055,JGO.TAPONES ESTANQUEIDAD,0
120005034,RODILLO GOMA S/4000 Y EU,0
120004670035,CERRAD.EMB.35mm.PIC+3PAL LAT,0
1200046700/35,CERRAD.EMB.35mm.PIC+3PAL LAT++,0
1200046700/30,CERRAD.EMB.30mm.PIC+3PAL LAT++,0
120004655035,CERRAD.35 3P ROD.REG+3PAL BASC,0
1200046550/35,CERRAD.35 3P ROD.REG+3PAL BASC++,0
120004652535,CERRAD.EMB.35 PIC+3PAL LAT.CRU,0
120004652530,CERRAD.3PTOS+3PAL BASCULANT.EU,0
1200046525/35,CERRAD.EMB.35 PIC+3PAL LAT.CRU++,0
1200046525/30,CERRAD.3PTOS+3PAL BASCULANT.EU++,0
120004645035,CERR.EMB.35RUL+3PAL LAT,0
120004645030,CERRADURA 3 PUNTOS 30mm,0
120004645025,CERRADURA 3 PUNTOS,0
1200046450/35,CERR.EMB.35RUL+3PAL LAT++,0
1200046450/30,CERRADURA 3 PUNTOS 30++,0
1200046450/25,CERRADURA 3 PUNTOS++,0
120004642535,CERR.EMB.35PIC+3PAL LAT+DOT ST,0
120004642530,CERRADURA 3 PTOS.30mm.S/4000,0
1200046425/35,CERR.EMB.35PIC+3PAL LAT+DOT ST++,0
1200046425/30,CERRADURA 3 PTOS.30mm.S/4000++,0
120004623035,CERRADURA EMB.35mm.RULO+PAL,0
120004623030,CERRAD.EMB.30 C/BOMBIN 4000-EU,0
1200046230/35,CERRADURA EMB.35mm.RULO+PAL++,0
1200046230/30,CERRAD.EMB.30 C/BOMBIN 4000-EU++,0
120004621535,CERRADURA EMB.35mm.S/4000,0
120004621530,CERRADURA EMB.30mm.S/4000-EU,0
120004621525,CERRADURA EMB.25mm.S/4000,0
1200046215/35,CERRADURA EMB.35mm.S/4000++,0
1200046215/30,CERRADURA EMB.30mm.S/4000-EU++,0
1200046215/25,CERRADURA EMB.25mm.S/4000++,0
120004511050,CERRADURA EMB.GANCHO 50mm,0
120004462035,CERRADURA EMB.35mm.PIC+PAL,0
120004462030,CERRADURA EMB.30mm.S/4000,0
1200044620/35,CERRADURA EMB.35mm.PIC+PAL++,0
1200044620/30,CERRADURA EMB.30mm.S/4000++,0
120004461035,CERR.EMB.PIC CIL 08010.06.0.12,0
1200044610/35,CERR.EMB.PIC CIL 08010.06.0.12++,0
12000407,ESCUADRA PUERTA MONT.S/4000,0
12000403,ESCUADRA VENTANA MONT.S/4000,0,61
1200038I,ESCUADRA ALINEACION 5mm.INOX,0
12000251,JUNTA MARCOS,T Y HOJAS,0
120001837C,TOPE UNION CERRADO EUR.40x40,0
120001837,TOPE UNION ABIERTO EUR.40x40++,0
120001831C,TOPE UNION CERRADO EUR.18x31,0
120001831,TOPE UNION ABIERTO EUR.18x31,0
120001815C,TOPE UNION CERRADO EUR.40x20,0
120001815,TOPE UNION ABIERTO EUR.40x20++,0
1200018,JGO.PASADORES OSC.HOJA PASIVA,0
1200016625/30,ELEC.EMB.MULTIPUN.30 PIC+3PAL++,0
120001660025,ELEC.EMB.25 PIC+3PAL LAT.,0
1200016600/30,ELEC.EMB.MP 30mm.PIC+3PAL LAT++,0
1200016600/25,ELEC.EMB.25 PIC+3PAL LAT++,0
120001652535,CERR.3P ELEC.PICAP+3PAL BASCUL,0
120001652530,CERR.3P ELEC.PICAP+3PAL BASCUL,0
1200016525/35,CERR.3P ELEC.PICAP+3PAL BASCUL++,0
1200016525/30,CERR.3P ELEC.PICAP+3PAL BASCUL++,0
120001642535,ELEC.EMB.35 3P PIC+3PAL BASCUL,0
120001642530,ELEC.EMB.30 PIC+3PAL LAT.FRENT,0
1200016425/35,ELEC.EMB.35 3P PIC+3PAL BASCUL++,0
1200016425/30,ELEC.EMB.30 PIC+3PAL LAT.FRENT++,0
120001621535,ELEC.EMB.35 PIC+PAL 08310.06,0
120001621530,ELEC.EMB.30 PIC+PAL 08310.06,0
1200016215/35,ELEC.EMB.35 PIC+PAL 08310.06++,0
1200016215/30,ELEC.EMB.30 PIC+PAL 08310.06++,0
1200010,CALZO VIDRIO,0
120000G30007,CILINDRO C2000 30x30 NIQUELADO,0
1200006511,JUEGO CONTACTOS ELEC.NYLON,0
1200006510,JUEGO CONTACTOS ELEC.,0
120000646522,CERRADERO CE REGULABLE BARNIZ 46210,0
120000646508,CERRADERO ZAMAK 146x25x10,5,0
120000646502,CERRADERO ZAMAK AUT.97,5x21,0
1200006465.08,CERRADERO ZAMAK 146x25x10,5++,0
1200006465.02,CERRADERO ZAMAK AUT.97,5x21++,0
120000646322,CERRADERO CE REGULABLE BARNIZ 16205,0
120000646308,CERRADERO ZAMAK 213,5x21x6++,0
120000646304,CERRADERO ZAMAK CM 230x30x8,0
1200006463.08,CERRADERO ZAMAK 213,5x21x6++,0
1200006463.04,CERRADERO ZAMAK CM 230x30x8++,0
1200006110,BOTON PULSADOR NYLON CERR.ELEC,0
120000603.05,CERRADERO ABIERTO 44-6 ACOND.,0
12000018,KIT CREMONA 4000 PRACT.2 HOJAS,0
12000003,KIT CREMONA 4000 PRACT.1 HOJA,0
120,ACC.SERIE 4000,0
1101963,SOLAPE CURVO 40mm_I245,0
110194093,JUNQUILLO CURVO 14mm_I245++,0
110194065,SOLAPE 85mm.4000_I245,0
110194013,MARCO PUERTA 4000_I245++,0
110194010,INVERSOR CENTRAL 4000_I245++,0
110194007,HOJA PUERTA APERT.EXT.4000_I245++,0
110194006,HOJA PUERTA 4000_I245++,0
110194005,HOJA VENTANA 4000_I245++,0
110194004,TRAVESA�O PUERTA 4000_I245++,0
110194003,ZOCALO MARCO 4000_I245,0
110194002,TRAVESA�O VENTANA 4000_I245++,0
110194000,MARCO VENTANA 4000_I245++,0
1101923,JUNQUILLO 14mm.EU/4000_I245++,0
1101922,JUNQUILLO 18mm.EU/4000_I245++,0
1101921,JUNQUILLO 22mm.EU/4000_I245++,0
1101920,JUNQUILLO 26mm.EU/4000_I245,0
11018FM45,FORRAM.45 CLIP DISE�O ABIS_LMCC++,0
110184093,JUNQUILLO CURVO 14mm_LMCC++,0
110184023,HOJA VENTANA S/JUNQ.4000_LMCC++,0
110184016,HOJA PUERTA S/JUNQ.4000_LMCC++,0
110184015,MARCO C/SOLAPE 4000_LMCC++,0
110184013,MARCO PUERTA 4000_LMCC++,0
110184012,SEPAR.CRISTAL CLIM.4000_LMCC++,0
110184010,INVERSOR CENTRAL 4000_LMCC++,0
110184007,HOJA PUERTA APERT.EXT.4000_LMCC++,0
110184006,HOJA PUERTA 4000_LMCC++,0
110184005,HOJA VENTANA 4000_LMCC++,0
110184004,TRAVESA�O PUERTA 4000_LMCC++,0
110184003,ZOCALO MARCO 4000_LMCC++,0
110184002,TRAVESA�O VENTANA 4000_LMCC++,0
110184000,MARCO VENTANA 4000_LMCC++,0
1101823,JUNQUILLO 14mm.EU/4000_LMCC++,0
1101822,JUNQUILLO 18mm.EU/4000_LMCC++,0
1101821,JUNQUILLO 22mm.EU/4000_LMCC++,0
1101820,JUNQUILLO 26mm.EU/4000_LMCC++,0
11017FM85,FORRAM.85 CLIP DISE�O ABIS_LMV,0
11017FM45,FORRAM.45 CLIP DISE�O ABIS_LMV,0
1101763,SOLAPE CURVO 40mm_LMV,0
110174093,JUNQUILLO CURVO 14mm_LMV++,0
110174092,JUNQUILLO CURVO 18mm_LMV++,0
110174090,JUNQUILLO CURVO 26mm_LMV++,0
110174065,SOLAPE 85mm.4000_LMV,0
110174023,HOJA VENTANA S/JUNQ.4000_LMV++,0
110174016,HOJA PUERTA S/JUNQ.4000_LMV,0
110174015,MARCO C/SOLAPE 4000_LMV,0
110174013,MARCO PUERTA 4000_LMV++,0
110174010,INVERSOR CENTRAL 4000_LMV++,0
110174007,HOJA PUERTA APERT.EXT.4000_LMV++,0
110174006,HOJA PUERTA 4000_LMV++,0
110174005,HOJA VENTANA 4000_LMV++,0
110174004,TRAVESA�O PUERTA 4000_LMV++,0
110174003,ZOCALO MARCO 4000_LMV,0
110174002,TRAVESA�O VENTANA 4000_LMV++,0
110174000,MARCO VENTANA 4000_LMV++,0
1101726,VIERTEAGUAS EU/4000_LMV,0
1101724,JUNQUILLO 10mm.EU/4000_LMV++,0
1101723,JUNQUILLO 14mm.EU/4000_LMV++,0
1101722,JUNQUILLO 18mm.EU/4000_LMV++,0
1101721,JUNQUILLO 22mm.EU/4000_LMV++,0
1101720,JUNQUILLO 26mm.EU/4000_LMV,0
11016FM85,FORRAM.85 CLIP DISE�O ABIS_LMN,0
11016FM45,FORRAM.45 CLIP DISE�O ABIS_LMN,0
1101663,SOLAPE CURVO 40mm_LMN,0
110164023,HOJA VENTANA S/JUNQ.4000_LMN++,0
110164016,HOJA PUERTA S/JUNQ.4000_LMN,0
110164015,MARCO C/SOLAPE 4000_LMN,0
110164013,MARCO PUERTA 4000_LMN++,0
110164010,INVERSOR CENTRAL 4000_LMN++,0
110164007,HOJA PUERTA APERT.EXT.4000_LMN++,0
110164006,HOJA PUERTA 4000_LMN++,0
110164005,HOJA VENTANA 4000_LMN++,0
110164004,TRAVESA�O PUERTA 4000_LMN++,0
110164002,TRAVESA�O VENTANA 4000_LMN++,0
110164000,MARCO VENTANA 4000_LMN++,0
1101623,JUNQUILLO 14mm.EU/4000_LMN++,0
1101622,JUNQUILLO 18mm.EU/4000_LMN++,0
1101621,JUNQUILLO 22mm.EU/4000_LMN++,0
1101620,JUNQUILLO 26mm.EU/4000_LMN,0
11015FM85,FORRAM.85 CLIP DISE�O ABIS_LMC,0
11015FM45,FORRAM.45 CLIP DISE�O ABIS_LMC,0
1101563,SOLAPE CURVO 40mm_LMC,0
110154119,COMODIN ALA_LMC,0
110154093,JUNQUILLO CURVO 14mm_LMC++,0
110154092,JUNQUILLO CURVO 18mm_LMC++,0
110154090,JUNQUILLO CURVO 26mm_LMC++,0
110154065,SOLAPE 85mm.4000_LMC,0
110154062,UNION BANDERA 4000/BL/AJ_LMC,0
110154034,PLETINA CREMONA 4000_LMC,0
110154023,HOJA VENTANA S/JUNQ.4000_LMC++,0
110154016,HOJA PUERTA S/JUNQ.4000_LMC,0
110154015,MARCO C/SOLAPE 4000_LMC,0
110154013,MARCO PUERTA 4000_LMC++,0
110154012,SEPAR.CRISTAL CLIM.4000_LMC,0
110154010,INVERSOR CENTRAL 4000_LMC++,0
110154009,SUPLEMENTO ZOCALO 4000_LMC++,0
110154007,HOJA PUERTA APERT.EXT.4000_LMC++,0
920009811410,MARCO VENTANA V98RT45_CSA,0
920009813220,HOJA PUERTA V98RT45_CSA,0
110154004,TRAVESA�O PUERTA 4000_LMC++,0
110154003,ZOCALO MARCO 4000_LMC,0
110154002,TRAVESA�O VENTANA 4000_LMC++,0
110154001,HOJA LISA VENTANA 4000_LMC++,0
110154000,MARCO VENTANA 4000_LMC++,0
1101526,VIERTEAGUAS EU/4000_LMC,0
1101524,JUNQUILLO 10mm.EU/4000_LMC++,0
1101523,JUNQUILLO 14mm.EU/4000_LMC++,0
1101522,JUNQUILLO 18mm.EU/4000_LMC++,0
1101521,JUNQUILLO 22mm.EU/4000_LMC++,0
920,ABISAGRADO V-98 RT45,0
11014FM85,FORRAM.85 CLIP DISE�O ABIS_LMP,0
11014FM45,FORRAM.45 CLIP DISE�O ABIS_LMP,0
1101463,SOLAPE CURVO 40mm_LMP,0
110144119,COMODIN ALA_LMP,0
110144093,JUNQUILLO CURVO 14mm_LMP++,0
110144092,JUNQUILLO CURVO 18mm_LMP++,0
110144090,JUNQUILLO CURVO 26mm_LMP++,0
110144065,SOLAPE 85mm.4000_LMP,0
110144062,UNION BANDERA 4000/BL/AJ_LMP,0
110144034,PLETINA CREMONA 4000_LMP,0
110144023,HOJA VENTANA S/JUNQ.4000_LMP++,0
280009433,GRAPA JUNQUILLO CURVO REDONDA V94,0,13
110144015,MARCO C/SOLAPE 4000_LMP,0
110144013,MARCO PUERTA 4000_LMP++,0
110144012,SEPAR.CRISTAL CLIM.4000_LMP,0
110144010,INVERSOR CENTRAL 4000_LMP++,0
110144009,SUPLEMENTO ZOCALO 4000_LMP++,0
110144007,HOJA PUERTA APERT.EXT.4000_LMP++,0
920009811420,HOJA VENTANA V98RT45_CSA,0
110144005,HOJA VENTANA 4000_LMP++,0
110144004,TRAVESA�O PUERTA 4000_LMP++,0
110144003,ZOCALO MARCO 4000_LMP,0
110144002,TRAVESA�O VENTANA 4000_LMP++,0
110144001,HOJA LISA VENTANA 4000_LMP++,0
110144000,MARCO VENTANA 4000_LMP++,0
1101426,VIERTEAGUAS EU/4000_LMP,0
1101424,JUNQUILLO 10mm.EU/4000_LMP++,0
1101423,JUNQUILLO 14mm.EU/4000_LMP++,0
1101422,JUNQUILLO 18mm.EU/4000_LMP++,0
1101421,JUNQUILLO 22mm.EU/4000_LMP++,0
920009813210,MARCO PUERTA V98RT45_CSA,0
11013FM45,FORRAM.45 CLIP DISE�O ABIS_LBP,0
110134023,HOJA VENTANA S/JUNQ.4000_LBP++,0
110134013,MARCO PUERTA 4000_LBP++,0
110134010,INVERSOR CENTRAL 4000_LBP++,0
110134006,HOJA PUERTA 4000_LBP++,0
110134005,HOJA VENTANA 4000_LBP++,0
110134004,TRAVESA�O PUERTA 4000_LBP++,0
110134002,TRAVESA�O VENTANA 4000_LBP++,0
110134000,MARCO VENTANA 4000_LBP++,0
1101326,VIERTEAGUAS EU/4000_LBP,0
1101324,JUNQUILLO 10mm.EU/4000_LBP++,0
1101323,JUNQUILLO 14mm.EU/4000_LBP++,0
1101321,JUNQUILLO 22mm.EU/4000_LBP++,0
11012FM85,FORRAM.85 CLIP DISE�O ABIS_LC4,0
11012FM45,FORRAM.45 CLIP DISE�O ABIS_LC4,0
1101263,SOLAPE CURVO 40mm_LC4,0
110124119,COMODIN ALA_LC4,0
110124093,JUNQUILLO CURVO 14mm_LC4++,0
110124092,JUNQUILLO CURVO 18mm_LC4++,0
110124090,JUNQUILLO CURVO 26mm_LC4++,0
110124065,SOLAPE 85mm.4000_LC4,0
110124062,UNION BANDERA 4000/BL/AJ_LC4,0
110124046,SOLAPE RECTO 43mm_LC4++,0
110124023,HOJA VENTANA S/JUNQ.4000_LC4++,0
110124016,HOJA PUERTA S/JUNQ.4000_LC4,0
110124015,MARCO C/SOLAPE 4000_LC4,0
110124013,MARCO PUERTA 4000_LC4++,0
110124012,SEPAR.CRISTAL CLIM.4000_LC4,0
73006160817,ZOCALO CENTRAL 151mm.CS-59_LC1,0
110124010,INVERSOR CENTRAL 4000_LC4++,0
110124009,SUPLEMENTO ZOCALO 4000_LC4++,0
110124007,HOJA PUERTA APERT.EXT.4000_LC4++,0
110124006,HOJA PUERTA 4000_LC4++,0
110124005,HOJA VENTANA 4000_LC4++,0
110124004,TRAVESA�O PUERTA 4000_LC4++,0
110124003,ZOCALO MARCO 4000_LC4,0
110124002,TRAVESA�O VENTANA 4000_LC4++,0
110124001,HOJA LISA VENTANA 4000_LC4++,0
110124000,MARCO VENTANA 4000_LC4++,0
1101226,VIERTEAGUAS EU/4000_LC4,0
1101225,JUNQUILLO 3mm.EU/4000_LC4++,0
1101224,JUNQUILLO 10mm.EU/4000_LC4++,0
1101223,JUNQUILLO 14mm.EU/4000_LC4++,0
1101222,JUNQUILLO 18mm.EU/4000_LC4++,0
1101221,JUNQUILLO 22mm.EU/4000_LC4++,0
1101220,JUNQUILLO 26mm.EU/4000_LC4,0
11011FM85,FORRAM.85 CLIP DISE�O ABIS_LC3,0
11011FM45,FORRAM.45 CLIP DISE�O ABIS_LC3,0
1101163,SOLAPE CURVO 40mm_LC3,0
110114119,COMODIN ALA_LC3,0
110114093,JUNQUILLO CURVO 14mm_LC3++,0
110114092,JUNQUILLO CURVO 18mm_LC3++,0
110114090,JUNQUILLO CURVO 26mm_LC3++,0
110114065,SOLAPE 85mm.4000_LC3,0
110114062,UNION BANDERA 4000/BL/AJ_LC3,0
110114023,HOJA VENTANA S/JUNQ.4000_LC3++,0
110114016,HOJA PUERTA S/JUNQ.4000_LC3,0
110114015,MARCO C/SOLAPE 4000_LC3,0
110114013,MARCO PUERTA 4000_LC3++,0
110114012,SEPAR.CRISTAL CLIM.4000_LC3,0
73006051034,REMATE BAJO PTA.CS-59_LC1,0
110114010,INVERSOR CENTRAL 4000_LC3++,0
110114009,SUPLEMENTO ZOCALO 4000_LC3++,0
110114007,HOJA PUERTA APERT.EXT.4000_LC3++,0
110114006,HOJA PUERTA 4000_LC3++,0
110114005,HOJA VENTANA 4000_LC3++,0
110114004,TRAVESA�O PUERTA 4000_LC3++,0
110114003,ZOCALO MARCO 4000_LC3,0
110114002,TRAVESA�O VENTANA 4000_LC3++,0
110114001,HOJA LISA VENTANA 4000_LC3++,0
110114000,MARCO VENTANA 4000_LC3++,0
1101126,VIERTEAGUAS EU/4000_LC3,0
1101125,JUNQUILLO 3mm.EU/4000_LC3++,0
1101124,JUNQUILLO 10mm.EU/4000_LC3++,0
1101123,JUNQUILLO 14mm.EU/4000_LC3++,0
1101122,JUNQUILLO 18mm.EU/4000_LC3++,0
1101121,JUNQUILLO 22mm.EU/4000_LC3++,0
1101120,JUNQUILLO 26mm.EU/4000_LC3,0
11010FM85,FORRAM.85 CLIP DISE�O ABIS_LC2,0
11010FM45,FORRAM.45 CLIP DISE�O ABIS_LC2,0
1101063,SOLAPE CURVO 40mm_LC2,0
110104119,COMODIN ALA_LC2,0
110104093,JUNQUILLO CURVO 14mm_LC2++,0
110104092,JUNQUILLO CURVO 18mm_LC2++,0
110104090,JUNQUILLO CURVO 26mm_LC2++,0
110104065,SOLAPE 85mm.4000_LC2,0
110104062,UNION BANDERA 4000/BL/AJ_LC2,0
110104034,PLETINA CREMONA 4000_LC2,0
110104023,HOJA VENTANA S/JUNQ.4000_LC2++,0
110104016,HOJA PUERTA S/JUNQ.4000_LC2,0
110104015,MARCO C/SOLAPE 4000_LC2,0
110104013,MARCO PUERTA 4000_LC2++,0
110104012,SEPAR.CRISTAL CLIM.4000_LC2,0
61006303614,JUNQUILLO CS 32,2mm_LC1,0
110104010,INVERSOR CENTRAL 4000_LC2++,0
110104009,SUPLEMENTO ZOCALO 4000_LC2++,0
110104007,HOJA PUERTA APERT.EXT.4000_LC2++,0
110104006,HOJA PUERTA 4000_LC2++,0
110104005,HOJA VENTANA 4000_LC2++,0
110104004,TRAVESA�O PUERTA 4000_LC2++,0
110104003,ZOCALO MARCO 4000_LC2,0
110104002,TRAVESA�O VENTANA 4000_LC2++,0
110104001,HOJA LISA VENTANA 4000_LC2++,0
110104000,MARCO VENTANA 4000_LC2++,0
1101026,VIERTEAGUAS EU/4000_LC2,0
1101025,JUNQUILLO 3mm.EU/4000_LC2++,0
1101024,JUNQUILLO 10mm.EU/4000_LC2++,0
1101023,JUNQUILLO 14mm.EU/4000_LC2++,0
1101022,JUNQUILLO 18mm.EU/4000_LC2++,0
1101021,JUNQUILLO 22mm.EU/4000_LC2++,0
1101020,JUNQUILLO 26mm.EU/4000_LC2,0
11009FM45,FORRAM.45 CLIP DISE�O ABIS_AOC,0
1100963,SOLAPE CURVO 40mm_AOC,0
110094093,JUNQUILLO CURVO 14mm_AOC++,0
110094046,SOLAPE RECTO 43mm_AOC++,0
110094034,PLETINA CREMONA 4000_AOC,2,17
110094023,HOJA VENTANA S/JUNQ.4000_AOC++,0
110094016,HOJA PUERTA S/JUNQ.4000_AOC,0
110094015,MARCO C/SOLAPE 4000_AOC,0
110094013,MARCO PUERTA 4000_AOC++,0
110094010,INVERSOR CENTRAL 4000_AOC++,0
110094007,HOJA PUERTA APERT.EXT.4000_AOC++,0
110094006,HOJA PUERTA 4000_AOC++,0
110094005,HOJA VENTANA 4000_AOC++,0
110094004,TRAVESA�O PUERTA 4000_AOC++,0
110094003,ZOCALO MARCO 4000_AOC,0
110094002,TRAVESA�O VENTANA 4000_AOC++,0
110094000,MARCO VENTANA 4000_AOC++,0
1100924,JUNQUILLO 10mm.EU/4000_AOC++,0
1100923,JUNQUILLO 14mm.EU/4000_AOC++,0
1100922,JUNQUILLO 18mm.EU/4000_AOC++,0
1100921,JUNQUILLO 22mm.EU/4000_AOC++,0
1100920,JUNQUILLO 26mm.EU/4000_AOC,0
11008FM85,FORRAM.85 CLIP DISE�O ABIS_INOX,0
11008FM45,FORRAM.45 CLIP DISE�O ABIS_INOX,0
1100863,SOLAPE CURVO 40mm_INOX,0
110084119,COMODIN ALA_INOX,0
110084093,JUNQUILLO CURVO 14mm_INOX++,0
110084092,JUNQUILLO CURVO 18mm_INOX++,0
110084090,JUNQUILLO CURVO 26mm_INOX++,0
110084065,SOLAPE 85mm.4000_INOX,0
110084062,UNION BANDERA 4000/BL/AJ_INOX,0
110084034,PLETINA CREMONA 4000_INOX,0
110084023,HOJA VENTANA S/JUNQ.4000_INOX++,0
110084016,HOJA PUERTA S/JUNQ.4000_INOX,0
110084015,MARCO C/SOLAPE 4000_INOX,0
110084013,MARCO PUERTA 4000_INOX++,0
110084012,SEPAR.CRISTAL CLIM.4000_INOX,0
110084011,MARCO FIJO BANDERA_INOX++,0
110084010,INVERSOR CENTRAL 4000_INOX++,0
110084009,SUPLEMENTO ZOCALO 4000_INOX++,0
110084007,HOJA PUERTA APERT.EXT.4000_INOX++,0
110084006,HOJA PUERTA 4000_INOX++,0
110084005,HOJA VENTANA 4000_INOX++,0
110084004,TRAVESA�O PUERTA 4000_INOX++,0
110084003,ZOCALO MARCO 4000_INOX,0
110084002,TRAVESA�O VENTANA 4000_INOX++,0
110084001,HOJA LISA VENTANA 4000_INOX++,0
110084000,MARCO VENTANA 4000_INOX++,0
1100826,VIERTEAGUAS EU/4000_INOX,2,85
1100825,JUNQUILLO 3mm.EU/4000_INOX++,0
1100824,JUNQUILLO 10mm.EU/4000_INOX++,0
1100823,JUNQUILLO 14mm.EU/4000_INOX++,0
1100822,JUNQUILLO 18mm.EU/4000_INOX++,0
1100821,JUNQUILLO 22mm.EU/4000_INOX++,0
1100820,JUNQUILLO 26mm.EU/4000_INOX,0
11007FM85,FORRAM.85 CLIP DISE�O ABIS_LMD,0
11007FM45,FORRAM.45 CLIP DISE�O ABIS_LMD,0
1100763,SOLAPE CURVO 40mm_LMD,0
110074119,COMODIN ALA_LMD,0
110074093,JUNQUILLO CURVO 14mm_LMD++,0
110074092,JUNQUILLO CURVO 18mm_LMD++,0
110074090,JUNQUILLO CURVO 26mm_LMD++,0
110074065,SOLAPE 85mm.4000_LMD,0
110074062,UNION BANDERA 4000/BL/AJ_LMD,0
110074034,PLETINA CREMONA 4000_LMD,0
110074023,HOJA VENTANA S/JUNQ.4000_LMD++,0
110074016,HOJA PUERTA S/JUNQ.4000_LMD,0
110074015,MARCO C/SOLAPE 4000_LMD,0
110074013,MARCO PUERTA 4000_LMD++,0
110074012,SEPAR.CRISTAL CLIM.4000_LMD,0
61019160636,MARCO 51mm.CS59_I245,0
110074010,INVERSOR CENTRAL 4000_LMD++,0
110074009,SUPLEMENTO ZOCALO 4000_LMD++,0
110074007,HOJA PUERTA APERT.EXT.4000_LMD++,0
110074006,HOJA PUERTA 4000_LMD++,0
110074005,HOJA VENTANA 4000_LMD++,0
110074004,TRAVESA�O PUERTA 4000_LMD++,0
110074003,ZOCALO MARCO 4000_LMD,0
110074002,TRAVESA�O VENTANA 4000_LMD++,0
110074001,HOJA LISA VENTANA 4000_LMD++,0
110074000,MARCO VENTANA 4000_LMD++,0
1100726,VIERTEAGUAS EU/4000_LMD,2,93
1100725,JUNQUILLO 3mm.EU/4000_LMD++,0
1100724,JUNQUILLO 10mm.EU/4000_LMD++,0
1100723,JUNQUILLO 14mm.EU/4000_LMD++,0
1100722,JUNQUILLO 18mm.EU/4000_LMD++,0
1100721,JUNQUILLO 22mm.EU/4000_LMD++,0
1100720,JUNQUILLO 26mm.EU/4000_LMD,0
11006FM85,FORRAM.85 CLIP DISE�O ABIS_LC1,0
11006FM45,FORRAM.45 CLIP DISE�O ABIS_LC1,0
1100663,SOLAPE CURVO 40mm_LC1,0
110064119,COMODIN ALA_LC1,0
110064093,JUNQUILLO CURVO 14mm_LC1++,0
110064092,JUNQUILLO CURVO 18mm_LC1++,0
110064090,JUNQUILLO CURVO 26mm_LC1++,0
110064065,SOLAPE 85mm.4000_LC1,0
110064062,UNION BANDERA 4000/BL/AJ_LC1,0
110064023,HOJA VENTANA S/JUNQ.4000_LC1++,0
110064016,HOJA PUERTA S/JUNQ.4000_LC1,0
110064015,MARCO C/SOLAPE 4000_LC1,0
110064013,MARCO PUERTA 4000_LC1++,0
110064012,SEPAR.CRISTAL CLIM.4000_LC1,0
61019303614,JUNQUILLO CS 32,2mm_I245,0
110064010,INVERSOR CENTRAL 4000_LC1++,0
110064009,SUPLEMENTO ZOCALO 4000_LC1++,0
110064007,HOJA PUERTA APERT.EXT.4000_LC1++,0
110064006,HOJA PUERTA 4000_LC1++,0
110064005,HOJA VENTANA 4000_LC1++,0
110064004,TRAVESA�O PUERTA 4000_LC1++,0
110064003,ZOCALO MARCO 4000_LC1,0
110064002,TRAVESA�O VENTANA 4000_LC1++,0
110064001,HOJA LISA VENTANA 4000_LC1++,0
110064000,MARCO VENTANA 4000_LC1++,0
1100626,VIERTEAGUAS EU/4000_LC1,2,41
1100625,JUNQUILLO 3mm.EU/4000_LC1++,0
1100624,JUNQUILLO 10mm.EU/4000_LC1++,0
1100623,JUNQUILLO 14mm.EU/4000_LC1++,0
1100622,JUNQUILLO 18mm.EU/4000_LC1++,0
1100621,JUNQUILLO 22mm.EU/4000_LC1++,0
1100620,JUNQUILLO 26mm.EU/4000_LC1,0
11005FM85,FORRAM.85 CLIP DISE�O ABIS_LBN,0
11005FM45,FORRAM.45 CLIP DISE�O ABIS_LBN,0
1100563,SOLAPE CURVO 40mm_LBN,0
110054119,COMODIN ALA_LBN,0
110054093,JUNQUILLO CURVO 14mm_LBN++,0
110054092,JUNQUILLO CURVO 18mm_LBN++,0
110054090,JUNQUILLO CURVO 26mm_LBN++,0
110054065,SOLAPE 85mm.4000_LBN,0
110054062,UNION BANDERA 4000/BL/AJ_LBN,0
110054034,PLETINA CREMONA 4000_LBN,0
110054023,HOJA VENTANA S/JUNQ.4000_LBN++,0
110054016,HOJA PUERTA S/JUNQ.4000_LBN,0
110054015,MARCO C/SOLAPE 4000_LBN,0
110054013,MARCO PUERTA 4000_LBN++,0
110054012,SEPAR.CRISTAL CLIM.4000_LBN,0
73019160614,HOJA APER.EXT.98mm.CS-59_I245,0
110054010,INVERSOR CENTRAL 4000_LBN++,0
110054009,SUPLEMENTO ZOCALO 4000_LBN++,0
110054007,HOJA PUERTA APERT.EXT.4000_LBN++,0
110054006,HOJA PUERTA 4000_LBN++,0
110054005,HOJA VENTANA 4000_LBN++,0
110054004,TRAVESA�O PUERTA 4000_LBN++,0
110054003,ZOCALO MARCO 4000_LBN,0
110054002,TRAVESA�O VENTANA 4000_LBN++,0
110054001,HOJA LISA VENTANA 4000_LBN++,0
110054000,MARCO VENTANA 4000_LBN++,0
1100526,VIERTEAGUAS EU/4000_LBN,2,27
1100525,JUNQUILLO 3mm.EU/4000_LBN++,0
1100524,JUNQUILLO 10mm.EU/4000_LBN++,0
1100523,JUNQUILLO 14mm.EU/4000_LBN++,0
1100522,JUNQUILLO 18mm.EU/4000_LBN++,0
1100521,JUNQUILLO 22mm.EU/4000_LBN++,0
1100520,JUNQUILLO 26mm.EU/4000_LBN,0
11004FM85,FORRAM.85 CLIP DISE�O ABIS_BEB,0
11004FM45,FORRAM.45 CLIP DISE�O ABIS_BEB,0
1100463,SOLAPE CURVO 40mm_BEB,0
110044119,COMODIN ALA_BEB,0
110044093,JUNQUILLO CURVO 14mm_BEB++,0
110044092,JUNQUILLO CURVO 18mm_BEB++,0
110044090,JUNQUILLO CURVO 26mm_BEB++,0
110044065,SOLAPE 85mm.4000_BEB,0
110044062,UNION BANDERA 4000/BL/AJ_BEB,0
110044023,HOJA VENTANA S/JUNQ.4000_BEB++,0
110044016,HOJA PUERTA S/JUNQ.4000_BEB,0
110044015,MARCO C/SOLAPE 4000_BEB,0
110044013,MARCO PUERTA 4000_BEB++,0
110044012,SEPAR.CRISTAL CLIM.4000_BEB,0
110044011,MARCO FIJO BANDERA_BEB++,0
110044010,INVERSOR CENTRAL 4000_BEB++,0
110044009,SUPLEMENTO ZOCALO 4000_BEB++,0
110044007,HOJA PUERTA APERT.EXT.4000_BEB++,0
110044006,HOJA PUERTA 4000_BEB++,0
110044005,HOJA VENTANA 4000_BEB++,0
110044004,TRAVESA�O PUERTA 4000_BEB++,0
110044003,ZOCALO MARCO 4000_BEB,0
110044002,TRAVESA�O VENTANA 4000_BEB++,0
110044001,HOJA LISA VENTANA 4000_BEB++,0
110044000,MARCO VENTANA 4000_BEB++,0
1100426,VIERTEAGUAS EU/4000_BEB,2,7
1100425,JUNQUILLO 3mm.EU/4000_BEB++,0
1100424,JUNQUILLO 10mm.EU/4000_BEB++,0
1100423,JUNQUILLO 14mm.EU/4000_BEB++,0
1100422,JUNQUILLO 18mm.EU/4000_BEB++,0
1100421,JUNQUILLO 22mm.EU/4000_BEB++,0
1100420,JUNQUILLO 26mm.EU/4000_BEB,0
1100363,SOLAPE CURVO 40mm_OEB,0
110034119,COMODIN ALA_OEB,0
110034093,JUNQUILLO CURVO 14mm_OEB++,0
110034062,UNION BANDERA 4000/BL/AJ_OEB,0
110034023,HOJA VENTANA S/JUNQ.4000_OEB++,0
110034016,HOJA PUERTA S/JUNQ.4000_OEB,0
110034015,MARCO C/SOLAPE 4000_OEB,0
110034013,MARCO PUERTA 4000_OEB++,0
110034012,SEPAR.CRISTAL CLIM.4000_OEB,0
110034010,INVERSOR CENTRAL 4000_OEB++,0
110034007,HOJA PUERTA APERT.EXT.4000_OEB++,0
110034006,HOJA PUERTA 4000_OEB++,0
110034005,HOJA VENTANA 4000_OEB++,0
110034004,TRAVESA�O PUERTA 4000_OEB++,0
110034002,TRAVESA�O VENTANA 4000_OEB++,0
110034001,HOJA LISA VENTANA 4000_OEB++,0
110034000,MARCO VENTANA 4000_OEB++,0
1100326,VIERTEAGUAS EU/4000_OEB,0
1100323,JUNQUILLO 14mm.EU/4000_OEB++,0
1100322,JUNQUILLO 18mm.EU/4000_OEB++,0
1100321,JUNQUILLO 22mm.EU/4000_OEB++,0
1100320,JUNQUILLO 26mm.EU/4000_OEB,0
11002FM85,FORRAM.85 CLIP DISE�O ABIS_PEB,0
11002FM45,FORRAM.45 CLIP DISE�O ABIS_PEB,0
1100263,SOLAPE CURVO 40mm_PEB,0
110024119,COMODIN ALA_PEB,0
110024093,JUNQUILLO CURVO 14mm_PEB++,0
110024092,JUNQUILLO CURVO 18mm_PEB++,0
110024090,JUNQUILLO CURVO 26mm_PEB++,0
110024065,SOLAPE 85mm.4000_PEB,0
110024062,UNION BANDERA 4000/BL/AJ_PEB,0
110024034,PLETINA CREMONA 4000_PEB,0
110024023,HOJA VENTANA S/JUNQ.4000_PEB++,0
110024016,HOJA PUERTA S/JUNQ.4000_PEB,0
110024015,MARCO C/SOLAPE 4000_PEB,0
110024013,MARCO PUERTA 4000_PEB++,0
110024012,SEPAR.CRISTAL CLIM.4000_PEB,0
110024011,MARCO FIJO BANDERA_PEB++,0
110024010,INVERSOR CENTRAL 4000_PEB++,0
110024009,SUPLEMENTO ZOCALO 4000_PEB++,0
110024007,HOJA PUERTA APERT.EXT.4000_PEB++,0
110024006,HOJA PUERTA 4000_PEB++,0
110024005,HOJA VENTANA 4000_PEB++,0
110024004,TRAVESA�O PUERTA 4000_PEB++,0
110024003,ZOCALO MARCO 4000_PEB,0
110024002,TRAVESA�O VENTANA 4000_PEB++,0
110024001,HOJA LISA VENTANA 4000_PEB++,0
110024000,MARCO VENTANA 4000_PEB++,0
1100226,VIERTEAGUAS EU/4000_PEB,2,53
1100225,JUNQUILLO 3mm.EU/4000_PEB++,0
1100224,JUNQUILLO 10mm.EU/4000_PEB++,0
1100223,JUNQUILLO 14mm.EU/4000_PEB++,0
1100222,JUNQUILLO 18mm.EU/4000_PEB++,0
1100221,JUNQUILLO 22mm.EU/4000_PEB++,0
1100220,JUNQUILLO 26mm.EU/4000_PEB,0
11001FM85,FORRAM.85 CLIP DISE�O ABIS_PMD,0
11001FM45,FORRAM.45 CLIP DISE�O ABIS_PMD,0
1100163,SOLAPE CURVO 40mm_PMD,0
110014119,COMODIN ALA_PMD,0
110014093,JUNQUILLO CURVO 14mm_PMD++,0
110014092,JUNQUILLO CURVO 18mm_PMD++,0
110014090,JUNQUILLO CURVO 26mm_PMD++,0
110014065,SOLAPE 85mm.4000_PMD,0
110014062,UNION BANDERA 4000/BL/AJ_PMD,0
110014034,PLETINA CREMONA 4000_PMD,1,97
110014023,HOJA VENTANA S/JUNQ.4000_PMD++,0
110014016,HOJA PUERTA S/JUNQ.4000_PMD,0
110014015,MARCO C/SOLAPE 4000_PMD,0
110014013,MARCO PUERTA 4000_PMD++,0
110014012,SEPAR.CRISTAL CLIM.4000_PMD,0
73019011649,ACOPLAMIENTO BAJO PTA.CS-59_I245,0
110014010,INVERSOR CENTRAL 4000_PMD++,0
110014009,SUPLEMENTO ZOCALO 4000_PMD++,0
110014007,HOJA PUERTA APERT.EXT.4000_PMD++,0
110014006,HOJA PUERTA 4000_PMD++,0
110014005,HOJA VENTANA 4000_PMD++,0
110014004,TRAVESA�O PUERTA 4000_PMD++,0
110014003,ZOCALO MARCO 4000_PMD,0
110014002,TRAVESA�O VENTANA 4000_PMD++,0
110014001,HOJA LISA VENTANA 4000_PMD++,0
110014000,MARCO VENTANA 4000_PMD++,0
1100126,VIERTEAGUAS EU/4000_PMD,2,33
1100125,JUNQUILLO 3mm.EU/4000_PMD++,0
1100124,JUNQUILLO 10mm.EU/4000_PMD++,0
1100123,JUNQUILLO 14mm.EU/4000_PMD++,0
1100122,JUNQUILLO 18mm.EU/4000_PMD++,0
1100121,JUNQUILLO 22mm.EU/4000_PMD++,0
1100120,JUNQUILLO 26mm.EU/4000_PMD,0
11000FM85,FORRAM.85 CLIP DISE�O ABIS_CSA,0
11000FM45,FORRAM.45 CLIP DISE�O ABIS_CSA,0
1100063,SOLAPE CURVO 40mm_CSA,0
110004119,COMODIN ALA_CSA,0
110004093,JUNQUILLO CURVO 14mm_CSA++,0
110004092,JUNQUILLO CURVO 18mm_CSA++,0
110004090,JUNQUILLO CURVO 26mm_CSA++,0
110004065,SOLAPE 85mm.4000_CSA,0
110004062,UNION BANDERA 4000/BL/AJ_CSA,0
110004046,SOLAPE RECTO 43mm_CSA++,0
110004034,PLETINA CREMONA 4000_CSA,0
110004023,HOJA VENTANA S/JUNQ.4000_CSA++,0
110004016,HOJA PUERTA S/JUNQ.4000_CSA,0
110004015,MARCO C/SOLAPE 4000_CSA,0
110004013,MARCO PUERTA 4000_CSA++,0
110004012,SEPAR.CRISTAL CLIM.4000_CSA,0
640083217,CIERRE SUPERCLAK_INOX,0
110004010,INVERSOR CENTRAL 4000_CSA++,0
110004009,SUPLEMENTO ZOCALO 4000_CSA++,0
110004007,HOJA PUERTA APERT.EXT.4000_CSA++,0
110004006,HOJA PUERTA 4000_CSA++,0
110004005,HOJA VENTANA 4000_CSA++,0
110004004,TRAVESA�O PUERTA 4000_CSA++,0
110004003,ZOCALO MARCO 4000_CSA,0
110004002,TRAVESA�O VENTANA 4000_CSA++,0
110004001,HOJA LISA VENTANA 4000_CSA++,0
110004000,MARCO VENTANA 4000_CSA++,0
1100026,VIERTEAGUAS EU/4000_CSA,3,36
1100025,JUNQUILLO 3mm.EU/4000_CSA++,0
1100024,JUNQUILLO 10mm.EU/4000_CSA++,0
1100023,JUNQUILLO 14mm.EU/4000_CSA++,0
1100022,JUNQUILLO 18mm.EU/4000_CSA++,0
1100021,JUNQUILLO 22mm.EU/4000_CSA++,0
1100020,JUNQUILLO 26mm.EU/4000_CSA,0
110,SERIE 4000,0
10006696743,DEFLECTOR SOFTLINE AV40_NEGRO,0
10005696743,DEFLECTOR SOFTLINE AV40_BLANCO,0
10000778022,JUNTA ESTANQ.CENTRAL AV40,0
10000778020,JUNTA ESTANQ.BASE RIGIDA AV40,0
10000776852,ESCUADRA MARCO 40x40 AV40,0
10000776840,ESCUAD.RAPIDA PER.151012 AV40,0
10000775984,JUEGO TAPAS CENTRAL AV40,0
10000696743,DEFLECTOR SOFTLINE AV40,0
100,ACC.SERIE AV-40 ELIPTICA,0
9019151136,MARCO ELIPTICO VTA.AV-40_I245++,0
9019151102,HOJA ELIPTICA VTA.AV-40_I245++,0
9017152055,HOJA ELIPTICA AP.EXT.AV-40_LMV++,0
9017151125,MARCO ELIPTICO PTA.AV-40_LMV++,0
9017151112,HOJA ELIPTICA PTA.AV-40_LMV++,0
9016151125,MARCO ELIPTICO PTA.AV-40_LMN++,0
9016151115,INVER.CENTRAL ELIP.AV-40_LMN++,0
9016151112,HOJA ELIPTICA PTA.AV-40_LMN++,0
9016151102,HOJA ELIPTICA VTA.AV-40_LMN++,0
9015152055,HOJA ELIPTICA AP.EXT.AV-40_LMC++,0
9015152054,HOJA P.REDON.AP.EXT.AV-40_LMC++,0
9015151136,MARCO ELIPTICO VTA.AV-40_LMC++,0
9015151125,MARCO ELIPTICO PTA.AV-40_LMC++,0
9015151115,INVER.CENTRAL ELIP.AV-40_LMC++,0
9015151112,HOJA ELIPTICA PTA.AV-40_LMC++,0
9015151102,HOJA ELIPTICA VTA.AV-40_LMC++,0
9015151001,INVERSOR PTA.AP.EXT.AV-40_LMC++,0
9014152055,HOJA ELIPTICA AP.EXT.AV-40_LMP++,0
9014152054,HOJA P.REDON.AP.EXT.AV-40_LMP++,0
9014151136,MARCO ELIPTICO VTA.AV-40_LMP++,0
9014151125,MARCO ELIPTICO PTA.AV-40_LMP++,0
9014151115,INVER.CENTRAL ELIP.AV-40_LMP++,0
9014151112,HOJA ELIPTICA PTA.AV-40_LMP++,0
9014151102,HOJA ELIPTICA VTA.AV-40_LMP++,0
9014151001,INVERSOR PTA.AP.EXT.AV-40_LMP++,0
9013151136,MARCO ELIPTICO VTA.AV-40_LBP++,0
9013151102,HOJA ELIPTICA VTA.AV-40_LBP++,0
9012151125,MARCO ELIPTICO PTA.AV-40_LC4++,0
9012151115,INVER.CENTRAL ELIP.AV-40_LC4++,0
9012151112,HOJA ELIPTICA PTA.AV-40_LC4++,0
9011152054,HOJA P.REDON.AP.EXT.AV-40_LC3++,0
9011151136,MARCO ELIPTICO VTA.AV-40_LC3++,0
9011151115,INVER.CENTRAL ELIP.AV-40_LC3++,0
9011151112,HOJA ELIPTICA PTA.AV-40_LC3++,0
9011151102,HOJA ELIPTICA VTA.AV-40_LC3++,0
9011151001,INVERSOR PTA.AP.EXT.AV-40_LC3++,0
9010151136,MARCO ELIPTICO VTA.AV-40_LC2++,0
9010151125,MARCO ELIPTICO PTA.AV-40_LC2++,0
9010151115,INVER.CENTRAL ELIP.AV-40_LC2++,0
9010151112,HOJA ELIPTICA PTA.AV-40_LC2++,0
9010151102,HOJA ELIPTICA VTA.AV-40_LC2++,0
9010151001,INVERSOR PTA.AP.EXT.AV-40_LC2++,0
9009152055,HOJA ELIPTICA AP.EXT.AV-40_AOC++,0
9009151136,MARCO ELIPTICO VTA.AV-40_AOC++,0
9009151125,MARCO ELIPTICO PTA.AV-40_AOC++,0
9009151115,INVER.CENTRAL ELIP.AV-40_AOC++,0
9009151112,HOJA ELIPTICA PTA.AV-40_AOC++,0
9009151102,HOJA ELIPTICA VTA.AV-40_AOC++,0
9009151001,INVERSOR PTA.AP.EXT.AV-40_AOC++,0
9008152055,HOJA ELIPTICA AP.EXT.AV-40_INOX++,0
9008152054,HOJA P.REDON.AP.EXT.AV-40_INOX++,0
9008151136,MARCO ELIPTICO VTA.AV-40_INOX++,0
9008151125,MARCO ELIPTICO PTA.AV-40_INOX++,0
9008151115,INVER.CENTRAL ELIP.AV-40_INOX++,0
9008151112,HOJA ELIPTICA PTA.AV-40_INOX++,0
9008151102,HOJA ELIPTICA VTA.AV-40_INOX++,0
9008151001,INVERSOR PTA.AP.EXT.AV-40_INOX++,0
9007151136,MARCO ELIPTICO VTA.AV-40_LMD++,0
9007151125,MARCO ELIPTICO PTA.AV-40_LMD++,0
9007151115,INVER.CENTRAL ELIP.AV-40_LMD++,0
9007151112,HOJA ELIPTICA PTA.AV-40_LMD++,0
9007151102,HOJA ELIPTICA VTA.AV-40_LMD++,0
9007151001,INVERSOR PTA.AP.EXT.AV-40_LMD++,0
9006152055,HOJA ELIPTICA AP.EXT.AV-40_LC1++,0
9006152054,HOJA P.REDON.AP.EXT.AV-40_LC1++,0
9006151136,MARCO ELIPTICO VTA.AV-40_LC1++,0
9006151125,MARCO ELIPTICO PTA.AV-40_LC1++,0
9006151115,INVER.CENTRAL ELIP.AV-40_LC1++,0
9006151112,HOJA ELIPTICA PTA.AV-40_LC1++,0
9006151102,HOJA ELIPTICA VTA.AV-40_LC1++,0
9006151001,INVERSOR PTA.AP.EXT.AV-40_LC1++,0
9005152055,HOJA ELIPTICA AP.EXT.AV-40_LBN++,0
9005152054,HOJA P.REDON.AP.EXT.AV-40_LBN++,0
9005151136,MARCO ELIPTICO VTA.AV-40_LBN++,0
9005151125,MARCO ELIPTICO PTA.AV-40_LBN++,0
9005151115,INVER.CENTRAL ELIP.AV-40_LBN++,0
9005151112,HOJA ELIPTICA PTA.AV-40_LBN++,0
9005151102,HOJA ELIPTICA VTA.AV-40_LBN++,0
9005151001,INVERSOR PTA.AP.EXT.AV-40_LBN++,0
9004152055,HOJA ELIPTICA AP.EXT.AV-40_BEB++,0
9004151136,MARCO ELIPTICO VTA.AV-40_BEB++,0
9004151125,MARCO ELIPTICO PTA.AV-40_BEB++,0
9004151115,INVER.CENTRAL ELIP.AV-40_BEB++,0
9004151112,HOJA ELIPTICA PTA.AV-40_BEB++,0
9004151102,HOJA ELIPTICA VTA.AV-40_BEB++,0
9004151001,INVERSOR PTA.AP.EXT.AV-40_BEB++,0
9003151136,MARCO ELIPTICO VTA.AV-40_OEB++,0
9003151125,MARCO ELIPTICO PTA.AV-40_OEB++,0
9003151115,INVER.CENTRAL ELIP.AV-40_OEB++,0
9003151112,HOJA ELIPTICA PTA.AV-40_OEB++,0
9003151102,HOJA ELIPTICA VTA.AV-40_OEB++,0
9002152055,HOJA ELIPTICA AP.EXT.AV-40_PEB++,0
9002151136,MARCO ELIPTICO VTA.AV-40_PEB++,0
9002151125,MARCO ELIPTICO PTA.AV-40_PEB++,0
9002151115,INVER.CENTRAL ELIP.AV-40_PEB++,0
9002151112,HOJA ELIPTICA PTA.AV-40_PEB++,0
9002151102,HOJA ELIPTICA VTA.AV-40_PEB++,0
9002151001,INVERSOR PTA.AP.EXT.AV-40_PEB++,0
9001152055,HOJA ELIPTICA AP.EXT.AV-40_PMD++,0
9001151102,HOJA ELIPTICA VTA.AV-40_PMD++,0
9000152055,HOJA ELIPTICA AP.EXT.AV-40_CSA++,0
9000152054,HOJA P.REDON.AP.EXT.AV-40_CSA++,0
9000151136,MARCO ELIPTICO VTA.AV-40_CSA++,0
9000151125,MARCO ELIPTICO PTA.AV-40_CSA++,0
9000151115,INVER.CENTRAL ELIP.AV-40_CSA++,0
9000151112,HOJA ELIPTICA PTA.AV-40_CSA++,0
9000151102,HOJA ELIPTICA VTA.AV-40_CSA++,0
9000151001,INVERSOR PTA.AP.EXT.AV-40_CSA++,0
90,SERIE AV-40 ELIPTICA,0
8019151082,LAMA PANELABLE 20mm_I245,0
801906,GUIA PALA INFERIOR 120_I245,0
801905,GUIA PALA CENTRAL 120_I245,0
8018151082,LAMA PANELABLE 20mm_LMCC,0
801806,GUIA PALA INFERIOR 120_LMCC,0
801805,GUIA PALA CENTRAL 120_LMCC,0
80177585,LAMA PANELABLE 8,5mm_LMV,0
8017151082,LAMA PANELABLE 20mm_LMV,0
801715,MACHAMBRE LISO 110mm_LMV,0
801711712,LAMA PANELABLE 9mm_LMV,0
801706,GUIA PALA INFERIOR 120_LMV,0
801705,GUIA PALA CENTRAL 120_LMV,0
801701,MARCO ESCAPARATE_LMV,0
08016CC1,CANTONERA COMPACTO MACHO_LMN,0
08016CC0,CANTONERA COMPACTO HEMBRA_LMN,0
8016151082,LAMA PANELABLE 20mm_LMN,0
801606,GUIA PALA INFERIOR 120_LMN,0
801605,GUIA PALA CENTRAL 120_LMN,0
801601,MARCO ESCAPARATE_LMN,0
08015CC1,CANTONERA COMPACTO MACHO_LMC,0
08015CC0,CANTONERA COMPACTO HEMBRA_LMC,0
8015151082,LAMA PANELABLE 20mm_LMC,0
801515,MACHAMBRE LISO 110mm_LMC,0
801511712,LAMA PANELABLE 9mm_LMC,0
801506,GUIA PALA INFERIOR 120_LMC,0
801505,GUIA PALA CENTRAL 120_LMC,0
801501,MARCO ESCAPARATE_LMC,0
08014CC1,CANTONERA COMPACTO MACHO_LMP,0
08014CC0,CANTONERA COMPACTO HEMBRA_LMP,0
8014151082,LAMA PANELABLE 20mm_LMP,0
801415,MACHAMBRE LISO 110mm_LMP,0
801411712,LAMA PANELABLE 9mm_LMP,0
801406,GUIA PALA INFERIOR 120_LMP,0
801405,GUIA PALA CENTRAL 120_LMP,0
801401,MARCO ESCAPARATE_LMP,0
8013151082,LAMA PANELABLE 20mm_LBP,0
801306,GUIA PALA INFERIOR 120_LBP,0
80127585,LAMA PANELABLE 8,5mm_LC4,0
8012151082,LAMA PANELABLE 20mm_LC4,0
801201,MARCO ESCAPARATE_LC4,0
08011LPF502,LAMA PARASOL FIJA_LC3++,0
8011151082,LAMA PANELABLE 20mm_LC3,0
801106,GUIA PALA INFERIOR 120_LC3,0
08010PO50,PREMARCO OBRA 50mm_LC2,0
08010PO36,PREMARCO OBRA 36mm_LC2,0
08010LPF502,LAMA PARASOL FIJA_LC2++,0
08010CC1,CANTONERA COMPACTO MACHO_LC2,0
08010CC0,CANTONERA COMPACTO HEMBRA_LC2,0
80103211,MARCO 3 CARRILES CABALLERO_LC2,0
80101995,LAMA PANELABLE DISE�O_LC2,0
801016,MACHAMBRE 3 ONDAS_LC2,0
8010151082,LAMA PANELABLE 20mm_LC2,0
801015,MACHAMBRE LISO 110mm_LC2,0
801011712,LAMA PANELABLE 9mm_LC2,0
801006,GUIA PALA INFERIOR 120_LC2,0
801005,GUIA PALA CENTRAL 120_LC2,0
801004,FORRAMARCOS UNIVERSAL_LC2,0
801001,MARCO ESCAPARATE_LC2,0
08009PO36,PREMARCO OBRA 36mm_AOC,0
80097585,LAMA PANELABLE 8,5mm_AOC,0
8009200495,VIERTEAGUAS 140mm_AOC,0
8009200493,VIERTEAGUAS 374mm_AOC,0
8009151082,LAMA PANELABLE 20mm_AOC,0
800915,MACHAMBRE LISO 110mm_AOC,0
800906,GUIA PALA INFERIOR 120_AOC,0
800905,GUIA PALA CENTRAL 120_AOC,0
800901,MARCO ESCAPARATE_AOC,0
08008CC1,CANTONERA COMPACTO MACHO_INOX,0
08008CC0,CANTONERA COMPACTO HEMBRA_INOX,0
80087585,LAMA PANELABLE 8,5mm_INOX,0
80081995,LAMA PANELABLE DISE�O_INOX,0
800816,MACHAMBRE 3 ONDAS_INOX,0
8008151082,LAMA PANELABLE 20mm_INOX,0
800815,MACHAMBRE LISO 110mm_INOX,0
800811712,LAMA PANELABLE 9mm_INOX,0
800808,GUIA PERSIANA 130mm_INOX,0
800806,GUIA PALA INFERIOR 120_INOX,0
800805,GUIA PALA CENTRAL 120_INOX,0
800804,FORRAMARCOS UNIVERSAL_INOX,0
800801,MARCO ESCAPARATE_INOX,0
08007CC1,CANTONERA COMPACTO MACHO_LMD,0
08007CC0,CANTONERA COMPACTO HEMBRA_LMD,0
80077585,LAMA PANELABLE 8,5mm_LMD,0
80071995,LAMA PANELABLE DISE�O_LMD,0
8007151082,LAMA PANELABLE 20mm_LMD,0
800715,MACHAMBRE LISO 110mm_LMD,0
800711712,LAMA PANELABLE 9mm_LMD,0
800707,PASAMANOS 65mm.AUTO_LMD++,0
800706,GUIA PALA INFERIOR 120_LMD,0
800705,GUIA PALA CENTRAL 120_LMD,0
800704,FORRAMARCOS UNIVERSAL_LMD,0
800701,MARCO ESCAPARATE_LMD,0
08006LPF502,LAMA PARASOL FIJA_LC1++,0
08006CC1,CANTONERA COMPACTO MACHO_LC1,0
08006CC0,CANTONERA COMPACTO HEMBRA_LC1,0
80067585,LAMA PANELABLE 8,5mm_LC1,0
80067320,LAMA TUBULAR 150mm_LC1,0
80061995,LAMA PANELABLE DISE�O_LC1,0
800616,MACHAMBRE 3 ONDAS_LC1,0
8006151082,LAMA PANELABLE 20mm_LC1,0
800615,MACHAMBRE LISO 110mm_LC1,0
800611712,LAMA PANELABLE 9mm_LC1,0
800606,GUIA PALA INFERIOR 120_LC1,0
800605,GUIA PALA CENTRAL 120_LC1,0
800604,FORRAMARCOS UNIVERSAL_LC1,0
800601,MARCO ESCAPARATE_LC1,0
08005LPF502,LAMA PARASOL FIJA_LBN++,0
08005CC1,CANTONERA COMPACTO MACHO_LBN,0
08005CC0,CANTONERA COMPACTO HEMBRA_LBN,0
80057585,LAMA PANELABLE 8,5mm_LBN,0
80057320,LAMA TUBULAR 150mm_LBN,0
80053211,MARCO 3 CARRILES CABALLERO_LBN,0
80051995,LAMA PANELABLE DISE�O_LBN,0
800516,MACHAMBRE 3 ONDAS_LBN,0
8005151082,LAMA PANELABLE 20mm_LBN,0
800515,MACHAMBRE LISO 110mm_LBN,0
800511712,LAMA PANELABLE 9mm_LBN,0
800508,GUIA PERSIANA 130mm_LBN,0
800507,PASAMANOS 65mm.AUTO_LBN,0
800506,GUIA PALA INFERIOR 120_LBN,13,82
800505,GUIA PALA CENTRAL 120_LBN,13,82
800504,FORRAMARCOS UNIVERSAL_LBN,0
800501,MARCO ESCAPARATE_LBN,0
08004CC1,CANTONERA COMPACTO MACHO_BEB,0
08004CC0,CANTONERA COMPACTO HEMBRA_BEB,0
80043211,MARCO 3 CARRILES CABALLERO_BEB,0
80041995,LAMA PANELABLE DISE�O_BEB,0
800416,MACHAMBRE 3 ONDAS_BEB,0
8004151082,LAMA PANELABLE 20mm_BEB,0
800415,MACHAMBRE LISO 110mm_BEB,0
800411712,LAMA PANELABLE 9mm_BEB,0
800407,PASAMANOS 65mm.AUTO_BEB,0
800406,GUIA PALA INFERIOR 120_BEB,0
800405,GUIA PALA CENTRAL 120_BEB,0
800404,FORRAMARCOS UNIVERSAL_BEB,0
800401,MARCO ESCAPARATE_BEB,0
08003LPF502,LAMA PARASOL FIJA_OEB++,0
08003CC1,CANTONERA COMPACTO MACHO_OEB,0
08003CC0,CANTONERA COMPACTO HEMBRA_OEB,0
80033211,MARCO 3 CARRILES CABALLERO_OEB,0
80031995,LAMA PANELABLE DISE�O_OEB,0
800316,MACHAMBRE 3 ONDAS_OEB,0
8003151082,LAMA PANELABLE 20mm_OEB,0
800315,MACHAMBRE LISO 110mm_OEB,0
800306,GUIA PALA INFERIOR 120_OEB,0
800305,GUIA PALA CENTRAL 120_OEB,0
80027585,LAMA PANELABLE 8,5mm_PEB,0
80023211,MARCO 3 CARRILES CABALLERO_PEB,0
80021995,LAMA PANELABLE DISE�O_PEB,0
800216,MACHAMBRE 3 ONDAS_PEB,0
8002151082,LAMA PANELABLE 20mm_PEB,0
800215,MACHAMBRE LISO 110mm_PEB,0
800211712,LAMA PANELABLE 9mm_PEB,0
800207,PASAMANOS 65mm.AUTO_PEB++,0
800206,GUIA PALA INFERIOR 120_PEB,0
800205,GUIA PALA CENTRAL 120_PEB,0
800201,MARCO ESCAPARATE_PEB,0
80017585,LAMA PANELABLE 8,5mm_PMD,0
800116,MACHAMBRE 3 ONDAS_PMD,0
8001151082,LAMA PANELABLE 20mm_PMD,0
800115,MACHAMBRE LISO 110mm_PMD,0
800111712,LAMA PANELABLE 9mm_PMD,0
800107,PASAMANOS 65mm.AUTO_PMD,0
800106,GUIA PALA INFERIOR 120_PMD,0
800105,GUIA PALA CENTRAL 120_PMD,0
800104,FORRAMARCOS UNIVERSAL_PMD,0
08000PO70,PREMARCO OBRA 70mm_CSA,5,2
08000PO50,PREMARCO OBRA 50mm_CSA,4,05
08000PO36,PREMARCO OBRA 36mm_CSA,3,25
08000PO150,PREMARCO OBRA 150mm_CSA,9,95
08000PO125,PREMARCO OBRA 125mm_CSA++,0
08000PO120,PREMARCO OBRA 120mm_CSA,7,58
08000LPF502,LAMA PARASOL FIJA_CSA++,0
08000CC1,CANTONERA COMPACTO MACHO_CSA,0
08000CC0,CANTONERA COMPACTO HEMBRA_CSA,0
80007585,LAMA PANELABLE 8,5mm_CSA,0
80007320,LAMA TUBULAR 150mm_CSA,0
80003211,MARCO 3 CARRILES CABALLERO_CSA,0
8000200495,VIERTEAGUAS 140mm_CSA,0
8000200493,VIERTEAGUAS 374mm_CSA,0
80001995,LAMA PANELABLE DISE�O_CSA,0
800016,MACHAMBRE 3 ONDAS_CSA,0
8000151082,LAMA PANELABLE 20mm_CSA,0
800015,MACHAMBRE LISO 110mm_CSA,0
800011712,LAMA PANELABLE 9mm_CSA,0
800008,GUIA PERSIANA 130mm_CSA,0
800007,PASAMANOS 65mm.AUTO_CSA,0
800006,GUIA PALA INFERIOR 120_CSA,0
800005,GUIA PALA CENTRAL 120_CSA,0
800004,FORRAMARCOS UNIVERSAL_CSA,0
800001,MARCO ESCAPARATE_CSA,0
80,PERFILES DIVERSOS,0
701720,U 20_LMV,0
701520,U 20_LMC,0
701420,U 20_LMP,0
701415,U 15_LMP,0
701220,U 20_LC4,0
701185,U 20x40x20_LC3,0
701120,U 20_LC3,0
701085,U 20x40x20_LC2,0
701083,U 15x30x15_LC2,0
701082,U 10x20x10_LC2,0
701042,U 40_LC2,0
701032,U 30_LC2,0
701020,U 20_LC2,0
701015,U 15_LC2,0
701010,U 9,5_LC2,0
700920,U 20_AOC,0
700885,U 20x40x20_INOX,0
700883,U 15x30x15_INOX,0
700882,U 10x20x10_INOX,0
700842,U 40_INOX,0
700832,U 30_INOX,0
700820,U 20_INOX,0
700815,U 15_INOX,0
700810,U 9,5_INOX,0
700732,U 30_LMD,0
700720,U 20_LMD,0
700715,U 15_LMD,0
700710,U 9,5_LMD,0
700685,U 20x40x20_LC1,0
700683,U 15x30x15_LC1,0
700682,U 10x20x10_LC1,0
700642,U 40_LC1,0
700632,U 30_LC1,0
700620,U 20_LC1,0
700615,U 15_LC1,0
700610,U 9,5_LC1,0
700585,U 20x40x20_LBN,0
700583,U 15x30x15_LBN,0
700582,U 10x20x10_LBN,0
700542,U 40_LBN,0
700532,U 30_LBN,0
700520,U 20_LBN,0
700515,U 15_LBN,0
700510,U 9,5_LBN,0
700485,U 20x40x20_BEB,0
700484,U 30x43x30_BEB,0
700483,U 15x30x15_BEB,0
700482,U 10x20x10_BEB,0
700442,U 40_BEB,0
700432,U 30_BEB,0
700420,U 20_BEB,0
700415,U 15_BEB,0
700410,U 9,5_BEB,0
700385,U 20x40x20_OEB,0
700383,U 15x30x15_OEB,0
700382,U 10x20x10_OEB,0
700342,U 40_OEB,0
700332,U 30_OEB,0
700320,U 20_OEB,0
700315,U 15_OEB,0
700310,U 9,5_OEB,0
700285,U 20X40X20_PEB,0
700283,U 15x30x15_PEB,0
700282,U 10x20x10_PEB,0
700242,U 40_PEB,0
700232,U 30_PEB,0
700220,U 20_PEB,0
700215,U 15_PEB,0
700210,U 9,5_PEB,0
700185,U 20x40x20_PMD,0
700183,U 15x30x15_PMD,0
700182,U 10x20x10_PMD,0
700142,U 40_PMD,0
700132,U 30_PMD,0
700120,U 20_PMD,0
700115,U 15_PMD,0
700110,U 9,5_PMD,0
700085,U 20x40x20_CSA,0
700083,U 15x30x15_CSA,2,87
700082,U 10x20x10_CSA,0
700042,U 40_CSA,0
700032,U 30_CSA,0
700020,U 20_CSA,2,32
700015,U 15_CSA,1,81
700010,U 9,5_CSA,1,34
70,FORMA U,0
601725,T 25_LMV,0
601620,T 20_LMN,0
601530,T 30_LMC,0
601525,T 25_LMC,0
601520,T 20_LMC,0
601420,T 20_LMP,0
601330,T 30_LBP,0
601325,T 25_LBP,0
601225,T 25_LC4,0
601030,T 30_LC2,0
601025,T 25_LC2,0
601020,T 20_LC2,0
600930,T 30_AOC,0
600920,T 20_AOC,0
600830,T 30_INOX,0
600825,T 25_INOX,0
600820,T 20_INOX,0
600730,T 30_LMD,0
600720,T 20_LMD,0
600630,T 30_LC1,0
600625,T 25_LC1,0
600620,T 20_LC1,0
600530,T 30_LBN,0
600525,T 25_LBN,0
600520,T 20_LBN,0
600430,T 30_BEB,0
600425,T 25_BEB,0
600420,T 20_BEB,0
600330,T 30_OEB,0
600325,T 25_OEB,0
600320,T 20_OEB,0
600230,T 30_PEB,0
600225,T 25_PEB,0
600220,T 20_PEB,0
600130,T 30_PMD,0
600125,T 25_PMD,0
600120,T 20_PMD,0
600030,T 30_CSA,0
600025,T 25_CSA,0
600020,T 20_CSA,0
60,SIMPLE T,0
501940,REDONDO 40_I245,0
501840,REDONDO 40_LMCC,0
501760,REDONDO 60_LMV,0
501740,REDONDO 40_LMV,0
501560,REDONDO 60_LMC,0
501540,REDONDO 40_LMC,0
501530,REDONDO 30_LMC,0
501525,REDONDO 25_LMC,0
501480,REDONDO 80_LMP,0
501450,REDONDO 50_LMP,0
501440,REDONDO 40_LMP,0
501430,REDONDO 30_LMP,0
501425,REDONDO 25_LMP,0
501320,REDONDO 20_LBP,0
501216,REDONDO 16_LC4,0
501150,REDONDO 50_LC3,0
501116,REDONDO 16_LC3,0
501096,REDONDO 101,6_LC2,0
501080,REDONDO 80_LC2,0
501070,REDONDO 70_LC2,0
501060,REDONDO 60_LC2,0
501050,REDONDO 50_LC2,0
501045,REDONDO 45_LC2,0
501040,REDONDO 40_LC2,0
501035,REDONDO 35_LC2,0
501030,REDONDO 30_LC2,0
501025,REDONDO 25_LC2,0
501020,REDONDO 20_LC2,0
501016,REDONDO 16_LC2,0
501012,REDONDO 12_LC2,0
500980,REDONDO 80_AOC,0
500960,REDONDO 60_AOC,0
500950,REDONDO 50_AOC,0
500945,REDONDO 45_AOC,0
500940,REDONDO 40_AOC,0
500930,REDONDO 30_AOC,0
500925,REDONDO 25_AOC,0
500920,REDONDO 20_AOC,0
500916,REDONDO 16_AOC,0
500912,REDONDO 12_AOC,0
500896,REDONDO 101,6_INOX,0
500880,REDONDO 80_INOX,0
500870,REDONDO 70_INOX,0
500860,REDONDO 60_INOX,0
500850,REDONDO 50_INOX,0
500845,REDONDO 45_INOX,0
500840,REDONDO 40_INOX,0
500835,REDONDO 35_INOX,0
500830,REDONDO 30_INOX,0
500825,REDONDO 25_INOX,0
500820,REDONDO 20_INOX,0
500796,REDONDO 101,6_LMD,0
500780,REDONDO 80_LMD,0
500770,REDONDO 70_LMD,0
500760,REDONDO 60_LMD,0
500740,REDONDO 40_LMD,0
500730,REDONDO 30_LMD,0
500720,REDONDO 20_LMD,0
500696,REDONDO 101,6_LC1,0
500680,REDONDO 80_LC1,0
500670,REDONDO 70_LC1,0
500660,REDONDO 60_LC1,0
500650,REDONDO 50_LC1,0
500645,REDONDO 45_LC1,0
500640,REDONDO 40_LC1,0
500635,REDONDO 35_LC1,0
500630,REDONDO 30_LC1,0
500625,REDONDO 25_LC1,0
500620,REDONDO 20_LC1,0
500616,REDONDO 16_LC1,0
500612,REDONDO 12 LC1,0
500596,REDONDO 101,6_LBN,0
500580,REDONDO 80_LBN,0
500570,REDONDO 70_LBN,0
500560,REDONDO 60_LBN,0
500550,REDONDO 50_LBN,0
500545,REDONDO 45_LBN,0
500540,REDONDO 40_LBN,0
500535,REDONDO 35_LBN,0
500530,REDONDO 30_LBN,0
500525,REDONDO 25_LBN,0
500520,REDONDO 20_LBN,0
500516,REDONDO 16_LBN,0
500512,REDONDO 12_LBN,0
500496,REDONDO 101,6_BEB,0
500480,REDONDO 80_BEB,0
500470,REDONDO 70_BEB,0
500460,REDONDO 60_BEB,0
500450,REDONDO 50_BEB,0
500445,REDONDO 45_BEB,0
500440,REDONDO 40_BEB,0
500435,REDONDO 35_BEB,0
500430,REDONDO 30_BEB,0
500425,REDONDO 25_BEB,0
500420,REDONDO 20_BEB,0
500416,REDONDO 16_BEB,0
500412,REDONDO 12_BEB,0
500396,REDONDO 101,6_OEB,0
500380,REDONDO 80_OEB,0
500370,REDONDO 70_OEB,0
500360,REDONDO 60_OEB,0
500350,REDONDO 50_OEB,0
500345,REDONDO 45_OEB,0
500340,REDONDO 40_OEB,0
500335,REDONDO 35_OEB,0
500330,REDONDO 30_OEB,0
500325,REDONDO 25_OEB,0
500320,REDONDO 20_OEB,0
500316,REDONDO 16_OEB,0
500312,REDONDO 12_OEB,0
500296,REDONDO 101,6_PEB,0
500280,REDONDO 80_PEB,0
500270,REDONDO 70_PEB,0
500260,REDONDO 60_PEB,0
500250,REDONDO 50_PEB,0
500245,REDONDO 45_PEB,0
500240,REDONDO 40_PEB,0
500235,REDONDO 35_PEB,0
500230,REDONDO 30_PEB,0
500225,REDONDO 25_PEB,0
500220,REDONDO 20_PEB,0
500216,REDONDO 16_PEB,0
500212,REDONDO 12_PEB,0
500196,REDONDO 101,6_PMD,0
500180,REDONDO 80_PMD,0
500170,REDONDO 70_PMD,0
500160,REDONDO 60_PMD,0
500150,REDONDO 50_PMD,0
500145,REDONDO 45_PMD,0
500140,REDONDO 40_PMD,0
500135,REDONDO 35_PMD,0
500130,REDONDO 30_PMD,0
500125,REDONDO 25_PMD,0
500120,REDONDO 20_PMD,0
500116,REDONDO 16_PMD,0
500112,REDONDO 12_PMD,0
500096,REDONDO 101,6_CSA,0
500080,REDONDO 80_CSA,0
500070,REDONDO 70_CSA,10,93
500060,REDONDO 60_CSA,0
500050,REDONDO 50_CSA,7,5
500045,REDONDO 45_CSA,6,5
500040,REDONDO 40_CSA,5,15
500035,REDONDO 35_CSA,0
500030,REDONDO 30_CSA,3,62
500025,REDONDO 25_CSA,0
500020,REDONDO 20_CSA,0
500016,REDONDO 16_CSA,1,92
500012,REDONDO 12_CSA,0
50,REDONDOS,0
401984,RECTANGULAR 80x40_I245,0
401972,RECTANGULAR 70x20_I245,0
401942,RECTANGULAR 40x20_I245,0
401921,RECTANGULAR 20x10_I245,0
401884,RECTANGULAR 80x40_LMCC++,0
401798,RECTANGULAR 120x60_LMV,0
401796,RECTANGULAR 120x40_LMV,0
4017944,RECTANGULAR 120x20_LMV,0
401794,RECTANGULAR 100x40_LMV,0
401792,RECTANGULAR 100x20_LMV,0
401784,RECTANGULAR 80x40_LMV,0
401772,RECTANGULAR 70x20_LMV,0
401764,RECTANGULAR 60x40_LMV,0
401762,RECTANGULAR 60x20_LMV,0
401752,RECTANGULAR 50x20_LMV,0
401743,RECTANGULAR 40x25_LMV,0
401742,RECTANGULAR 40x20_LMV,0
4017410,RECTANGULAR 40x10_LMV,0
401731,RECTANGULAR 30x15_LMV,0
401721,RECTANGULAR 20x10_LMV,0
401694,RECTANGULAR 100x40_LMN,0
401682,RECTANGULAR 80x20_LMN,0
401621,RECTANGULAR 20x10_LMN,0
401599,RECTANGULAR 150x40_LMC,0
401596,RECTANGULAR 120x40_LMC,0
4015944,RECTANGULAR 120x20_LMC,0
401592,RECTANGULAR 100x20_LMC,0
401584,RECTANGULAR 80x40_LMC,0
401582,RECTANGULAR 80x20_LMC,0
401564,RECTANGULAR 60x40_LMC,0
401562,RECTANGULAR 60x20_LMC,0
401552,RECTANGULAR 50x20_LMC,0
401542,RECTANGULAR 40x20_LMC,0
4015410,RECTANGULAR 40x10_LMC,0
401532,RECTANGULAR 30x20_LMC,0
401521,RECTANGULAR 20x10_LMC,0
401499,RECTANGULAR 150x40_LMP,0
401498,RECTANGULAR 120x60_LMP,0
401496,RECTANGULAR 120x40_LMP,0
4014944,RECTANGULAR 120x20_LMP,0
401494,RECTANGULAR 100x40_LMP,0
401492,RECTANGULAR 100x20_LMP,0
401484,RECTANGULAR 80x40_LMP,0
401482,RECTANGULAR 80x20_LMP,0
401472,RECTANGULAR 70x20_LMP,0
401464,RECTANGULAR 60x40_LMP,0
401462,RECTANGULAR 60x20_LMP,0
401453,RECTANGULAR 50x30_LMP,0
401452,RECTANGULAR 50x20_LMP,0
401446,RECTANGULAR 45x15_LMP,0
401442,RECTANGULAR 40x20_LMP,0
4014410,RECTANGULAR 40x10_LMP,0
401436,RECTANGULAR 35x10_LMP,0
401432,RECTANGULAR 30x20_LMP,0
401421,RECTANGULAR 20x10_LMP,0
401394,RECTANGULAR 100x40_LBP,0
401384,RECTANGULAR 80x40_LBP,0
401364,RECTANGULAR 60x40_LBP,0
401342,RECTANGULAR 40x20_LBP,0
401332,RECTANGULAR 30x20_LBP,0
401298,RECTANGULAR 120x60_LC4,0
401292,RECTANGULAR 100x20_LC4,0
401284,RECTANGULAR 80x40_LC4,0
401282,RECTANGULAR 80x20_LC4,0
401264,RECTANGULAR 60x40_LC4,0
401263,RECTANGULAR 60x30_LC4,0
401262,RECTANGULAR 60x20_LC4,0
401253,RECTANGULAR 50x30_LC4,0
401252,RECTANGULAR 50x20_LC4,0
401246,RECTANGULAR 45x15_LC4,0
401243,RECTANGULAR 40x25_LC4,0
401242,RECTANGULAR 40x20_LC4,0
401236,RECTANGULAR 35x10_LC4,0
401232,RECTANGULAR 30x20_LC4,0
401231,RECTANGULAR 30x15_LC4,0
401221,RECTANGULAR 20x10_LC4,0
401199,RECTANGULAR 150x40_LC3,0
401196,RECTANGULAR 120x40_LC3,0
4011944,RECTANGULAR 120x20_LC3,0
401194,RECTANGULAR 100x40_LC3,0
401192,RECTANGULAR 100x20_LC3,0
401184,RECTANGULAR 80x40_LC3,0
401182,RECTANGULAR 80x20_LC3,0
401175,RECTANGULAR 70x50_LC3,0
401172,RECTANGULAR 70x20_LC3,0
401164,RECTANGULAR 60x40_LC3,0
401163,RECTANGULAR 60x30_LC3,0
401162,RECTANGULAR 60x20_LC3,0
401153,RECTANGULAR 50x30_LC3,0
401142,RECTANGULAR 40x20_LC3,0
4011410,RECTANGULAR 40x10_LC3,0
401121,RECTANGULAR 20x10_LC3,0
401099,RECTANGULAR 150x40_LC2,0
401098,RECTANGULAR 120x60_LC2,0
401096,RECTANGULAR 120x40_LC2,0
4010944,RECTANGULAR 120x20_LC2,0
401094,RECTANGULAR 100x40_LC2,0
401092,RECTANGULAR 100x20_LC2,0
401084,RECTANGULAR 80x40_LC2,0
401082,RECTANGULAR 80x20_LC2,0
401075,RECTANGULAR 70x50_LC2,0
401072,RECTANGULAR 70x20_LC2,0
401064,RECTANGULAR 60x40_LC2,0
401063,RECTANGULAR 60x30_LC2,0
401062,RECTANGULAR 60x20_LC2,0
401056,RECTANGULAR 55x15_LC2,0
401053,RECTANGULAR 50x30_LC2,0
401052,RECTANGULAR 50x20_LC2,0
401046,RECTANGULAR 45x15_LC2,0
401043,RECTANGULAR 40x25_LC2,0
401042,RECTANGULAR 40x20_LC2,0
4010410,RECTANGULAR 40x10_LC2,0
401036,RECTANGULAR 35x10_LC2,0
401032,RECTANGULAR 30x20_LC2,0
401031,RECTANGULAR 30x15_LC2,0
401021,RECTANGULAR 20x10_LC2,0
400999,RECTANGULAR 150x40_AOC,0
400998,RECTANGULAR 120x60_AOC,0
400996,RECTANGULAR 120x40_AOC,0
400994,RECTANGULAR 100x40_AOC,0
400992,RECTANGULAR 100x20_AOC,0
400984,RECTANGULAR 80x40_AOC,0
400982,RECTANGULAR 80x20_AOC,0
400975,RECTANGULAR 70x50_AOC,0
400972,RECTANGULAR 70x20_AOC,0
400964,RECTANGULAR 60x40_AOC,0
400962,RECTANGULAR 60x20_AOC,0
400952,RECTANGULAR 50x20_AOC,0
400946,RECTANGULAR 45x15_AOC,0
400943,RECTANGULAR 40x25_AOC,0
400942,RECTANGULAR 40x20_AOC,0
400936,RECTANGULAR 35x10_AOC,0
400932,RECTANGULAR 30x20_AOC,0
400931,RECTANGULAR 30x15_AOC,0
400921,RECTANGULAR 20x10_AOC,0
400899,RECTANGULAR 150x40_INOX,0
400898,RECTANGULAR 120x60_INOX,0
400896,RECTANGULAR 120x40_INOX,0
4008944,RECTANGULAR 120x20_INOX,0
400894,RECTANGULAR 100x40_INOX,0
400892,RECTANGULAR 100x20_INOX,0
400884,RECTANGULAR 80x40_INOX,0
400882,RECTANGULAR 80x20_INOX,0
400875,RECTANGULAR 70x50_INOX,0
400872,RECTANGULAR 70x20_INOX,0
400864,RECTANGULAR 60x40_INOX,0
400863,RECTANGULAR 60x30_INOX,0
400862,RECTANGULAR 60x20_INOX,0
400856,RECTANGULAR 55x15_INOX,0
400853,RECTANGULAR 50x30_INOX,0
400852,RECTANGULAR 50x20_INOX,0
400846,RECTANGULAR 45x15_INOX,0
400843,RECTANGULAR 40x25_INOX,0
400842,RECTANGULAR 40x20_INOX,0
4008410,RECTANGULAR 40x10_INOX,0
400836,RECTANGULAR 35x10_INOX,0
400832,RECTANGULAR 30x20_INOX,0
400831,RECTANGULAR 30x15_INOX,0
400821,RECTANGULAR 20x10_INOX,0
400799,RECTANGULAR 150x40_LMD,0
400798,RECTANGULAR 120x60_LMD,0
400796,RECTANGULAR 120x40_LMD,0
4007944,RECTANGULAR 120x20_LMD,0
400794,RECTANGULAR 100x40_LMD,0
400792,RECTANGULAR 100x20_LMD,0
400784,RECTANGULAR 80x40_LMD,0
400782,RECTANGULAR 80x20_LMD,0
400772,RECTANGULAR 70x20_LMD,0
400764,RECTANGULAR 60x40_LMD,0
400762,RECTANGULAR 60x20_LMD,0
400756,RECTANGULAR 55x15_LMD,0
400753,RECTANGULAR 50x30_LMD,0
400752,RECTANGULAR 50x20_LMD,0
400746,RECTANGULAR 45x15_LMD,0
400743,RECTANGULAR 40x25_LMD,0
400742,RECTANGULAR 40x20_LMD,0
4007410,RECTANGULAR 40x10_LMD,0
400736,RECTANGULAR 35x10_LMD,0
400732,RECTANGULAR 30x20_LMD,0
400731,RECTANGULAR 30x15_LMD,0
400721,RECTANGULAR 20x10_LMD,0
400699,RECTANGULAR 150x40_LC1,0
400698,RECTANGULAR 120x60_LC1,0
400696,RECTANGULAR 120x40_LC1,0
4006944,RECTANGULAR 120x20_LC1,0
400694,RECTANGULAR 100x40_LC1,0
400692,RECTANGULAR 100x20_LC1,0
400684,RECTANGULAR 80x40_LC1,0
400682,RECTANGULAR 80x20_LC1,0
400675,RECTANGULAR 70x50_LC1,0
400672,RECTANGULAR 70x20_LC1,0
400664,RECTANGULAR 60x40_LC1,0
400663,RECTANGULAR 60x30_LC1,0
400662,RECTANGULAR 60x20_LC1,0
400656,RECTANGULAR 55x15_LC1,0
400653,RECTANGULAR 50x30_LC1,0
400652,RECTANGULAR 50x20_LC1,0
400646,RECTANGULAR 45x15_LC1,0
400643,RECTANGULAR 40x25_LC1,0
400642,RECTANGULAR 40x20_LC1,0
4006410,RECTANGULAR 40x10_LC1,0
400636,RECTANGULAR 35x10_LC1,0
400632,RECTANGULAR 30x20_LC1,0
400631,RECTANGULAR 30x15_LC1,0
400621,RECTANGULAR 20x10_LC1,0
400599,RECTANGULAR 150x40_LBN,23,11
400598,RECTANGULAR 120x60_LBN,25,29
400596,RECTANGULAR 120x40_LBN,18,34
4005944,RECTANGULAR 120x20_LBN,14,84
400594,RECTANGULAR 100x40_LBN,14,84
400592,RECTANGULAR 100x20_LBN,13,52
400584,RECTANGULAR 80x40_LBN,11,23
400582,RECTANGULAR 80x20_LBN,9,37
400575,RECTANGULAR 70x50_LBN,0
400572,RECTANGULAR 70x20_LBN,0
400564,RECTANGULAR 60x40_LBN,9,37
400563,RECTANGULAR 60x30_LBN,0
400562,RECTANGULAR 60x20_LBN,7,17
400556,RECTANGULAR 55x15_LBN,0
400553,RECTANGULAR 50x30_LBN,0
400552,RECTANGULAR 50x20_LBN,0
400546,RECTANGULAR 45x15_LBN,0
400543,RECTANGULAR 40x25_LBN,0
400542,RECTANGULAR 40x20_LBN,5,25
4005410,RECTANGULAR 40x10_LBN,0
400536,RECTANGULAR 35x10_LBN,0
400532,RECTANGULAR 30x20_LBN,0
400531,RECTANGULAR 30x15_LBN,0
400521,RECTANGULAR 20x10_LBN,0
400499,RECTANGULAR 150x40_BEB,0
400498,RECTANGULAR 120x60_BEB,0
400496,RECTANGULAR 120x40_BEB,0
4004944,RECTANGULAR 120x20_BEB,0
400494,RECTANGULAR 100x40_BEB,0
400492,RECTANGULAR 100x20_BEB,0
400484,RECTANGULAR 80x40_BEB,0
400483,RECTANGULAR 80x30_BEB,0
400482,RECTANGULAR 80x20_BEB,0
400475,RECTANGULAR 70x50_BEB,0
400472,RECTANGULAR 70x20_BEB,0
400464,RECTANGULAR 60x40_BEB,0
400463,RECTANGULAR 60x30_BEB,0
400462,RECTANGULAR 60x20_BEB,0
400456,RECTANGULAR 55x15_BEB,0
400453,RECTANGULAR 50x30_BEB,0
400452,RECTANGULAR 50x20_BEB,0
400446,RECTANGULAR 45x15_BEB,0
400443,RECTANGULAR 40x25_BEB,0
400442,RECTANGULAR 40x20_BEB,0
4004410,RECTANGULAR 40x10_BEB,0
400436,RECTANGULAR 35x10_BEB,0
400432,RECTANGULAR 30x20_BEB,0
400431,RECTANGULAR 30x15_BEB,0
400421,RECTANGULAR 20x10_BEB,0
400399,RECTANGULAR 150x40_OEB,0
400398,RECTANGULAR 120x60_OEB,0
400396,RECTANGULAR 120x40_OEB,0
400394,RECTANGULAR 100x40_OEB,0
400392,RECTANGULAR 100x20_OEB,0
400384,RECTANGULAR 80x40_OEB,0
400382,RECTANGULAR 80x20_OEB,0
400375,RECTANGULAR 70x50_OEB,0
400372,RECTANGULAR 70x20_OEB,0
400364,RECTANGULAR 60x40_OEB,0
400363,RECTANGULAR 60x30_OEB,0
400362,RECTANGULAR 60x20_OEB,0
400356,RECTANGULAR 55x15_OEB,0
400353,RECTANGULAR 50x30_OEB,0
400352,RECTANGULAR 50x20_OEB,0
400346,RECTANGULAR 45x15_OEB,0
400343,RECTANGULAR 40x25_OEB,0
400342,RECTANGULAR 40x20_OEB,0
4003410,RECTANGULAR 40x10_OEB,0
400336,RECTANGULAR 35x10_OEB,0
400332,RECTANGULAR 30x20_OEB,0
400331,RECTANGULAR 30x15_OEB,0
400321,RECTANGULAR 20x10_OEB,0
400299,RECTANGULAR 150x40_PEB,0
400298,RECTANGULAR 120x60_PEB,0
400296,RECTANGULAR 120x40_PEB,0
4002944,RECTANGULAR 120x20_PEB,0
400294,RECTANGULAR 100x40_PEB,0
400292,RECTANGULAR 100x20_PEB,0
400284,RECTANGULAR 80x40_PEB,0
400282,RECTANGULAR 80x20_PEB,0
400275,RECTANGULAR 70x50_PEB,0
400272,RECTANGULAR 70x20_PEB,0
400264,RECTANGULAR 60x40_PEB,0
400263,RECTANGULAR 60x30_PEB,0
400262,RECTANGULAR 60x20_PEB,0
400256,RECTANGULAR 55x15_PEB,0
400253,RECTANGULAR 50x30_PEB,0
400252,RECTANGULAR 50x20_PEB,0
400246,RECTANGULAR 45x15_PEB,0
400243,RECTANGULAR 40x25_PEB,0
400242,RECTANGULAR 40x20_PEB,0
4002410,RECTANGULAR 40x10_PEB,0
400236,RECTANGULAR 35x10_PEB,0
400232,RECTANGULAR 30x20_PEB,0
400231,RECTANGULAR 30x15_PEB,0
400221,RECTANGULAR 20x10_PEB,0
400199,RECTANGULAR 150x40_PMD,0
400198,RECTANGULAR 120x60_PMD,0
400196,RECTANGULAR 120x40_PMD,0
4001944,RECTANGULAR 120x20_PMD,0
400194,RECTANGULAR 100x40_PMD,0
4001932,RECTANGULAR 100x30x2_PMD,0
400192,RECTANGULAR 100x20_PMD,0
400184,RECTANGULAR 80x40_PMD,0
400183,RECTANGULAR 80x30_PMD,0
400182,RECTANGULAR 80x20_PMD,0
400175,RECTANGULAR 70x50_PMD,0
400172,RECTANGULAR 70x20_PMD,0
400164,RECTANGULAR 60x40_PMD,0
400163,RECTANGULAR 60x30_PMD,0
400162,RECTANGULAR 60x20_PMD,0
400156,RECTANGULAR 55x15_PMD,0
400153,RECTANGULAR 50x30_PMD,0
400152,RECTANGULAR 50x20_PMD,0
400146,RECTANGULAR 45x15_PMD,0
400143,RECTANGULAR 40x25_PMD,0
400142,RECTANGULAR 40x20_PMD,0
4001410,RECTANGULAR 40x10_PMD,0
400136,RECTANGULAR 35x10_PMD,0
400132,RECTANGULAR 30x20_PMD,0
400131,RECTANGULAR 30x15_PMD,0
400121,RECTANGULAR 20x10_PMD,0
4001100,RECTANGULAR 150x70_PMD++,0
400099,RECTANGULAR 150x40_CSA,0
400098,RECTANGULAR 120x60_CSA,22,33
400096,RECTANGULAR 120x40_CSA,0
4000944,RECTANGULAR 120x20_CSA,12,74
400094,RECTANGULAR 100x40_CSA,12,74
4000932,RECTANGULAR 100x30x2_CSA,0
400092,RECTANGULAR 100x20_CSA,0
400084,RECTANGULAR 80x40_CSA,9,16
400082,RECTANGULAR 80x20_CSA,0
400075,RECTANGULAR 70x50_CSA,0
400072,RECTANGULAR 70x20_CSA,7,22
400064,RECTANGULAR 60x40_CSA,0
400063,RECTANGULAR 60x30_CSA,0
400062,RECTANGULAR 60x20_CSA,0
400056,RECTANGULAR 55x15_CSA,6,6
400053,RECTANGULAR 50x30_CSA,0
400052,RECTANGULAR 50x20_CSA,0
400046,RECTANGULAR 45x15_CSA,6,37
400043,RECTANGULAR 40x25_CSA,0
400042,RECTANGULAR 40x20_CSA,4,24
4000410,RECTANGULAR 40x10_CSA,4,13
400036,RECTANGULAR 35x10_CSA,4,03
400032,RECTANGULAR 30x20_CSA,0
400031,RECTANGULAR 30x15_CSA,3,62
400021,RECTANGULAR 20x10_CSA,2,21
40,RECTANGULARES,0
301840,PLETINA 40x4_LMCC++,0
301765,PLETINA 65x4_LMV,0
301725,PLETINA 25x4_LMV,0
301660,PLETINA 60x4_LMN,0
301560,PLETINA 60x4_LMC,0
301540,PLETINA 40x4_LMC,0
301530,PLETINA 30x4_LMC,0
301520,PLETINA 20x3_LMC,0
301440,PLETINA 40x4_LMP,0
301430,PLETINA 30x4_LMP,0
301425,PLETINA 25x4_LMP,0
301420,PLETINA 20x3_LMP,0
301240,PLETINA 40x4_LC4,0
301220,PLETINA 20x3_LC4,0
301065,PLETINA 65x4_LC2,0
780,CORREDERA DOMO,0
301040,PLETINA 40x4_LC2,0
301039,PLETINA 30x10_LC2,0
301030,PLETINA 30x4_LC2,0
301025,PLETINA 25x4_LC2,0
301020,PLETINA 20x3_LC2,0
300960,PLETINA 60x4_AOC,0
790,CORREDERA RT DOMO,0
300940,PLETINA 40x4_AOC,0
300930,PLETINA 30x4_AOC,0
300920,PLETINA 20x3_AOC,0
300865,PLETINA 65x4_INOX,0
300860,PLETINA 60x4_INOX,0
800,ACC.CORREDERA DOMO,0
300840,PLETINA 40x4_INOX,0
300830,PLETINA 30x4_INOX,0
300825,PLETINA 25x4_INOX,0
300820,PLETINA 20x3_INOX,0
300765,PLETINA 65x4_LMD,0
300760,PLETINA 60x4_LMD,0
300740,PLETINA 40x4_LMD,0
300730,PLETINA 30x4_LMD,0
300725,PLETINA 25x4_LMD,0
300720,PLETINA 20x3_LMD,0
300665,PLETINA 65x4_LC1,0
300660,PLETINA 60x4_LC1,0
810,ABISAGRADO DOMO,0
300640,PLETINA 40x4_LC1,0
300639,PLETINA 30x10_LC1,0
300630,PLETINA 30x4_LC1,0
300625,PLETINA 25x4_LC1,0
300620,PLETINA 20x3_LC1,0
300565,PLETINA 65x4_LBN,0
300560,PLETINA 60x4_LBN,0
300555,PLETINA 55x5_LBN++,0
300540,PLETINA 40x4_LBN,5,45
300539,PLETINA 30x10_LBN,0
300530,PLETINA 30x4_LBN,4,49
300525,PLETINA 25x4_LBN,3,98
300520,PLETINA 20x3_LBN,2,6
300465,PLETINA 65x4_BEB,0
300460,PLETINA 60x4_BEB,0
300455,PLETINA 55x5_BEB,0
300440,PLETINA 40x4_BEB,0
300439,PLETINA 30x10_BEB,0
300430,PLETINA 30x4_BEB,0
300425,PLETINA 25x4_BEB,0
300420,PLETINA 20x3_BEB,0
820,ABISAGRADO RT DOMO,0
300340,PLETINA 40x4_OEB,0
300339,PLETINA 30x10_OEB,0
300330,PLETINA 30x4_OEB,0
300325,PLETINA 25x4_OEB,0
300320,PLETINA 20x3_OEB,0
300260,PLETINA 60x4_PEB,0
830,ACC.ABISAGRADO Y DIVERSOS DOMO,0
300240,PLETINA 40x4_PEB,0
300239,PLETINA 30x10_PEB,0
300230,PLETINA 30x4_PEB,0
300225,PLETINA 25x4_PEB,0
300220,PLETINA 20x3_PEB,0
300165,PLETINA 65x4_PMD,0
300160,PLETINA 60x4_PMD,0
840,PERFILES DIVERSOS DOMO,0
300140,PLETINA 40x4_PMD,5,49
300139,PLETINA 30x10_PMD,0
300130,PLETINA 30x4_PMD,4,53
300125,PLETINA 25x4_PMD,4,01
300120,PLETINA 20x3_PMD,2,63
300115,PLETINA 15x5_PMD,4,75
300065,PLETINA 65x4_CSA,0
300060,PLETINA 60x4_CSA++,0
300055,PLETINA 55x5_CSA++,0
300040,PLETINA 40x4_CSA,5,09
300039,PLETINA 30x10_CSA,0
300030,PLETINA 30x4_CSA,3,86
300025,PLETINA 25x4_CSA,0
300020,PLETINA 20x3_CSA,1,92
300015,PLETINA 15x5_CSA,4,39
30,PLETINAS,0
201799,CUADRADO 100_LMV,0
201780,CUADRADO 80_LMV,0
201770,CUADRADO 70_LMV,0
201760,CUADRADO 60_LMV,0
201750,CUADRADO 50_LMV,0
201740,CUADRADO 40_LMV,0
201735,CUADRADO 35_LMV,0
201660,CUADRADO 60_LMN,0
201620,CUADRADO 20_LMN,0
201616,CUADRADO 16_LMN,0
201599,CUADRADO 100_LMC,0
201580,CUADRADO 80_LMC,0
201570,CUADRADO 70_LMC,0
201560,CUADRADO 60_LMC,0
201550,CUADRADO 50_LMC,0
201540,CUADRADO 40_LMC,0
201535,CUADRADO 35_LMC,0
201530,CUADRADO 30_LMC,0
201525,CUADRADO 25_LMC,0
201520,CUADRADO 20_LMC,0
201516,CUADRADO 16_LMC,0
201499,CUADRADO 100_LMP,0
201470,CUADRADO 70_LMP,0
201460,CUADRADO 60_LMP,0
201450,CUADRADO 50_LMP,0
201447,CUADRADO 45_LMP,0
201440,CUADRADO 40_LMP,0
201435,CUADRADO 35_LMP,0
201430,CUADRADO 30_LMP,0
201425,CUADRADO 25_LMP,0
201420,CUADRADO 20_LMP,0
201416,CUADRADO 16_LMP,0
201399,CUADRADO 100_LBP,0
201380,CUADRADO 80_LBP,0
201350,CUADRADO 50_LBP,0
201340,CUADRADO 40_LBP,0
201335,CUADRADO 35_LBP,0
201299,CUADRADO 100_LC4,0
201280,CUADRADO 80_LC4,0
201260,CUADRADO 60_LC4,0
201240,CUADRADO 40_LC4,0
201225,CUADRADO 25_LC4,0
201199,CUADRADO 100_LC3,0
201180,CUADRADO 80_LC3,0
201160,CUADRADO 60_LC3,0
201150,CUADRADO 50_LC3,0
201140,CUADRADO 40_LC3,0
201125,CUADRADO 25_LC3,0
201099,CUADRADO 100_LC2,0
201080,CUADRADO 80_LC2,0
201070,CUADRADO 70_LC2,0
201060,CUADRADO 60_LC2,0
201050,CUADRADO 50_LC2,0
201047,CUADRADO 45_LC2,0
201040,CUADRADO 40_LC2,0
201035,CUADRADO 35_LC2,0
201030,CUADRADO 30_LC2,0
201025,CUADRADO 25_LC2,0
201020,CUADRADO 20_LC2,0
201016,CUADRADO 16_LC2,0
200999,CUADRADO 100_AOC,0
200980,CUADRADO 80_AOC,0
200960,CUADRADO 60_AOC,0
200950,CUADRADO 50_AOC,0
200947,CUADRADO 45_AOC,0
200940,CUADRADO 40_AOC,0
200930,CUADRADO 30_AOC,0
200920,CUADRADO 20_AOC,0
200899,CUADRADO 100_INOX,0
200880,CUADRADO 80_INOX,0
200870,CUADRADO 70_INOX,0
200860,CUADRADO 60_INOX,0
200850,CUADRADO 50_INOX,0
200847,CUADRADO 45_INOX,0
200840,CUADRADO 40_INOX,0
200835,CUADRADO 35_INOX,0
200830,CUADRADO 30_INOX,0
200825,CUADRADO 25_INOX,0
200820,CUADRADO 20_INOX,0
200816,CUADRADO 16_INOX,0
2008120,CUADRADO 120_INOX,0
200799,CUADRADO 100_LMD,0
200780,CUADRADO 80_LMD,0
200770,CUADRADO 70_LMD,0
200760,CUADRADO 60_LMD,0
200750,CUADRADO 50_LMD,0
200747,CUADRADO 45_LMD,0
200740,CUADRADO 40_LMD,0
200730,CUADRADO 30_LMD,0
200725,CUADRADO 25_LMD,0
200720,CUADRADO 20_LMD,0
200716,CUADRADO 16_LMD,0
200699,CUADRADO 100_LC1,0
200680,CUADRADO 80_LC1,0
200670,CUADRADO 70_LC1,0
200660,CUADRADO 60_LC1,0
200650,CUADRADO 50_LC1,0
200647,CUADRADO 45_LC1,0
200640,CUADRADO 40_LC1,0
200635,CUADRADO 35_LC1,0
200630,CUADRADO 30_LC1,0
200625,CUADRADO 25_LC1,0
200620,CUADRADO 20_LC1,0
200616,CUADRADO 16_LC1,0
200599,CUADRADO 100_LBN,0
200580,CUADRADO 80_LBN,0
200570,CUADRADO 70_LBN,0
200560,CUADRADO 60_LBN,0
200550,CUADRADO 50_LBN,0
200547,CUADRADO 45_LBN,0
200540,CUADRADO 40_LBN,0
200535,CUADRADO 35_LBN,0
200530,CUADRADO 30_LBN,0
200525,CUADRADO 25_LBN,0
200520,CUADRADO 20_LBN,0
200516,CUADRADO 16_LBN,0
2005120,CUADRADO 120_LBN,0
200499,CUADRADO 100_BEB,0
200480,CUADRADO 80_BEB,0
200470,CUADRADO 70_BEB,0
200460,CUADRADO 60_BEB,0
200450,CUADRADO 50_BEB,0
200447,CUADRADO 45_BEB,0
200440,CUADRADO 40_BEB,0
200435,CUADRADO 35_BEB,0
200430,CUADRADO 30_BEB,0
200425,CUADRADO 25_BEB,0
200420,CUADRADO 20_BEB,0
200416,CUADRADO 16_BEB,0
2004120,CUADRADO 120_BEB,0
200399,CUADRADO 100_OEB,0
200380,CUADRADO 80_OEB,0
200370,CUADRADO 70_OEB,0
200360,CUADRADO 60_OEB,0
200350,CUADRADO 50_OEB,0
200347,CUADRADO 45_OEB,0
200340,CUADRADO 40_OEB,0
200335,CUADRADO 35_OEB,0
200330,CUADRADO 30_OEB,0
200325,CUADRADO 25_OEB,0
200320,CUADRADO 20_OEB,0
200316,CUADRADO 16_OEB,0
200299,CUADRADO 100_PEB,0
200280,CUADRADO 80_PEB,0
200270,CUADRADO 70_PEB,0
200260,CUADRADO 60_PEB,0
200250,CUADRADO 50_PEB,0
200247,CUADRADO 45_PEB,0
200240,CUADRADO 40_PEB,0
200235,CUADRADO 35_PEB,0
200230,CUADRADO 30_PEB,0
200225,CUADRADO 25_PEB,0
200220,CUADRADO 20_PEB,0
200216,CUADRADO 16_PEB,0
2002120,CUADRADO 120_PEB,0
200199,CUADRADO 100_PMD,0
200180,CUADRADO 80_PMD,0
200170,CUADRADO 70_PMD,0
200160,CUADRADO 60_PMD,0
200150,CUADRADO 50_PMD,0
200147,CUADRADO 45_PMD,0
200140,CUADRADO 40_PMD,0
200135,CUADRADO 35_PMD,0
200130,CUADRADO 30_PMD,0
200125,CUADRADO 25_PMD,0
200120,CUADRADO 20_PMD,0
200116,CUADRADO 16_PMD,0
2001120,CUADRADO 120_PMD,0
200099,CUADRADO 100_CSA,0
200080,CUADRADO 80_CSA,0
200070,CUADRADO 70_CSA,14,74
200060,CUADRADO 60_CSA,0
200050,CUADRADO 50_CSA,0
200047,CUADRADO 45_CSA,0
200040,CUADRADO 40_CSA,5,71
200035,CUADRADO 35_CSA,5,65
200030,CUADRADO 30_CSA,4,58
200025,CUADRADO 25_CSA,0
200020,CUADRADO 20_CSA,3
200016,CUADRADO 16_CSA,2,51
2000120,CUADRADO 120_CSA,0
20,CUADRADOS,0
101842,ANGULO 40x20_LMCC++,0
101784,ANGULO 80x40_LMV,0
101764,ANGULO 60x40_LMV,0
101753,ANGULO 50x30_LMV,0
101742,ANGULO 40x20_LMV,0
101721,ANGULO 20x10_LMV,0
101642,ANGULO 40x20_LMN,0
101584,ANGULO 80x40_LMC,0
101564,ANGULO 60x40_LMC,0
101542,ANGULO 40x20_LMC,0
101531,ANGULO 30x15_LMC,0
101484,ANGULO 80x40_LMP,0
101464,ANGULO 60x40_LMP,0
101453,ANGULO 50x30_LMP,0
101442,ANGULO 40x20_LMP,0
101431,ANGULO 30x15_LMP,0
101421,ANGULO 20x10_LMP,0
101284,ANGULO 80x40_LC4,0
101264,ANGULO 60x40_LC4,0
101253,ANGULO 50x30_LC4,0
101242,ANGULO 40x20_LC4,0
101231,ANGULO 30x15_LC4,0
101164,ANGULO 60x40_LC3,0
101131,ANGULO 30x15_LC3,0
101084,ANGULO 80x40_LC2,0
101064,ANGULO 60x40_LC2,0
101053,ANGULO 50x30_LC2,0
101042,ANGULO 40x20_LC2,0
101031,ANGULO 30x15_LC2,0
101021,ANGULO 20x10_LC2,0
100984,ANGULO 80x40_AOC,0
100964,ANGULO 60x40_AOC,0
100942,ANGULO 40x20_AOC,0
100931,ANGULO 30x15_AOC,0
100921,ANGULO 20x10_AOC,0
100884,ANGULO 80x40_INOX,0
100864,ANGULO 60x40_INOX,0
100853,ANGULO 50x30_INOX,0
100842,ANGULO 40x20_INOX,0
100831,ANGULO 30x15_INOX,0
100821,ANGULO 20x10_INOX,0
100784,ANGULO 80x40_LMD,0
100764,ANGULO 60x40_LMD,0
100753,ANGULO 50x30_LMD,0
100742,ANGULO 40x20_LMD,0
100731,ANGULO 30x15_LMD,0
100721,ANGULO 20x10_LMD,0
100684,ANGULO 80x40_LC1,0
100664,ANGULO 60x40_LC1,0
100653,ANGULO 50x30_LC1,0
100642,ANGULO 40x20_LC1,0
100631,ANGULO 30x15_LC1,0
100621,ANGULO 20x10_LC1,0
100584,ANGULO 80x40_LBN,6,78
100564,ANGULO 60x40_LBN,4,95
100553,ANGULO 50x30_LBN,3,87
100542,ANGULO 40x20_LBN,3
100531,ANGULO 30x15_LBN,2,43
100521,ANGULO 20x10_LBN,2,16
100484,ANGULO 80x40_BEB,0
100464,ANGULO 60x40_BEB,0
100453,ANGULO 50x30_BEB,0
100442,ANGULO 40x20_BEB,0
100431,ANGULO 30x15_BEB,0
100421,ANGULO 20x10_BEB,0
100384,ANGULO 80x40_OEB,0
100364,ANGULO 60x40_OEB,0
100353,ANGULO 50x30_OEB,0
100342,ANGULO 40x20_OEB,0
100331,ANGULO 30x15_OEB,0
100321,ANGULO 20x10_OEB,0
100284,ANGULO 80x40_PEB,0
100264,ANGULO 60x40_PEB,0
100253,ANGULO 50x30_PEB,0
100242,ANGULO 40x20_PEB,0
100231,ANGULO 30x15_PEB,0
100221,ANGULO 20x10_PEB,0
100184,ANGULO 80x40_PMD,0
100164,ANGULO 60x40_PMD,0
100153,ANGULO 50x30_PMD,0
100142,ANGULO 40x20_PMD,0
100131,ANGULO 30x15_PMD,0
100121,ANGULO 20x10_PMD,0
100084,ANGULO 80x40_CSA,5,73
100064,ANGULO 60x40_CSA,4,11
100053,ANGULO 50x30_CSA,0
100042,ANGULO 40x20_CSA,2,36
100031,ANGULO 30x15_CSA,0
100021,ANGULO 20x10_CSA,1,47
10,ANGULOS IRREGULARES,0
1940,ANGULO 40_I245,0
1935,ANGULO 35_I245,0
1930,ANGULO 30_I245,0
1925,ANGULO 25_I245,0
1920,ANGULO 20_I245,0
1840,ANGULO 40_LMCC++,0
1830,ANGULO 30_LMCC,0
1825,ANGULO 25_LMCC,0
1750,ANGULO 50_LMV,0
1740,ANGULO 40_LMV,0
1730,ANGULO 30_LME,0
1725,ANGULO 25_LMV,0
1720,ANGULO 20_LMV,0
1715,ANGULO 15_LMV,0
1630,ANGULO 30_LMN,0
1625,ANGULO 25_LMN,0
1560,ANGULO 60_LMC,0
1540,ANGULO 40_LMC,0
1535,ANGULO 35_LMC,0
1530,ANGULO 30_LMC,0
1525,ANGULO 25_LMC,0
1520,ANGULO 20_LMC,0
1515,ANGULO 15_LMC,0
1470,ANGULO 70_LMP,0
1460,ANGULO 60_LMP,0
1450,ANGULO 50_LMP,0
1447,ANGULO 45_LMP,0
1440,ANGULO 40_LMP,0
1435,ANGULO 35_LMP,0
1430,ANGULO 30_LMP,0
1425,ANGULO 25_LMP,0
1420,ANGULO 20_LMP,0
1415,ANGULO 15_LMP,0
1320,ANGULO 20_LBP,0
1250,ANGULO 50_LC4,0
1240,ANGULO 40_LC4,0
1230,ANGULO 30_LC4,0
1225,ANGULO 25_LC4,0
1220,ANGULO 20_LC4,0
1215,ANGULO 15_LC4,0
1125,ANGULO 25_LC3,0
1080,ANGULO 80_LC2,0
1073,ANGULO 70x3_LC2,0
1070,ANGULO 70_LC2,0
1060,ANGULO 60_LC2,0
1050,ANGULO 50_LC2,0
1047,ANGULO 45_LC2,0
1040,ANGULO 40_LC2,0
1035,ANGULO 35_LC2,0
1030,ANGULO 30_LC2,0
1025,ANGULO 25_LC2,0
1020,ANGULO 20_LC2,0
1015,ANGULO 15_LC2,0
950,ANGULO 50_AOC,0
947,ANGULO 45_AOC,0
940,ANGULO 40_AOC,0
935,ANGULO 35_AOC,0
930,ANGULO 30_AOC,0
925,ANGULO 25_AOC,0
920,ANGULO 20_AOC,0
915,ANGULO 15_AOC,0
880,ANGULO 80_INOX,0
870,ANGULO 70_INOX,0
860,ANGULO 60_INOX,0
850,ANGULO 50_INOX,0
847,ANGULO 45_INOX,0
840,ANGULO 40_INOX,0
835,ANGULO 35_INOX,0
830,ANGULO 30_INOX,0
825,ANGULO 25_INOX,0
820,ANGULO 20_INOX,0
815,ANGULO 15_INOX,0
773,ANGULO 70x3_LMD,0
770,ANGULO 70_LMD,0
760,ANGULO 60_LMD,0
750,ANGULO 50_LMD,0
740,ANGULO 40_LMD,0
735,ANGULO 35_LMD,0
730,ANGULO 30_LMD,0
725,ANGULO 25_LMD,0
720,ANGULO 20_LMD,0
715,ANGULO 15_LMD,0
680,ANGULO 80_LC1,0
673,ANGULO 70x3_LC1,0
670,ANGULO 70_LC1,0
660,ANGULO 60_LC1,0
650,ANGULO 50_LC1,0
647,ANGULO 45_LC1,0
640,ANGULO 40_LC1,0
635,ANGULO 35_LC1,0
630,ANGULO 30_LC1,0
625,ANGULO 25_LC1,0
620,ANGULO 20_LC1,0
615,ANGULO 15_LC1,0
580,ANGULO 80_LBN,0
573,ANGULO 70x3_LBN,0
570,ANGULO 70_LBN,0
560,ANGULO 60_LBN,0
550,ANGULO 50_LBN,0
547,ANGULO 45_LBN,0
543,ANGULO 40x3_LBN,0
540,ANGULO 40_LBN,0
535,ANGULO 35_LBN,0
530,ANGULO 30_LBN,0
525,ANGULO 25_LBN,0
520,ANGULO 20_LBN,0
515,ANGULO 15_LBN,0
480,ANGULO 80_BEB,0
473,ANGULO 70x3_BEB,0
470,ANGULO 70_BEB,0
460,ANGULO 60_BEB,0
450,ANGULO 50_BEB,0
447,ANGULO 45_BEB,0
440,ANGULO 40_BEB,0
435,ANGULO 35_BEB,0
430,ANGULO 30_BEB,0
425,ANGULO 25_BEB,0
420,ANGULO 20_BEB,0
415,ANGULO 15_BEB,0
373,ANGULO 70x3_OEB,0
370,ANGULO 70_OEB,0
360,ANGULO 60_OEB,0
350,ANGULO 50_OEB,0
347,ANGULO 45_OEB,0
340,ANGULO 40_OEB,0
335,ANGULO 35_OEB,0
330,ANGULO 30_OEB,0
325,ANGULO 25_OEB,0
320,ANGULO 20_OEB,0
315,ANGULO 15_OEB,0
280,ANGULO 80_PEB,0
273,ANGULO 70x3_PEB,0
270,ANGULO 70_PEB,0
260,ANGULO 60_PEB,0
250,ANGULO 50_PEB,0
247,ANGULO 45_PEB,0
243,ANGULO 40x3_PEB,0
240,ANGULO 40_PEB,0
235,ANGULO 35_PEB,0
230,ANGULO 30_PEB,0
225,ANGULO 25_PEB,0
220,ANGULO 20_PEB,0
215,ANGULO 15_PEB,0
180,ANGULO 80_PMD,0
173,ANGULO 70x3_PMD,0
170,ANGULO 70_PMD,0
160,ANGULO 60_PMD,0
150,ANGULO 50_PMD,0
147,ANGULO 45_PMD,0
143,ANGULO 40x3_PMD,0
140,ANGULO 40_PMD,0
135,ANGULO 35_PMD,0
130,ANGULO 30_PMD,0
125,ANGULO 25_PMD,0
120,ANGULO 20_PMD,0
115,ANGULO 15_PMD,0
80,ANGULO 80_CSA,0
73,ANGULO 70x3_CSA,14,96
70,ANGULO 70_CSA,0
60,ANGULO 60_CSA,0
50,ANGULO 50_CSA,4,07
47,ANGULO 45_CSA,0
43,ANGULO 40x3_CSA,7,04
40,ANGULO 40_CSA,3,19
35,ANGULO 35_CSA,3,41
30,ANGULO 30_CSA,2,19
25,ANGULO 25_CSA,1,87
20,ANGULO 20_CSA,1,47
15,ANGULO 15_CSA,1,15
0,ANGULOS REGULARES,0
GAVARIOS,PRODUCTOS ACABADOS,0
GG0VARIOS,GASTOS,0
GI0VARIOS,GASTOS CON IVA,0
PA0VARIOS,PRODUCTOS ACABADOS REYNAERS,0
PORTES,PORTES DE VENTA,2,96
+,,0
301120,PLETINA 20x3_LC3,0
301125,PLETINA 25x4_LC3,0
301130,PLETINA 30x4_LC3,0
301140,PLETINA 40x4_LC3,0
301165,PLETINA 65x4_LC3,0
301225,PLETINA 25x4_LC4,0
301230,PLETINA 30x4_LC4,0
301265,PLETINA 65x4_LC4,0
401131,RECTANGULAR 30x15_LC3,0
401132,RECTANGULAR 30x20_LC3,0
401136,RECTANGULAR 35x10_LC3,0
401143,RECTANGULAR 40x25_LC3,0
401146,RECTANGULAR 45x15_LC3,0
401152,RECTANGULAR 50x20_LC3,0
401156,RECTANGULAR 55x15_LC3,0
401198,RECTANGULAR 120x60_LC3,0
4012410,RECTANGULAR 40x10_LC4,0
401256,RECTANGULAR 55x15_LC4,0
401272,RECTANGULAR 70x20_LC4,0
401275,RECTANGULAR 70x50_LC4,0
401294,RECTANGULAR 100x40_LC4,0
4012944,RECTANGULAR 120x20_LC4,0
401296,RECTANGULAR 120x40_LC4,0
401299,RECTANGULAR 150x40_LC4,0
501112,REDONDO 12_LC3,0
501120,REDONDO 20_LC3,0
501125,REDONDO 25_LC3,0
501130,REDONDO 30_LC3,0
501135,REDONDO 35_LC3,0
501140,REDONDO 40_LC3,0
501160,REDONDO 60_LC3,0
501170,REDONDO 70_LC3,0
501180,REDONDO 80_LC3,0
501196,REDONDO 101,6_LC3,0
501212,REDONDO 12_LC4,0
501220,REDONDO 20_LC4,0
501225,REDONDO 25_LC4,0
501230,REDONDO 30_LC4,0
501235,REDONDO 35_LC4,0
501240,REDONDO 40_LC4,0
501245,REDONDO 45_LC4,0
501250,REDONDO 50_LC4,0
501260,REDONDO 60_LC4,0
501270,REDONDO 70_LC4,0
501280,REDONDO 80_LC4,0
501296,REDONDO 101,6_LC4,0
601120,T 20_LC3,0
601125,T 25_LC3,0
601130,T 30_LC3,0
601220,T 20_LC4,0
601230,T 30_LC4,0
701110,U 9,5_LC3,0
701115,U 15_LC3,0
701132,U 30_LC3,0
701142,U 40_LC3,0
701182,U 10x20x10_LC3,0
701183,U 15x30x15_LC3,0
701210,U 9,5_LC4,0
701215,U 15_LC4,0
701232,U 30_LC4,0
701242,U 40_LC4,0
701282,U 10x20x10_LC4,0
701283,U 15x30x15_LC4,0
701285,U 20x40x20_LC4,0
801101,MARCO ESCAPARATE_LC3,0
801104,FORRAMARCOS UNIVERSAL_LC3,0
801105,GUIA PALA CENTRAL 120_LC3,0
801108,GUIA PERSIANA 130mm_LC3,0
801111712,LAMA PANELABLE 9mm_LC3,0
801115,MACHAMBRE LISO 110mm_LC3,0
801116,MACHAMBRE 3 ONDAS_LC3,0
80111995,LAMA PANELABLE DISE�O_LC3,0
80117585,LAMA PANELABLE 8,5mm_LC3,0
08011CC0,CANTONERA COMPACTO HEMBRA_LC3,0
08011CC1,CANTONERA COMPACTO MACHO_LC3,0
20005AD1769,TAPON CURVO DCHO_BLANCO,0
20005AD1770,TAPON CURVO IZQU_BLANCO,0
20000AD1769,TAPON CURVO DCHO_CRUDO,0
20000AD1770,TAPON CURVO IZDO_CRUDO,0
62000505071,TORNILLO DIN912 M5x12 INOX,0
801204,FORRAMARCOS UNIVERSAL_LC4,0
801205,GUIA PALA CENTRAL 120_LC4,0
801206,GUIA PALA INFERIOR 120_LC4,0
801208,GUIA PERSIANA 130mm_LC4,0
801211712,LAMA PANELABLE 9mm_LC4,0
801215,MACHAMBRE LISO 110mm_LC4,0
801216,MACHAMBRE 3 ONDAS_LC4,0
80121995,LAMA PANELABLE DISE�O_LC4,0
08012CC0,CANTONERA COMPACTO HEMBRA_LC4,0
08012CC1,CANTONERA COMPACTO MACHO_LC4,0
08012LPF502,LAMA PARASOL FIJA_LC4++,0
9011151125,MARCO ELIPTICO PTA.AV-40_LC3++,0
9011152055,HOJA ELIPTICA AP.EXT.AV-40_LC3++,0
9012151001,INVERSOR PTA.AP.EXT.AV-40_LC4++,0
9012151102,HOJA ELIPTICA VTA.AV-40_LC4++,0
9012151136,MARCO ELIPTICO VTA.AV-40_LC4++,0
9012152054,HOJA P.REDON.AP.EXT.AV-40_LC4++,0
9012152055,HOJA ELIPTICA AP.EXT.AV-40_LC4++,0
2201103,RECEPTOR CRISTAL PROF.12mm_LC3,0
2201203,RECEPTOR CRISTAL PROF.12mm_LC4,0
310114372,CRUCE CENTRO EXCELSA_LC3,0
310119708,MARCO 3 CARRIL.RT EXCELSA_LC3,0
310119713,HOJA RT B-21 EXCELSA_LC3,0
310119714,HOJA RT B-25 EXCELSA_LC3,0
310119715,UNION 4 HOJAS RT EXCELSA_LC3,0
310119819,SEPAR.VIDRIO B-25 EXCELSA_LC3,0
310119857,SEPAR.VIDRIO B-21 EXCELSA_LC3,0
31011AG1,MARCO RT EXCELSA_LC3++,0
310129708,MARCO 3 CARRIL.RT EXCELSA_LC4,0
310129715,UNION 4 HOJAS RT EXCELSA_LC4,0
310129819,SEPAR.VIDRIO B-25 EXCELSA_LC4,0
310129857,SEPAR.VIDRIO B-21 EXCELSA_LC4,0
37011811,MARCO MALLORQUINA 40x20_LC3,0
37011812,TAPETA MALLORQUINA 40x20_LC3,0
37011813,MARCO TROQUELADO MALLORQ.40x20_LC3,0
37011814,MARCO 65mm.MALLORQUINA_LC3,0
37011815,LAMA TUBULAR FIJA 140mm.MALLORQ_LC3,0
37011816,LAMA SIMPLE FIJA 100mm.MALLORQ_LC3,0
37012811,MARCO MALLORQUINA 40x20_LC4,0
20005AD1780,ROTULA PASAMANO B-86D_BLANCO,0
20006AD1780,ROTULA PASAMANO B-86D_NEGRO,0
20000AD1780,ROTULA PASAMANO B-86D_CRUDO,0
37012812,TAPETA MALLORQUINA 40x20_LC4,0
37012813,MARCO TROQUELADO MALLORQ.40x20_LC4,0
37012814,MARCO 65mm.MALLORQUINA_LC4,0
37012815,LAMA TUBULAR FIJA 140mm.MALLORQ_LC4,0
37012816,LAMA SIMPLE FIJA 100mm.MALLORQ_LC4,0
4401103,COMODIN 3 CARRILES LG_LC3,0
44011FM3020,TAPAJUNTAS 30 CO/ABAT_LC3,0
4401203,COMODIN 3 CARRILES LG_LC4,0
44012FM3020,TAPAJUNTAS 30 CO/ABAT_LC4,0
54011141382,MARCO FIJO AV-100_LC3,0
54011141383,MARCO LATERAL AV-100_LC3,0
54011141384,MARCO SUPERIOR AV-100_LC3,0
54011141385,MARCO INFERIOR AV-100_LC3,0
54011141386,HOJA PERIMETRAL AV-100_LC3,0
54011141387,SUPLEM.HOJA CENTRO AV-100_LC3,0
54011141388,PERFIL 4 HOJAS AV-100_LC3,0
54012141382,MARCO FIJO AV-100_LC4,0
54012141388,PERFIL 4 HOJAS AV-100_LC4,0
5601110,MARCO INF.S/CAMARA AJ_LC3,0
56011101,MARCO SUPERIOR 3 CARR.AJ_LC3,0
56011102,MARCO LATERAL 3 CARR.AJ_LC3,0
56011103,ZOCALO RUEDAS AJ_LC3,0
56011111,MARCO INFERIOR 3 CARR.AJ_LC3,0
56011133,ZOCALO RUEDAS CLIMALIT AJ_LC3,0
56011211,MARCO PERIMETRAL AJ_LC3,0
5601130,ESQUINERO REG.HEMBRA AJ_LC3,0
5601131,ESQUINERO REG.MACHO AJ_LC3,0
5601133,HOJA RUEDAS CLIMALIT AJ_LC3,0
5601134,HOJA LATERAL 55mm.CLIM.AJ_LC3,0
5601135,HOJA CENTRO 50mm.CLIM.AJ_LC3,0
5601136,HOJA LATERAL 55mm.B-17 AJ_LC3,0
5601137,HOJA RUEDAS B-17 AJ_LC3,0
5601138,HOJA CENTRO 50mm.B-17 AJ_LC3,0
56011450,HOJA CENTRAL 45mm.CLIM.AJ_LC3,0
5601154,HOJA LATERAL 50mm.CLIM.AJ_LC3,0
5601166,TAPA EMBELLECEDOR MARCO AJ_LC3++,0
5601177,UNION MARCOS AJ_LC3,0
56011FM4,FORRAMARCO 86mm.CLIP AJ_LC3,0
820002502,HOJA VENTANA 75RT DM_CSA,0
5601115,GUIA CANTONERA MIRADOR_LC3,0
56011317,MARCO FIJO HEMBRA AJ_LC3,0
840003453,BANDEJA 86mm.DM_CSA,0
56011509,CANTONERA 90� AJ_LC3,0
5601121,FORRAMARCOS ONDULADO 85mm_LC3,0
5601204,HOJA LATERAL AJ_LC4,0
5601205,HOJA CENTRAL AJ_LC4,0
56012101,MARCO SUPERIOR 3 CARR.AJ_LC4,0
56012102,MARCO LATERAL 3 CARR.AJ_LC4,0
56012103,ZOCALO RUEDAS AJ_LC4,0
5601211,MARCO INFERIOR CAMARA AJ_LC4,0
56012111,MARCO INFERIOR 3 CARR.AJ_LC4,0
56012133,ZOCALO RUEDAS CLIMALIT AJ_LC4,0
56012211,MARCO PERIMETRAL AJ_LC4,0
5601230,ESQUINERO REG.HEMBRA AJ_LC4,0
5601231,ESQUINERO REG.MACHO AJ_LC4,0
5601234,HOJA LATERAL 55mm.CLIM.AJ_LC4,0
5601235,HOJA CENTRO 50mm.CLIM.AJ_LC4,0
5601236,HOJA LATERAL 55mm.B-17 AJ_LC4,0
5601237,HOJA RUEDAS B-17 AJ_LC4,0
5601238,HOJA CENTRO 50mm.B-17 AJ_LC4,0
5601244,HOJA LATERAL 55mm.AJ_LC4,0
5601245,HOJA CENTRAL 45mm.AJ_LC4,0
5601266,TAPA EMBELLECEDOR MARCO AJ_LC4++,0
5601277,UNION MARCOS AJ_LC4,0
5601285,FORRAM.85 CLIP DISE�.CORR_LC4,0
820002501,MARCO VENTANA 75RT DM_CSA,0
5601215,GUIA CANTONERA MIRADOR_LC4,0
56012307,MARCO FIJO CLIP AJ_LC4,0
56012317,MARCO FIJO HEMBRA AJ_LC4,0
56012509,CANTONERA 90� AJ_LC4,0
5601221,FORRAMARCOS ONDULADO 85mm_LC4,0
56012FM4,FORRAMARCO 86mm.CLIP AJ_LC4,0
58011151014,PILASTRA PUERTA MEDAS_LC3,0
58011151071,HOJA PEQUE�A MEDAS_LC3,0
58011151079,CARRIL SUP.CORREDERA MEDAS_LC3,0
58011151080,TAPA PERF.151079XX MEDAS_LC3,0
58011151081,CARRIL INF.CORREDERA MEDAS_LC3,0
58011151189,ZOCALO 120mm.MEDAS_LC3,0
58011421005,JUNQUILLO HUECO NETO 10mm_LC3,0
58011421006,JUNQUILLO H-17mm.MEDAS_LC3,0
58011421009,JUNQUILLO H-32mm_LC3,0
58011421540,PLETINA CREMONA_LC3,0
58012151080,TAPA PERF.151079XX MEDAS_LC4,0
58012151097,TAPA LATERAL MEDAS_LC4,0
58012151189,ZOCALO 120mm.MEDAS_LC4,0
58012421005,JUNQUILLO HUECO NETO 10mm_LC4,0
58012421540,PLETINA CREMONA_LC4,0
58012421617,PERFIL GUIA SUELO MEDAS_LC4,0
650113803,MARCO SOLAPE ROTURA_LC3++,0
650113804,HOJA VENTANA ROTURA_LC3++,0
650113808,PILASTRA VENTANA ROTURA_LC3++,0
650113809,INVERSOR ROTURA_LC3++,0
650113811,UNION MARCOS 50mm.ROTURA_LC3,0
650113812,HOJA VENTANA S/JUNQ.ROTURA_LC3++,0
650113814,FORRAMARCO 45mm.DISE�O_LC3++,0
650113815,CANTONERA ABISAG.ROTURA_LC3,0
650113840,MARCO PUERTA ROTURA_LC3++,0
650113841,HOJA PUERTA ROTURA_LC3++,0
650113842,HOJA PTA.APER.EXT.ROTURA_LC3++,0
650113843,ZOCALO CENTRAL 140mm_LC3++,0
650114376,FORRAMARCO 36mm.DISE�O_LC3++,0
650123803,MARCO SOLAPE ROTURA_LC4++,0
650123808,PILASTRA VENTANA ROTURA_LC4++,0
650123812,HOJA VENTANA S/JUNQ.ROTURA_LC4++,0
650123814,FORRAMARCO 45mm.DISE�O_LC4++,0
650123815,CANTONERA ABISAG.ROTURA_LC4,0
650123843,ZOCALO CENTRAL 140mm_LC4++,0
670114810,MARCO EU-55_LC3,0
670114811,HOJA C/JUNQ.INCORPORADO EU-55_LC3,0
670114812,TRAVESA�O EU-55_LC3,0
670114813,UNION MARCOS EU-55_LC3,0
670114814,JUNQUILLO EU-55_LC3,0
670124810,MARCO EU-55_LC4,0
670124811,HOJA C/JUNQ.INCORPORADO EU-55_LC4,0
670124812,TRAVESA�O EU-55_LC4,0
670124813,UNION MARCOS EU-55_LC4,0
670124814,JUNQUILLO EU-55_LC4,0
2101110,TUBO ORNAMENTAL_LC3,0
2101186D,PASAMANO_LC3,0
2101154,ANCLAJE CRISTAL_LC3,0
2101155,TAPETA ANCLAJE CRISTAL_LC3,0
4401852,TAPAJUNTAS 45mm.LG_LMCC++,0
2101210,TUBO ORNAMENTAL_LC4,0
1701150,PILASTRA AUTORR.40x20_LC3,0
1701250,PILASTRA AUTORR.40x20_LC4,0
4401178,UNION CORREDERA LG/ABISAG_LC3,0
4401278,UNION CORREDERA LG/ABISAG_LC4,0
56011307,MARCO FIJO CLIP AJ_LC3,0
58011421617,PERFIL GUIA SUELO MEDAS_LC3,0
650113825,PILASTRA PUERTA ROTURA_LC3++,0
80087320,LAMA TUBULAR 150mm_INOX,0
240063125001,CHAPA 3x1,25x1,5 1C P1_LC1,0
61009300019,VIERTEAGUAS_AOC,0
61000030019,TRAVESERO 76mm_CSA++,0
61000303607,JUNQUILLO 11,2mm_CSA,0
61000303627,JUNQUILLO 20,2mm_CSA,0
61009303607,JUNQUILLO 11,2mm_AOC,0
61009303627,JUNQUILLO 20,2mm_AOC,0
61008010071,PERFIL DE SUELO_INOX++,0
770116499,LAMA SOLUXE_LC3,0
4401947,TAPAJUNTAS 30mm.LG_I245,0
61019420827,TAPABOCAS REGI.PLANO 50824_I245,0
58019421011,JUNQUILLO H-27mm_I245,0
5601977,UNION MARCOS AJ_I245,0
1101925,JUNQUILLO 3mm.EU/4000_I245++,0
240083121101,CHAPA 3x1,25x1 2C P1_INOX,0
20008AD1780,ROTULA PASAMANO B-86D_INOX,0
20008AD1767,"ROTULA""U""17,7x30_INOX",0
61012303614,JUNQUILLO CS 32,2mm_LC4,0
1100324,JUNQUILLO 10mm.EU/4000_OEB++,0
44003141,TAPAJUNTAS 40mm.P/GUIA LG_OEB,0
61000380130,REDONDO 63mm_CSA,0
62000756141,BRAZO LATERAL 115x1455mm_CSA,0
61000303635,JUNQUILLO 44,2mm_CSA,0
61010381001,LAMINA 140mm_LC2,0
61010380130,REDONDO 63mm_LC2,0
62010756141,BRAZO LATERAL 115x1455mm_LC2,0
61008083102,HOJA VENTANA 68mm.CS77_INOX,0
61008303635,JUNQUILLO 44,2mm_INOX,0
62000716620,ESCUADRA REGULABLE,0
62000717101,PIEZA UNION ESQUINA EXTERIOR 90�,0
62000717102,PIEZA UNION ESQUINA EXTERIOR 135�,0
62000717105,PIEZA UNION ESQUINA INTERIOR 90�,0
62000716735,PIEZA UNION ESQUINA EXTERIOR 90�,0
600725,T 25_LMD,0
990003500X4,PRENSA NEUMATICA MOD 3500X4,0
9900014474,"PLEGADORA SUPERMAX""10""COD 14474",0
99000450,TRONZ.DOBLE BLITZ ALVA 450 A 4 MTS,0
650103840,MARCO PUERTA ROTURA_LC2++,0
650103841,HOJA PUERTA ROTURA_LC2++,0
2100564,PASAMANOS RECTANG.60x40_LBN,0
71007061601,MARCO INFERIOR TLS-110_LMD,0
71007061602,MARCO LATERAL TLS-110_LMD,0
71007061603,MARCO SUPERIOR TLS-110_LMD,0
71007061630,CRUCE TLS-110_LMD,0
20008AD1768,"ANCLAJE""U""17,7x30_INOX",0
8300530312,ESQUINERO JUNQUILLO REDONDO DM_BLANCO,0
20006AD1714,TAPON PASAMANO RECTANGULAR_NEGRO,0
61007063621,HOJA TLS110_LMD++,0
8300030460,JGO.TAPA INVERSORA CURVA 45RT DM,0
8300031055,ANGULO VULCANIZADO J.CENTRAL 45RT DM,0
8300031050,JUNTA CENTRAL 45RT DM,0
08006PO36,PREMARCO OBRA 36mm_LC1,0
650063814,FORRAMARCO 45mm.DISE�O_LC1++,0
300515,PLETINA 15x5_LBN,4,81
110004508,TAPAJUNTAS 30mm.4000_CSA,0
62006716765,TAPETA LATERAL CANAL_NEGRO,0
62000689091,TOPE UNION 22mm,0
61000160508,PERFIL SUPERIOR 110/58_CSA,0
61000160509,TAPETA MARCO 110/58_CSA,0
74000608717,ESCUADRA ALINEAMIENTO,0
61005160508,PERFIL SUPERIOR 110/58_LBN,0
61005160509,TAPETA MARCO 110/58_LBN,0
61005160518,PERFIL DE SELLADO_LBN,0
61005160120,TE TRANSVERSAL 85mm.CPS59_LBN,0
61005303615,JUNQUILLO CS 35,2mm_LBN,0
240051PR5101,CHAPA PERF.2x1x1 R�5 2C_LBN,0
73002160817,ZOCALO CENTRAL 151mm.CS-59_PEB,0
8300630467,JGO.PIVOTES DM_NEGRO,0
8300639999,KIT CIERRE PERIMETRAL PIVOTANTE DM_NEGRO,0
80001445,LAMA TUBULAR 144,5mm_CSA,0
800101,MARCO ESCAPARATE_PMD,0
2100164,PASAMANOS RECTANG.60x40_PMD,0
80011445,LAMA TUBULAR 144,5mm_PMD,0
37009812,TAPETA MALLORQUINA 40x20_AOC,0
80091445,LAMA TUBULAR 144,5mm_AOC,0
08000PL1445,PLETINA TALADRADA G-150_CSA,0
08009PL1445,PLETINA TALADRADA G-150_AOC,0
08001PL1445,PLETINA TALADRADA G-150_PMD,0
84000219,LAMA CURVA 139mm.DM_CSA,0
84000289,GUIA PERSIANA 83x53 DM_CSA,0
84000288,SOLAPE 45mm.DM_CSA,0
84000280,CELOSIA P/ATORNILLAR 50mm.DM_CSA,0
84000256,ANGULO C/PORTATORNILLOS DM_CSA,0
84000279,SOPORTE CELOSIA DM_CSA,0
84005279,SOPORTE CELOSIA DM_LBN,1,99
62000A3930,BRAZO MUELLE AEREO,0
62000657557,ACCESORIOS MUELLE AEREO,0
84005289,GUIA PERSIANA 83x53 DM_LBN,6,46
84005288,SOLAPE 45mm.DM_LBN,2,29
84005280,CELOSIA P/ATORNILLAR 50mm.DM_LBN,2,68
84005256,ANGULO C/PORTATORNILLOS DM_LBN,1,73
62006756216,FIJACION PARED_NEGRO,0
13006G1501,JGO.TAPONES NYLON G-150_NEGRO,0
13001G1501,JGO.TAPONES NYLON G-150_GRIS,0
13006G1502D,MANETA FRENO ALUM.G-150 DCHA_NEGRO,0
13006G1502I,MANETA FRENO ALUM.G-150 IZDA_NEGRO,0
13001G1502I,MANETA FRENO ALUM.G-150 IZDA_GRIS,0
13001G1502D,MANETA FRENO ALUM.G-150 DCHA_GRIS,0
37008812,TAPETA MALLORQUINA 40x20_INOX,0
80081445,LAMA TUBULAR 144,5mm_INOX,0
08008PL1445,PLETINA TALADRADA G-150_INOX,0
401994,RECTANGULAR 100x40_I245,0
401964,RECTANGULAR 60x40_I245,0
401998,RECTANGULAR 120x60_I245,0
4019944,RECTANGULAR 120x20_I245,0
401952,RECTANGULAR 50x20_I245,0
61006341560,MAINEL ESQ.63,5x63,5 CW50_LC1,0
61006342528,TRANSVERSAL 204,35mm.CW50_LC1,0
80056962,LAMA TUBULAR 120mm_LBN,0
80086962,LAMA TUBULAR 120mm_INOX,0
62000737324,TOPE UNION,0
62000737220,PIEZA SOPORTE VERTICAL 20,2mm,0
62000735208,ARANDELA DENTADA P/FIJACION,0
62000735234,EJE 08x120,0
61000M04010,PLETINA 40x10mm_CSA,0
08008PO36,PREMARCO OBRA 36mm_INOX,0
810052112,MARCO VENTANA CURVO S45 DM_LBN,0
810052148,HOJA VENTANA 68mm.CURVA S45 DM_LBN,0
810052146,INVERSOR RECTO S45 DM_LBN,0
810052809,JUNQUILLO RECTO 22,5 DM_LBN,0
410013123282,SANDW.3000x1250x32 2C_PLATA,0
820082511,HOJA PUERTA 75RT DM_INOX,40,68
820082504,TRAVESA�O 75RT DM_INOX,32,25
810082812,JUNQUILLO RECTO 35 DM_INOX,4,2
240001R25001,CHAPA PERF.2x1x1 R�2,5_CSA,0
240051R25101,CHAPA PERF.2x1x1 R�2,5 2C_LBN,0
13000692,TAPA OVALADA P/6962_CRUDO,0
13005692,TAPA OVALADA P/6962_BLANCO,0
8300031056,ANGULO VULCANIZADO DM,0
8000630370,TAPA DESAG�E DM_NEGRO,0
8300031051,JUNTA CENTRAL DM,0
820012414,MARCO PUERTA RECTO 60RT DM_PMD,0
820012443,HOJA VENTANA RECTA 60RT DM_PMD,0
820012423,TRAVESA�O PUERTA 60RT DM_PMD,0
810012807,JUNQUILLO RECTO 14 DM_PMD,0
810012808,JUNQUILLO RECTO 17,5 DM_PMD,0
840012818,GOTERON DM_PMD,1,2
8300030371,TAPA SALIDA DE AGUAS DM++,0
13005G1501,JGO.TAPONES NYLON G-150_BLANCO,0
13005G1502D,MANETA FRENO ALUM.G-150 DCHA_BLANCO,0
13005G1502I,MANETA FRENO ALUM.G-150 IZDA_BLANCO,0
84005238,LAMA PARASOL ELIPTICA 100mm.DM_LBN,4,05
84005224,MARCO TROQUELADO DM_LBN,5,18
84000238,LAMA PARASOL ELIPTICA 100mm.DM_CSA,0
84000224,MARCO TROQUELADO DM_CSA,0
61001070522,REMATE SUPER.110mm TR100/2_PMD,0
401821,RECTANGULAR 20x10_LMCC++,0
310019708,MARCO 3 CARRIL.RT EXCELSA_PMD,0
310019713,HOJA RT B-21 EXCELSA_PMD,0
69007508521,MARCO P/CURVAR MEZQUITA_LMD,0
69007508543,PILASTRA P/CURVAR MEZQUITA_LMD,0
110064508,TAPAJUNTAS 30mm.4000_LC1,0
201220,CUADRADO 20_LC4,0
110054508,TAPAJUNTAS 30mm.4000_LBN,0
24000C231001,CHAPA PERF.3x1,25x1,2 C�20_CSA,93,82
100953,ANGULO 50x30_AOC,0
24005C231101,CHAPA PERF.3x1,25x1,2 C�20 2C_LBN,0
37018802N,MARCO-HOJA NACO_LMCC++,0
37018809N,LAMA 3/4 NACO_LMCC,0
201480,CUADRADO 80_LMP,0
8300031030,JUNTA CENTRAL 40-45 DM,0
8300030190,ESCUADRA ALINEACION 15x15x0,8 DM,0
8300030450,JGO.TAPA INVERSORA 45 DM,0
240081R10101,CHAPA PERF.2x1x1 R�10 2C_INOX,0
240081R25101,CHAPA PERF.2x1x1 R�2,5 2C_INOX,0
2401020001,CHAPA 2x1x2 1C P1_LC2,0
101521,ANGULO 20x10_LMC,0
61003221220,MONTANTE BARROTE LAT.RB10_OEB,0
61003220203,TAPA PASAMANOS PLANA RB10_OEB,0
8300030440,JGO.TAPA INVERSORA 40 DM,0
8300031035,ANGULO VULCANIZADO 40-45 DM,0
8300030630,TOPE ZANCA VENTANA 14x18 DM,0
8300030184,ESCUADRA ALIN.C/EXCENTRICOS PRACT.DM,0
810052011,MARCO VENTANA RECTO S40 DM_LBN,0
810052022,TRAVESA�O VENTANA S40 DM_LBN,0
810052006,HOJA BALCONERA RECTA S40 DM_LBN,0
810052046,INVERSOR RECTO S40 DM_LBN,0
810052003,HOJA VENTANA 68mm.RECTA S40 DM_LBN,0
820002302,HOJA VENTANA CURVA 45RT DM_CSA,0
4600510519,PERFIL REMATE COBIJA_LBN,6,69
820002355,HOJA PUERTA RECTA 45RT DM_CSA,0
810052042,HOJA VENTANA 68mm.CURVA S40 DM_LBN,0
820012341,MARCO VENTANA RECTO 45RT DM_PMD,0
820012323,TRAVESA�O PUERTA 45RT DM_PMD,0
820012355,HOJA PUERTA RECTA 45RT DM_PMD,0
240003121001,CHAPA 3x1,25x1_CSA,64,83
240073121001,CHAPA 3x1,25x1 1C P1_LMD,0
2100686D,PASAMANO_LC1,0
820002351,MARCO VTNA.RECTO C/SOLAPE 45RT DM_CSA,0
820002324,ZOCALO 45RT DM_CSA,0
820002340,HOJA VENTANA APER.EXT.45RT DM_CSA,0
820002339,HOJA PUERTA APER.EXT.45RT DM_CSA,0
820002846,SOPORTE COMPASES Y GRAPA DM_CSA,0
820002345,HOJA PUERTA 93mm.CURVA 45RT DM_CSA,0
810052121,TRAVESA�O S45 DM_LBN,0
820052341,MARCO VENTANA RECTO 45RT DM_LBN,14,21
820052314,MARCO PUERTA RECTO 45RT DM_LBN,15,89
820052321,TRAVESA�O VENTANA 45RT DM_LBN,15,35
820052323,TRAVESA�O PUERTA 45RT DM_LBN,16,99
820052316,INVERSOR RECTO 45RT DM_LBN,15,47
820052355,HOJA PUERTA RECTA 45RT DM_LBN,21
820052303,HOJA GENERAL RECTA 45RT DM_LBN,15,07
820052305,HOJA PUERTA CURVA 45RT DM_LBN,17,46
820052345,HOJA PUERTA 93mm.CURVA 45RT DM_LBN,19,64
820052342,HOJA VENTANA 68mm.CURVA 45RT DM_LBN,16,45
8300030645,GRAPA AJUNQUILLAR DM,0
110024508,TAPAJUNTAS 30mm.4000_PEB,0
810082012,MARCO VENTANA CURVO S40 DM_INOX,12,75
810082033,HOJA PUERTA APERT.EXT.CURVA S40 DM_INOX,18,83
810082046,INVERSOR RECTO S40 DM_INOX,14,43
810082022,TRAVESA�O VENTANA S40 DM_INOX,14,12
810052902,MARCO PUERTA C/RESALTE S45 DM_LBN,0
840002817,SOLAPE 30mm.DM_CSA,0
810002901,HOJA PUERTA APERT.INT.S45 DM_CSA,0
810002902,MARCO PUERTA C/RESALTE S45 DM_CSA,0
810002163,MARCO ESCAPARATE S45 DM_CSA,0
7900031215,CRUCE HOJAS PVC 125RT DM,0
7900031216,TAPA MARCO PVC 125RT DM,0
7900031205,CRUCE HOJAS PVC 85RT DM,0
7900031200,TAPA MARCO PVC 85RT DM,0
8000031061,JUNTA ELEVABLE DM,0
8000030464,JGO.TAPAS CRUCE HOJAS DM,0
8000030668,RUEDA TANDEM REGULABLE DM,0
8000030400,JGO.TAPETAS CORREDERA DM,0
8000030310,AMORTIGUADOR LATERAL DM,0
8000030121,CORTAVIENTOS SUP/INF DM,0
8300030182,ESCUADRA FORRO CURVADA DM,0
61000043310,JUNQUILLO 27mm_CSA++,0
71011061700,MARCO INFERIOR 3 CARRILES TLS-110_LC3,0
71011061702,MARCO LATERAL 3 CARRILES TLS-110_LC3,0
71011061703,MARCO SUPERIOR 3 CARRILES TLS-110_LC3,0
71011061630,CRUCE TLS-110_LC3,0
61011063621,HOJA TLS110_LC3++,0
840112864,SOLAPE 49mm.DM_LC3,3,51
61006052504,HOJA OCULTA JUNQ.EXT.CS68_LC1++,0
61006043310,JUNQUILLO 27mm_LC1++,0
810072901,HOJA PUERTA APERT.INT.S45 DM_LMD,21,52
810072902,MARCO PUERTA C/RESALTE S45 DM_LMD,20,76
810072163,MARCO ESCAPARATE S45 DM_LMD,52,81
790003413,MARCO PERIMETRAL 85RT DM_CSA,0
790003406,HOJA PERIMETRAL RECTA 85RT DM_CSA,0
790003409,CRUCE HOJAS 85RT DM_CSA,0
840002865,SOLAPE 45mm.DM_CSA,0
810002827,JUNQUILLO RECTO 38 DM_CSA,0
4400352,TAPAJUNTAS 45mm.LG_OEB,0
790002620,MARCO PERIMETRAL 125RT DM_CSA,0
790002621,HOJA PERIMETRAL 125RT DM_CSA,0
790002622,CRUCE HOJAS 125RT DM_CSA,0
790002623,TAPA CANAL MARCO 125RT DM_CSA,0
790002627,GUIA INFERIOR 125RT DM_CSA,0
840002860,SOLAPE 50mm.DM_CSA,0
790113413,MARCO PERIMETRAL 85RT DM_LC3,0
790113406,HOJA PERIMETRAL RECTA 85RT DM_LC3,0
790113409,CRUCE HOJAS 85RT DM_LC3,0
840112865,SOLAPE 45mm.DM_LC3,0
820112501,MARCO VENTANA 75RT DM_LC3,0
820112502,HOJA VENTANA 75RT DM_LC3,0
820112504,TRAVESA�O 75RT DM_LC3,0
810112827,JUNQUILLO RECTO 38 DM_LC3,3,36
790112620,MARCO PERIMETRAL 125RT DM_LC3,0
790112621,HOJA PERIMETRAL 125RT DM_LC3,0
790112622,CRUCE HOJAS 125RT DM_LC3,0
790112623,TAPA CANAL MARCO 125RT DM_LC3,0
790112627,GUIA INFERIOR 125RT DM_LC3,0
840112860,SOLAPE 50mm.DM_LC3,0
20001AD1748,PEANA EXTERIOR 40x20_PLATA,0
840052817,SOLAPE 30mm.DM_LBN,1,79
820012314,MARCO PUERTA RECTO 45RT DM_PMD,0
71002303099,TAPA REFUERZO SOBREP.TRANSV_PEB,0
810072011,MARCO VENTANA RECTO S40 DM_LMD,14,51
810072003,HOJA VENTANA 68mm.RECTA S40 DM_LMD,17,82
810052012,MARCO VENTANA CURVO S40 DM_LBN,0
810052047,INVERSOR CURVO S40 DM_LBN,0
810052013,MARCO FIJO 60mm.BANDERA S40 DM_LBN,0
810052008,HOJA VENTANA S/JUNQUILLO S40 DM_LBN,0
810052009,HOJA BALCON APERT.EXT.CURVA S40 DM_LBN,0
810052026,TRAVESA�O PUERTA S40 DM_LBN,0
810052014,MARCO PUERTA RECTO S40 DM_LBN,0
810052005,HOJA BALCONERA CURVA S40 DM_LBN,0
810052024,ZOCALO CENTRAL S40 DM_LBN,0
810052032,HOJA PUERTA 93mm.CURVA S40 DM_LBN,0
810052033,HOJA PUERTA APERT.EXT.CURVA S40 DM_LBN,0
240101C30101,CHAPA PERF.2x1x1 C�30 2C_LC2,0
7500316002,MARCO VENTANA CAMARA 16_OEB,0
7500316001,HOJA VENTANA CAMARA 16_OEB,0
820002507,MARCO VTNA.HOJA OCULTA 75RT DM_CSA,0
820002508,HOJA VTNA.OCULTA 75RT DM_CSA,0
810002509,JUNQUILLO HOJA OCULTA DM_CSA,0
820002514,TRAVES.SIM�TRICO H.OCULTA 75RT DM_CSA,0
810002510,JUNQUILLO 48 HOJA OCULTA DM_CSA,0
8300030615,ESCUADRA ALINEACION 25x7,5x1,2 DM,0
8300030631,TOPE ZANCA DM,0
8300031058,ANGULO VULCANIZADO HOJA OCULTA DM,0
8300031062,JUNTA EXTERIOR HOJA OCULTA DM,0
820082507,MARCO VTNA.HOJA OCULTA 75RT DM_INOX,32,63
820082508,HOJA VTNA.OCULTA 75RT DM_INOX,32,24
810082509,JUNQUILLO HOJA OCULTA DM_INOX,2,45
820082514,TRAVES.SIM�TRICO H.OCULTA 75RT DM_INOX,36,47
810082510,JUNQUILLO 48 HOJA OCULTA DM_INOX,8,93
240003152001,CHAPA 3x1,5x1,2_CSA,98,2
2100554,ANCLAJE CRISTAL_LBN,0
2100555,TAPETA ANCLAJE CRISTAL_LBN,0
401962,RECTANGULAR 60x20_I245,0
110194062,UNION BANDERA 4000/BL/AJ_I245,0
820072501,MARCO VENTANA 75RT DM_LMD,37,11
820072511,HOJA PUERTA 75RT DM_LMD,50,24
820072504,TRAVESA�O 75RT DM_LMD,39,08
810072812,JUNQUILLO RECTO 35 DM_LMD,7,99
810072828,REMATE INFERIOR HOJA DM_LMD,8,4
820122501,MARCO VENTANA 75RT DM_LC4,23,43
820122502,HOJA VENTANA 75RT DM_LC4,27,25
820122503,INVERSOR 75RT DM_LC4,21,6
820122511,HOJA PUERTA 75RT DM_LC4,29,24
820122504,TRAVESA�O 75RT DM_LC4,24,47
810122812,JUNQUILLO RECTO 35 DM_LC4,6,1
61006303610,JUNQUILLO CS 20,2mm_LC1,0
74000809079,JUNTA TOPE PUERTA CS-59,0
61000A15072,RECTANGULAR 150x70x2,7_CSA,0
460075109,POSTE SOPORTE Y EVACUACION_LMD,27,62
460075103A,SOPORTE CANALON_LMD,28,18
84000364,LAMA CELOSIA PLANA DM_CSA,0
84005364,LAMA CELOSIA PLANA DM_LBN,3,83
810012828,REMATE INFERIOR HOJA DM_PMD,0
2100155,TAPETA ANCLAJE CRISTAL_PMD,0
2100154,ANCLAJE CRISTAL_PMD,0
2100464,PASAMANOS RECTANG.60x40_BEB,0
810052828,REMATE INFERIOR HOJA DM_LBN,0
820052846,SOPORTE COMPASES Y GRAPA DM_LBN,1,91
640010761B,CREM.NEFER C/LLAVE 1PI.104_PLATA,0
770066499,LAMA SOLUXE_LC1,0
770066500,BASTIDOR SOLUXE_LC1,0
770066501,RASTREL SOLUXE_LC1,0
820002845,CANAL BISAGRAS DM_CSA,0
820052324,ZOCALO 45RT DM_LBN,23,45
820052845,CANAL BISAGRAS DM_LBN,2,03
820002356,HOJA PUERTA EXT.95mm.CURVA 45RT DM_CSA,0
820002312,MARCO VENTANA CURVO 45RT DM_CSA,0
820052351,MARCO VTNA.RECTO C/SOLAPE 45RT DM_LBN,15,37
820052340,HOJA VENTANA APER.EXT.45RT DM_LBN,18,86
820052339,HOJA PUERTA APER.EXT.45RT DM_LBN,26,26
820052356,HOJA PUERTA EXT.95mm.CURVA 45RT DM_LBN,20,69
820052312,MARCO VENTANA CURVO 45RT DM_LBN,15,44
61012214533,TAPETA 8mm.CS_LC4,0
820072341,MARCO VENTANA RECTO 45RT DM_LMD,15,95
820072302,HOJA VENTANA CURVA 45RT DM_LMD,22,38
820072305,HOJA PUERTA CURVA 45RT DM_LMD,23,79
820072316,INVERSOR RECTO 45RT DM_LMD,20,77
820072323,TRAVESA�O PUERTA 45RT DM_LMD,19,5
810072821,JUNQUILLO GRAPA 14 DM_LMD,4,58
46005PT,PLETINA DE CIERRE_LBN,2,69
20000AD1719,PEANA EXT.40x20 DESPL.30mm_CRUDO,0
2100786D,PASAMANO_LMD,0
460015103A,SOPORTE CANALON_PMD,0
460015103B,U CANALON RECOGIDA DE AGUAS_PMD,0
460015174,EMBELLECEDOR CANALON RECOG.AGUAS_PMD,0
61001I70522,REMATE INF/INT.A OBRA 45mm_PMD,0
61001214535,MAINEL 18mm.CS_PMD,0
20008AD1769,TAPON CURVO DCHO_INOX,0
20008AD1782,SOPORTE VIDRIO 50mm_INOX,0
20008AD1714,TAPON PASAMANO RECTANGULAR_INOX,0
810062014,MARCO PUERTA RECTO S40 DM_LC1,10,09
810062032,HOJA PUERTA 93mm.CURVA S40 DM_LC1,14,88
810062046,INVERSOR RECTO S40 DM_LC1,11,32
20000AD1725,PEANA EXT.40x20 DESPL.30mm_CRUDO,0
20000AD1748,PEANA EXTERIOR 40x20_CRUDO,0
20000AD1704,PIE BARANDILLA SUP.40x20_CRUDO,0
20000AD1814,ROTULA INVERTIDA PASAMANO B-86D_CRUDO,0
20006AD1725,PEANA EXT.40x20 DESPL.30mm_NEGRO,0
20006AD1748,PEANA EXTERIOR 40x20_NEGRO,0
20006AD1814,ROTULA INVERTIDA PASAMANO B-86D_NEGRO,0
8500072701,TAPAJUNTAS 33mm.ELV100_CSA,0
85000940304,JUNQUILLO 26mm.ELV100_CSA,0
8500010001,MARCO PERIMETRAL ELV100_CSA,0
8500010004,SUPLEM.CURVO HOJA CENTRO ELV100_CSA,0
8500010060,HOJA PERIMETRAL ELV100_CSA,0
810062062,MARCO VENTANA CURVO C/SOLAPE S40 DM_LC1,11,41
810062012,MARCO VENTANA CURVO S40 DM_LC1,9,96
810062003,HOJA VENTANA 68mm.RECTA S40 DM_LC1,10,96
810062022,TRAVESA�O VENTANA S40 DM_LC1,11,01
810062806,JUNQUILLO RECTO 11,5 DM_LC1,3,68
8500610001,MARCO PERIMETRAL ELV100_LC1,0
8500610060,HOJA PERIMETRAL ELV100_LC1,0
8500610004,SUPLEM.CURVO HOJA CENTRO ELV100_LC1,0
8500672701,TAPAJUNTAS 33mm.ELV100_LC1,0
85006940304,JUNQUILLO 26mm.ELV100_LC1,0
850,CORREDERA ELV-100,0
860,ACC.CORREDERA ELV-100,0
820082341,MARCO VENTANA RECTO 45RT DM_INOX,14,09
820082314,MARCO PUERTA RECTO 45RT DM_INOX,15,82
820082303,HOJA GENERAL RECTA 45RT DM_INOX,15,06
820082312,MARCO VENTANA CURVO 45RT DM_INOX,15,43
820082305,HOJA PUERTA CURVA 45RT DM_INOX,17,59
820082355,HOJA PUERTA RECTA 45RT DM_INOX,21,3
820082345,HOJA PUERTA 93mm.CURVA 45RT DM_INOX,19,91
820082340,HOJA VENTANA APER.EXT.45RT DM_INOX,18,94
820082339,HOJA PUERTA APER.EXT.45RT DM_INOX,26,6
820082356,HOJA PUERTA EXT.95mm.CURVA 45RT DM_INOX,20,81
820082321,TRAVESA�O VENTANA 45RT DM_INOX,15,31
820082323,TRAVESA�O PUERTA 45RT DM_INOX,17,03
820082324,ZOCALO 45RT DM_INOX,23,69
820082316,INVERSOR RECTO 45RT DM_INOX,15,39
820082846,SOPORTE COMPASES Y GRAPA DM_INOX,2,11
820082845,CANAL BISAGRAS DM_INOX,3,31
810082828,REMATE INFERIOR HOJA DM_INOX,4,52
840082817,SOLAPE 30mm.DM_INOX,2,53
820082302,HOJA VENTANA CURVA 45RT DM_INOX,15,64
61006083136,MARCO VENTANA 51mm.CS77_LC1,0
61006083122,INVERSOR PIVOTANTE CS77_LC1,0
61006083102,HOJA VENTANA 68mm.CS77_LC1,0
61006083132,PERFIL CANTONERO 90�_LC1,0
61006083120,TE TRANSVERSAL 89mm.CS77_LC1,0
8500072702,TAPAJUNTAS 43mm.ELV100_CSA,0
820152341,MARCO VENTANA RECTO 45RT DM_LMC,15,94
820152303,HOJA GENERAL RECTA 45RT DM_LMC,17,16
820152355,HOJA PUERTA RECTA 45RT DM_LMC,24,7
820152321,TRAVESA�O VENTANA 45RT DM_LMC,17,45
820152316,INVERSOR RECTO 45RT DM_LMC,17,49
8500972702,TAPAJUNTAS 43mm.ELV100_AOC,0
20005AD1814,ROTULA INVERTIDA PASAMANO B-86D_BLANCO,0
810102011,MARCO VENTANA RECTO S40 DM_LC2,6,26
810102014,MARCO PUERTA RECTO S40 DM_LC2,7,07
810102042,HOJA VENTANA 68mm.CURVA S40 DM_LC2,8,48
810102033,HOJA PUERTA APERT.EXT.CURVA S40 DM_LC2,10,41
85010940304,JUNQUILLO 26mm.ELV100_LC2,0
840102817,SOLAPE 30mm.DM_LC2,2,06
810072012,MARCO VENTANA CURVO S40 DM_LMD,16,09
810072042,HOJA VENTANA 68mm.CURVA S40 DM_LMD,19,05
810072047,INVERSOR CURVO S40 DM_LMD,19,13
860001001303,JGO.PRESILLAS(4 PIEZAS) ELV100,4,46
860001001501,JUEGO CORTAVIENTOS ELV100,1,17
8500072703,TAPAJUNTAS 60mm.ELV100_CSA,0
810052103,HOJA GENERAL 68mm.RECTA S45 DM_LBN,0
860001008163,CARRIL RODADURA PVC NEGRO ELV100,1,05
2100664,PASAMANOS RECTANG.60x40_LC1,0
4801252,PILASTRA PUERTA EU_LC4,0
810152812,JUNQUILLO RECTO 35 DM_LMC,7,99
8500772703,TAPAJUNTAS 60mm.ELV100_LMD,0
61010063621,HOJA TLS110_LC2++,0
84002238,LAMA PARASOL ELIPTICA 100mm.DM_PEB,4,47
770005348,LAMA CELOSIA V-5_CSA,0
770015348,LAMA CELOSIA V-5_PMD,0
810052821,JUNQUILLO GRAPA 14 DM_LBN,0
810052802,JUNQUILLO CURVO 14 DM_LBN,0
770005306,SOPORTE DOBLE CELOSIA_CSA,0
770015306,SOPORTE DOBLE CELOSIA_PMD,0
820112511,HOJA PUERTA 75RT DM_LC3,0
400061,RECTANGULAR 60x10_CSA,5,2
400861,RECTANGULAR 60x10_INOX,0
400561,RECTANGULAR 60x10_LBN,0
110124034,PLETINA CREMONA 4000_LC4,0
400161,RECTANGULAR 60x10_PMD,0
400261,RECTANGULAR 60x10_PEB,0
820102453,HOJA PIVOTANTE 60RT DM_LC2,18,45
820102454,INVERSOR PIVOTANTE 60RT DM_LC2,14,68
820102441,MARCO VENTANA RECTO 60RT DM_LC2,13,08
820102442,HOJA VENTANA CURVA 60RT DM_LC2,15,09
810102809,JUNQUILLO RECTO 22,5 DM_LC2,3,09
8300030461,JGO.TAPA INVERSORA DM,0
8000030126,CORTAVIENTOS SUPERIOR DM,0
8000030122,CORTAVIENTOS 43mm.DM,0
110014508,TAPAJUNTAS 30mm.4000_PMD,0
240043152001,CHAPA 3x1,5x1,2 1C P1_BRONCE,0
62000688730,TOPE UNION 5x14mm,0
640085603T,VENICE BABY 3HOJAS 14mm_INOX,0
640085603Q,VENICE BABY 4HOJAS 14mm_INOX,0
640081840,CREMONA RAMSES AP.EXT_INOX,0
640005811,CORTAVIENTOS IGLOO L-1000mm,0
61000A50252,RECTANGULAR 50x25x2_CSA,0
61000071768,HOJA VENTANA TECHO_CSA++,0
61000070766,TAPETA MARCO VENTANA TECHO_CSA++,0
61000071765,MARCO VENTANA TECHO_CSA++,0
61000070767,PERFIL UNION PVC++,0
61000061300,MARCO INFERIOR ELEVABLE_CSA++,0
61000061302,MARCO SUPERIOR ELEVABLE_CSA++,0
61000061306,MARCO LATERAL ELEVABLE_CSA++,0
810002141,MARCO VENTANA RECTO S45 DM_CSA,0
810002103,HOJA GENERAL 68mm.RECTA S45 DM_CSA,0
810002133,HOJA PUERTA EXT.93mm.CURVA S45 DM_CSA,0
810002146,INVERSOR RECTO S45 DM_CSA,0
810002121,TRAVESA�O S45 DM_CSA,0
69008508521,MARCO P/CURVAR MEZQUITA_INOX,0
69008508832,HOJA REFORZADA P/CURVAR MEZQUITA_INOX,0
69008508543,PILASTRA P/CURVAR MEZQUITA_INOX,0
810082032,HOJA PUERTA 93mm.CURVA S40 DM_INOX,18,83
61000062340,HOJA 102mm_CSA++,0
61000061342,PERFIL CENTRAL_CSA++,0
61000051513,TRAVESERO 101mm_CSA++,0
61000051536,MARCO 76mm_CSA++,0
61000052502,HOJA OCULTA JUNQ.EXT_CSA++,0
61000303606,JUNQUILLO 8,2mm_CSA,0
61000061341,COMPLEMENTO CRUCE PVC++,0
62000629375,JGO.TERMINALES,0
62000628045,PIEZA DISTANCIADORA,0
810062026,TRAVESA�O PUERTA S40 DM_LC1,13,97
810062802,JUNQUILLO CURVO 14 DM_LC1,3,34
810062821,JUNQUILLO GRAPA 14 DM_LC1,2,8
810002114,MARCO PUERTA RECTO S45 DM_CSA,0
810002132,HOJA PUERTA 93mm.CURVA S45 DM_CSA,0
810002123,TRAVESA�O 83mm.S45 DM_CSA,0
810002826,JUNQUILLO RECTO 9 DM_CSA,0
810002130,UNION MARCOS RECTOS S45 DM_CSA,0
810062141,MARCO VENTANA RECTO S45 DM_LC1,10,24
810062103,HOJA GENERAL 68mm.RECTA S45 DM_LC1,12,91
810062114,MARCO PUERTA RECTO S45 DM_LC1,11,54
810062132,HOJA PUERTA 93mm.CURVA S45 DM_LC1,15,38
810062133,HOJA PUERTA EXT.93mm.CURVA S45 DM_LC1,15,38
810062146,INVERSOR RECTO S45 DM_LC1,11,78
810062121,TRAVESA�O S45 DM_LC1,12,4
810062123,TRAVESA�O 83mm.S45 DM_LC1,13,65
810062826,JUNQUILLO RECTO 9 DM_LC1,2,67
810062130,UNION MARCOS RECTOS S45 DM_LC1,10,35
8300031066,JUNTA ACRIST.INTERIOR 75RT DM,0
640005010,CORTAVIENTOS IGLOO L-900mm,0
6400058111,CORTAVIENTOS IGLOO L-1100mm,0
8700035765,MARCO HOJA OCULTA_CSA,0
8700035770,MARCO SOLAPE HOJA OCULTA_CSA,0
8700035766,HOJA OCULTA_CSA,0
8700035767,INVERSOR HOJA OCULTA_CSA,0
8700035768,TRAVESA�O C/FIJO LATERAL HO_CSA,0
8700035769,TRAVESA�O HO_CSA,0
8700035437,COMPLEMENTO AJUNQUILLAR HO_CSA,0
8700034021,JUNQUILLO RECTO 28 HO_CSA,0
8700635770,MARCO SOLAPE HOJA OCULTA_LC1,0
8700635765,MARCO HOJA OCULTA_LC1,0
8700635766,HOJA OCULTA_LC1,0
8700635767,INVERSOR HOJA OCULTA_LC1,0
8700635768,TRAVESA�O C/FIJO LATERAL HO_LC1,0
8700635769,TRAVESA�O HO_LC1,0
8700635437,COMPLEMENTO AJUNQUILLAR HO_LC1,0
8700634021,JUNQUILLO RECTO 28 HO_LC1,0
810072046,INVERSOR RECTO S40 DM_LMD,18,11
810072022,TRAVESA�O VENTANA S40 DM_LMD,17,87
810072033,HOJA PUERTA APERT.EXT.CURVA S40 DM_LMD,23,42
810072032,HOJA PUERTA 93mm.CURVA S40 DM_LMD,23,42
8800044510,ESCUADRA MARCO-HOJA RPT61 HO,0
870,ABISAGRADO HOJA OCULTA ITESAL,0
880,ACC.ABISAGRADO HOJA OCULTA ITESAL,0
8800044512,ESCUADRA ALINEAM.MARCO RPT61 HO,0
8800044566,ESCUADRA EXTERIOR NYLON RPT52 HO,0
8800044557,ANGULO VULCANIZADO HO,0
8800844608,ESCUADRA REFUERZO S40 HO_INOX,0
8800044515,JGO.TAPA INVERSOR RPT61 HO,0
8800044098,TACO UNION HO,0
8800044554,GOMA AJUSTE CENTRAL RPT45 HO,0
8800044518,GOMA EXTERIOR MARCO RPT61 HO,0
8800044564,TACO UNION PILASTRA PTA.HO,0
8800601160,TAPON DESAG�E HO_NEGRO,0
8300060050,TROQUEL MEC.S/ABISAGRADO DM,0
8300060049,TROQUEL MULTIUSOS HOJA ESCUADRA 75 DM,0
8000060075,TROQUEL CORR.S/3400 80-85RT DM,0
8000060025,TROQUEL MEC.125 ELEVABLE DM,0
8300060047,TROQUEL 75RT DM,0
83000399999,FRESA PRACTICABLE DM,0
790003412,VIERTEAGUAS RT DM_CSA,0
820012421,TRAVESA�O VENTANA 60RT DM_PMD,0
820012441,MARCO VENTANA RECTO 60RT DM_PMD,0
820012402,HOJA VENTANA CURVA 60RT DM_PMD,0
820012417,INVERSOR CURVO 60RT DM_PMD,0
820012440,HOJA VENTANA APERT.EXT.60RT DM_PMD,0
790012620,MARCO PERIMETRAL 125RT DM_PMD,0
790012621,HOJA PERIMETRAL 125RT DM_PMD,0
790012622,CRUCE HOJAS 125RT DM_PMD,0
790012627,GUIA INFERIOR 125RT DM_PMD,0
790012623,TAPA CANAL MARCO 125RT DM_PMD,0
810012806,JUNQUILLO RECTO 11,5 DM_PMD,0
820012847,ADAPTADOR JUNQUILLO 60RT DM_PMD,0
840012817,SOLAPE 30mm.DM_PMD,1,91
8000630375,TAPA DESAG�E C/VALVULA DM_NEGRO,0
790022620,MARCO PERIMETRAL 125RT DM_PEB,0
790023412,VIERTEAGUAS RT DM_PEB,0
790022621,HOJA PERIMETRAL 125RT DM_PEB,0
790022622,CRUCE HOJAS 125RT DM_PEB,0
790022627,GUIA INFERIOR 125RT DM_PEB,0
790022623,TAPA CANAL MARCO 125RT DM_PEB,0
8000630543,CIERRE EMB.BRIO MINI S/3400 DM_NEGRO,0
8000030678,GANCHO HOJA BRIO S/3400 DM,0
8000030677,GANCHO MARCO BRIO S/3400 DM,0
810022003,HOJA VENTANA 68mm.RECTA S40 DM_PEB,0
810022821,JUNQUILLO GRAPA 14 DM_PEB,0
1300150012,TAPON CELOSIA V-5_GRIS,0
790003436,MARCO PERIMETRAL 81,5mm.85RT DM_CSA,0
790003405,HOJA PERIMETRAL 85RT DM_CSA,0
790083436,MARCO PERIMETRAL 81,5mm.85RT DM_INOX,0
790083405,HOJA PERIMETRAL 85RT DM_INOX,0
790083409,CRUCE HOJAS 85RT DM_INOX,0
820062507,MARCO VTNA.HOJA OCULTA 75RT DM_LC1,29,43
820062508,HOJA VTNA.OCULTA 75RT DM_LC1,29
1700322,MARCO C/SOLAPE_OEB,0
58010421005,JUNQUILLO HUECO NETO 10mm_LC2,0
101221,ANGULO 20x10_LC4,0
820032341,MARCO VENTANA RECTO 45RT DM_OEB,0
820032302,HOJA VENTANA CURVA 45RT DM_OEB,0
820032321,TRAVESA�O VENTANA 45RT DM_OEB,0
820032316,INVERSOR RECTO 45RT DM_OEB,0
810032821,JUNQUILLO GRAPA 14 DM_OEB,0
810022012,MARCO VENTANA CURVO S40 DM_PEB,0
810022014,MARCO PUERTA RECTO S40 DM_PEB,0
810022042,HOJA VENTANA 68mm.CURVA S40 DM_PEB,0
810022009,HOJA BALCON APERT.EXT.CURVA S40 DM_PEB,0
810022047,INVERSOR CURVO S40 DM_PEB,0
810022006,HOJA BALCONERA RECTA S40 DM_PEB,0
810022005,HOJA BALCONERA CURVA S40 DM_PEB,0
810022032,HOJA PUERTA 93mm.CURVA S40 DM_PEB,0
810022033,HOJA PUERTA APERT.EXT.CURVA S40 DM_PEB,0
810022022,TRAVESA�O VENTANA S40 DM_PEB,0
810022026,TRAVESA�O PUERTA S40 DM_PEB,0
810022024,ZOCALO CENTRAL S40 DM_PEB,0
810022828,REMATE INFERIOR HOJA DM_PEB,0
840022817,SOLAPE 30mm.DM_PEB,1,97
810022806,JUNQUILLO RECTO 11,5 DM_PEB,0
810022802,JUNQUILLO CURVO 14 DM_PEB,0
820152312,MARCO VENTANA CURVO 45RT DM_LMC,17,62
820152302,HOJA VENTANA CURVA 45RT DM_LMC,17,9
820152345,HOJA PUERTA 93mm.CURVA 45RT DM_LMC,23,07
810152806,JUNQUILLO RECTO 11,5 DM_LMC,6
701410,U 9,5_LMP,0
8501272701,TAPAJUNTAS 33mm.ELV100_LC4,0
84006238,LAMA PARASOL ELIPTICA 100mm.DM_LC1,4,44
84006224,MARCO TROQUELADO DM_LC1,5,55
73006160627,ACOPLAM.TE APER.INT.CS-59_LC1,0
810112032,HOJA PUERTA 93mm.CURVA S40 DM_LC3,11,42
820122507,MARCO VTNA.HOJA OCULTA 75RT DM_LC4,24,61
820122508,HOJA VTNA.OCULTA 75RT DM_LC4,22,14
810122510,JUNQUILLO 48 HOJA OCULTA DM_LC4,8,75
810122509,JUNQUILLO HOJA OCULTA DM_LC4,2,43
62005696831,DEFLECTOR SERIES REYNAERS_BLANCO,0
62006696831,DEFLECTOR SERIES REYNAERS_NEGRO,0
24006C231101,CHAPA PERF.3x1,25x1,2 C�20 2C_LC1,0
101884,ANGULO 80x40_LMCC++,0
790123402,BANDEJA 85RT DM_LC4,0
240061C40101,CHAPA PERF.2x1x1 C�40 2C_LC1,0
8000030186,ESCUADRA MARCO DM,0
61006214534,MAINEL 8mm.CINTRO/VERANDA_LC1,0
3900513,GRILLO SIMPLE_BLANCO,0
240063152001,CHAPA 3x1,5x1,2 1C P1_LC1,0
810062011,MARCO VENTANA RECTO S40 DM_LC1,8,95
810062024,ZOCALO CENTRAL S40 DM_LC1,18,06
820122351,MARCO VTNA.RECTO C/SOLAPE 45RT DM_LC4,14,63
820122303,HOJA GENERAL RECTA 45RT DM_LC4,14,33
820122316,INVERSOR RECTO 45RT DM_LC4,14,66
8000030669,RUEDA SIMPLE REGUL.85RT DM,0
8000530543,CIERRE EMB.BRIO MINI S/3400 DM_BLANCO,0
240061R25101,CHAPA PERF.2x1x1 R�2,5 2C_LC1,0
46000CS,COBIJA SUPERIOR_CSA,0
46000CI,COBIJA INFERIOR_CSA,0
46000PI,PERFIL ARRASTRE INFERIOR_CSA,0
46000PS,PERFIL ARRASTRE SUPERIOR_CSA,0
46000U16,PERFIL U 16mm_CSA,0
47000CA,PIEZA GANCHO APERTURA_CRUDO,0
46008CS,COBIJA SUPERIOR_INOX,0
46008CI,COBIJA INFERIOR_INOX,0
46008PI,PERFIL ARRASTRE INFERIOR_INOX,0
46008PS,PERFIL ARRASTRE SUPERIOR_INOX,0
46008U16,PERFIL U 16mm_INOX,0
460085103A,SOPORTE CANALON_INOX,24,78
820152314,MARCO PUERTA RECTO 45RT DM_LMC,18
820152356,HOJA PUERTA EXT.95mm.CURVA 45RT DM_LMC,23,94
820152323,TRAVESA�O PUERTA 45RT DM_LMC,19,5
820152846,SOPORTE COMPASES Y GRAPA DM_LMC,2,79
820152845,CANAL BISAGRAS DM_LMC,4,31
61010214534,MAINEL 8mm.CINTRO/VERANDA_LC2,0
2100810,TUBO ORNAMENTAL_INOX,0
820002412,MARCO VENTANA CURVO 60RT DM_CSA,0
820002405,HOJA PUERTA CURVA 60RT DM_CSA,0
820002417,INVERSOR CURVO 60RT DM_CSA,0
820052412,MARCO VENTANA CURVO 60RT DM_LBN,16,96
820052405,HOJA PUERTA CURVA 60RT DM_LBN,19,06
820052417,INVERSOR CURVO 60RT DM_LBN,18,63
62000626137,RULETA TANDEM 125Kg.AV100,0
820092312,MARCO VENTANA CURVO 45RT DM_AOC,0
820092305,HOJA PUERTA CURVA 45RT DM_AOC,0
820092316,INVERSOR RECTO 45RT DM_AOC,0
400063025TMS,MECANISMO 1900mm.CAM.25_NEGRO,0
400062625TMS,MECANISMO 1660mm.CAM.25_NEGRO,0
61000043312,JUNQUILLO 12mm_CSA++,0
640032050A,MANILLA SIMPLE HORUS PLANA_ORO,0
46008P4,PERFIL 75% APERTURA_INOX,0
300815,PLETINA 15x5_INOX,0
820002451,MARCO VTNA.RECTO C/SOLAPE 60RT DM_CSA,0
820002416,INVERSOR RECTO 60RT DM_CSA,0
820002443,HOJA VENTANA RECTA 60RT DM_CSA,0
820122451,MARCO VTNA.RECTO C/SOLAPE 60RT DM_LC4,15,35
820122443,HOJA VENTANA RECTA 60RT DM_LC4,16,71
820122416,INVERSOR RECTO 60RT DM_LC4,15,38
810122809,JUNQUILLO RECTO 22,5 DM_LC4,5,38
820002315,MARCO PUERTA CURVO 45RT DM_CSA,0
820082315,MARCO PUERTA CURVO 45RT DM_INOX,17,58
810042011,MARCO VENTANA RECTO S40 DM_BEB,0
810042026,TRAVESA�O PUERTA S40 DM_BEB,0
810042046,INVERSOR RECTO S40 DM_BEB,0
810042003,HOJA VENTANA 68mm.RECTA S40 DM_BEB,0
810152012,MARCO VENTANA CURVO S40 DM_LMC,16,09
810152032,HOJA PUERTA 93mm.CURVA S40 DM_LMC,23,42
810152026,TRAVESA�O PUERTA S40 DM_LMC,21,22
810152802,JUNQUILLO CURVO 14 DM_LMC,5,62
810152821,JUNQUILLO GRAPA 14 DM_LMC,4,58
820122450,MARCO PROYECTANTE 60RT DM_LC4,15,1
820122453,HOJA PIVOTANTE 60RT DM_LC4,20,52
820122454,INVERSOR PIVOTANTE 60RT DM_LC4,16,17
820002513,TRAVESA�O HOJA OCULTA 75RT DM_CSA,0
790053436,MARCO PERIMETRAL 81,5mm.85RT DM_LBN,0
790053406,HOJA PERIMETRAL RECTA 85RT DM_LBN,0
790053409,CRUCE HOJAS 85RT DM_LBN,0
640052089,MANILLA DOBLE MISTRAL_BLANCO,0
640063722BI,PASAD.APOYO TITAN 3 220mm_NEGRO,0
61000060365,TAPETA_CSA++,0
62000626793,TAPETA,0
810002021,TRAVESA�O VENTANA 47mm.S40 DM_CSA,0
810022021,TRAVESA�O VENTANA 47mm.S40 DM_PEB,0
820082351,MARCO VTNA.RECTO C/SOLAPE 45RT DM_INOX,15,36
84000422,DIVISOR MAMPARA 2 PANELES DM_CSA,0
80051445,LAMA TUBULAR 144,5mm_LBN,0
08005PL1445,PLETINA TALADRADA G-150_LBN,0
810062006,HOJA BALCONERA RECTA S40 DM_LC1,12,41
810062809,JUNQUILLO RECTO 22,5 DM_LC1,4,31
820022312,MARCO VENTANA CURVO 45RT DM_PEB,0
820022323,TRAVESA�O PUERTA 45RT DM_PEB,0
820022302,HOJA VENTANA CURVA 45RT DM_PEB,0
80026962,LAMA TUBULAR 120mm_PEB,0
820002445,HOJA PUERTA ELIPT.60RT DM_CSA,0
810002803,JUNQUILLO CURVO 17,5 DM_CSA,0
810002819,JUNQUILLO GRAPA 17,5 DM_CSA,0
820082412,MARCO VENTANA CURVO 60RT DM_INOX,16,16
820082442,HOJA VENTANA CURVA 60RT DM_INOX,17,26
820082445,HOJA PUERTA ELIPT.60RT DM_INOX,20,61
820082417,INVERSOR CURVO 60RT DM_INOX,17,8
810082803,JUNQUILLO CURVO 17,5 DM_INOX,2,91
810082819,JUNQUILLO GRAPA 17,5 DM_INOX,2,48
640001509B,TERMINAL PASADOR CENTR.14x18,0
830004108,ACC.INTERNO 30000-721 P/UTILIZAR MANILLA,0
830063420,PUNTO CIERRE OCULTO 20140-752_NEGRO,0
810012103,HOJA GENERAL 68mm.RECTA S45 DM_PMD,0
810012123,TRAVESA�O 83mm.S45 DM_PMD,0
61005341503,MAINEL 104,5mm.CW50_LBN,0
810012161,MARCO VENTANA RECTO C/SOLAPE S40 DM_PMD,0
201230,CUADRADO 30_LC4,0
830002718,TOCHO PUERTA 45RT,0
240053121001,CHAPA 3x1,25x1 1C P1_LBN,0
80016962,LAMA TUBULAR 120mm_PMD,0
810072014,MARCO PUERTA RECTO S40 DM_LMD,16,39
810072005,HOJA BALCONERA CURVA S40 DM_LMD,20,75
2401210101,CHAPA 2x1x1 2C P1_LC4,0
13000LL,LIMPIADOR LACADO,0
13000LA,LIMPIADOR ANODIZADO,0
820052501,MARCO VENTANA 75RT DM_LBN,24,18
820052503,INVERSOR 75RT DM_LBN,23,98
820052502,HOJA VENTANA 75RT DM_LBN,27,49
8500272701,TAPAJUNTAS 33mm.ELV100_PEB,0
61012341505,MAINEL 125,5mm.CW50_LC4,0
29000MR05,HOJA EUROPEA RECTA MR_CSA,0
29002MR05,HOJA EUROPEA RECTA MR_PEB,0
61000343596,REFUERZO MAINEL 106x44mm.CW50_CSA,0
61006424963,COMPENSADOR REGUL.35,5mm_LC1,0
51008141999D,MANILLA GRANDE ACODADA DCHA_INOX,0
51008141999I,MANILLA GRANDE ACODADA IZQ_INOX,0
61012342525,TRANSVERSAL 130,2mm.CW50_LC4,0
61012340536,TAPETA EXTERIOR 15mm.CW50_LC4,0
61012341121,MARCO PROYEC.SEMIEST.CW50_LC4,0
61012341122,HOJA VENTANA PROYECT.C/COMPAS SG_LC4,0
5100513880,CERRADERO STAND.PLANO PLG_BLANCO,0
61000341180,PERFIL CLIP 12,3mm.PVC,0
62000809937,JUNTA PRESION 23,1mm,0
62000687563,PIEZA CANTONERA,0
62000970754,BROCA,0
62000776807,ESCUADRA CW50 P/341121,0
62000809307,JUNTA TOPE,0
62006737180,SOPORTE VIDRIO 48,1mm_NEGRO,0
62000688810,ESCUADRA ENSAMBLAR 12,1x25,7,0
820052315,MARCO PUERTA CURVO 45RT DM_LBN,17,47
61006071765,MARCO VENTANA TECHO_LC1++,0
61006070766,TAPETA MARCO VENTANA TECHO_LC1++,0
61006071768,HOJA VENTANA TECHO_LC1++,0
61006070769,JUNQUILLO VTA.TECHO 41,1mm_LC1++,0
62001718443,MOTOR ELEC.VENTANA TECHO_PLATA,0
84000206,GUIA PERSIANA DM_CSA,0
810002161,MARCO VENTANA RECTO C/SOLAPE S40 DM_CSA,0
820002829,REMATE PAVIMENTO 60RT DM_CSA,0
810002106,HOJA PTA.RECTA S/JUNQ.AP.INT.S45 DM_CSA,0
8300030458,JGO.TAPA INVERSOR RECTO 45RT DM,0
810012141,MARCO VENTANA RECTO S45 DM_PMD,0
810012106,HOJA PTA.RECTA S/JUNQ.AP.INT.S45 DM_PMD,0
47005CA,PIEZA GANCHO APERTURA_BLANCO,0
640105603,VENICE BABY 14mm_LAC.INOX,0
47000I612,TORNILLO INOX 6x12+TUERCA+ARANDELA,0
47000I616,TORNILLO INOX 6x16+TORNILLO+ARANDELA,0
47000PAT,PERTIGA APERTURA TECHO MOVIL++,0
84012256,ANGULO C/PORTATORNILLOS DM_LC4,0
84012279,SOPORTE CELOSIA DM_LC4,2,49
84012280,CELOSIA P/ATORNILLAR 50mm.DM_LC4,3,25
810052827,JUNQUILLO RECTO 38 DM_LBN,0
810062005,HOJA BALCONERA CURVA S40 DM_LC1,12,74
820042501,MARCO VENTANA 75RT DM_BEB,29,46
820042511,HOJA PUERTA 75RT DM_BEB,38,75
810042827,JUNQUILLO RECTO 38 DM_BEB,0
110044508,TAPAJUNTAS 30mm.4000_BEB,0
400461,RECTANGULAR 60x10_BEB,0
820092829,REMATE PAVIMENTO 60RT DM_AOC,0
73002051034,REMATE BAJO PTA.CS-59_PEB,0
810122022,TRAVESA�O VENTANA S40 DM_LC4,13,65
810122032,HOJA PUERTA 93mm.CURVA S40 DM_LC4,18,17
790122620,MARCO PERIMETRAL 125RT DM_LC4,0
790122621,HOJA PERIMETRAL 125RT DM_LC4,0
790122623,TAPA CANAL MARCO 125RT DM_LC4,0
790122622,CRUCE HOJAS 125RT DM_LC4,0
790123412,VIERTEAGUAS RT DM_LC4,0
820122513,TRAVESA�O HOJA OCULTA 75RT DM_LC4,21,51
810122827,JUNQUILLO RECTO 38 DM_LC4,5,91
61012340559,TAPETA 15mm_LC4,0
820122323,TRAVESA�O PUERTA 45RT DM_LC4,16,23
810002801,JUNQUILLO CURVO 11,5 DM_CSA,0
810002811,JUNQUILLO GRAPA 11,5 DM_CSA,0
810082801,JUNQUILLO CURVO 11,5 DM_INOX,3,01
810082811,JUNQUILLO GRAPA 11,5 DM_INOX,2,33
790083406,HOJA PERIMETRAL RECTA 85RT DM_INOX,0
61012342535,SUJECCION TAPETA HORIZONTAL_LC4,0
7900031235,UNION 4 HOJAS PVC 85RT DM,0
810002015,MARCO PUERTA CURVO S40 DM_CSA,0
820002330,UNION MARCOS RECTOS 45RT DM_CSA,0
820002317,INVERSOR CURVO 45RT DM_CSA,0
820002331,UNION MARCOS CURVOS 45RT DM_CSA,0
820082330,UNION MARCOS RECTOS 45RT DM_INOX,12,98
820082317,INVERSOR CURVO 45RT DM_INOX,17,08
820152317,INVERSOR CURVO 45RT DM_LMC,20,32
820122339,HOJA PUERTA APER.EXT.45RT DM_LC4,25,41
820122341,MARCO VENTANA RECTO 45RT DM_LC4,13,4
810122806,JUNQUILLO RECTO 11,5 DM_LC4,4,58
820002423,TRAVESA�O PUERTA 60RT DM_CSA,0
820052330,UNION MARCOS RECTOS 45RT DM_LBN,13,08
700983,U 15x30x15_AOC,0
640001620,CLIP RETENCION CAM.EUROPEA,0
5600277,UNION MARCOS AJ_PEB,3,7
820002347,ESQUINERO REGULABLE 45RT DM_CSA,0
820002348,TUBO ESQUINERO REGULABLE 45RT DM_CSA,0
790003432,MARCO FIJO 81,5mm.85RT DM_CSA,0
820082348,TUBO ESQUINERO REGULABLE 45RT DM_INOX,16,84
820082347,ESQUINERO REGULABLE 45RT DM_INOX,12,25
810002067,MARCO VTNA.CURVO C/SOLAPE 36 S40 DM_CSA,0
810052067,MARCO VTNA.CURVO C/SOLAPE 36 S40 DM_LBN,0
650083814,FORRAMARCO 45mm.DISE�O_INOX++,0
820052348,TUBO ESQUINERO REGULABLE 45RT DM_LBN,16,87
820052347,ESQUINERO REGULABLE 45RT DM_LBN,12,43
240103121001,CHAPA 3x1,25x1 1C P1_LC2,0
2400208101,CHAPA 2x1x0,8 2C P1_P.SEMI,0
2400210101,CHAPA 2x1x1 2C P1_P.SEMI,0
2400215101,CHAPA 2x1x1,5 2C P1_P.SEMI,0
2400220101,CHAPA 2x1x2 2C P1_P.SEMI,0
2400408001,CHAPA 2x1x0,8 1C P1_BRONCE,0
2400408101,CHAPA 2x1x0,8 2C P1_BRONCE,0
2400410001,CHAPA 2x1x1 1C P1_BRONCE,0
2400410101,CHAPA 2x1x1 2C P1_BRONCE,0
2400415001,CHAPA 2x1x1,5 1C P1_BRONCE,0
2400415101,CHAPA 2x1x1,5 2C P1_BRONCE,0
2400420001,CHAPA 2x1x2 1C P1_BRONCE,0
2400508001,CHAPA 2x1x0,8 1C P1_LBN,0
2400508101,CHAPA 2x1x0,8 2C P1_LBN,0
2400515001,CHAPA 2x1x1,5 1C P1_LBN,0
2400515101,CHAPA 2x1x1,5 2C P1_LBN,53,28
2400520001,CHAPA 2x1x2 1C P1_LBN,0
2400520101,CHAPA 2x1x2 2C P1_LBN,0
240053108001,CHAPA 3x1,25x0,8 1C P1_LBN,0
24005312101,CHAPA 3x1,25x1,2 2C P1_LBN,0
240021C20101,CHAPA PERF.2x1x1 C�20 2C_P.SEMI,0
820072314,MARCO PUERTA RECTO 45RT DM_LMD,21,35
820072345,HOJA PUERTA 93mm.CURVA 45RT DM_LMD,23,07
840002876,FORRO 40mm.DM_CSA,0
840052876,FORRO 40mm.DM_LBN,2,63
840082876,FORRO 40mm.DM_INOX,3,32
840022876,FORRO 40mm.DM_PEB,2,77
820072355,HOJA PUERTA RECTA 45RT DM_LMD,24,7
810072802,JUNQUILLO CURVO 14 DM_LMD,5,62
820122423,TRAVESA�O PUERTA 60RT DM_LC4,16,95
650023803,MARCO SOLAPE ROTURA_PEB++,0
650023812,HOJA VENTANA S/JUNQ.ROTURA_PEB++,0
820022317,INVERSOR CURVO 45RT DM_PEB,0
701515,U 15_LMC,0
2015120,CUADRADO 120_LMC,0
820052302,HOJA VENTANA CURVA 45RT DM_LBN,15,63
640100832,CAJA CREMONA O/B INT.104_LAC.INOX,0
640100834,EMPU�ADURA PARA CREMONA_LAC.INOX,0
810072806,JUNQUILLO RECTO 11,5 DM_LMD,6
5100571612,MANILLA 3070 MULT.EXT/INT C/LLAVE_BLANCO,0
5100671612,MANILLA 3070 MULT.EXT/INT C/LLAVE_NEGRO,0
510007190,CREMONA MULTIPUNTO 1800 C/LLAVE,0
61001424963,COMPENSADOR REGUL.35,5mm_PMD,0
810052025,ZANCA PUNTA REDONDA 84mm.S40 DM_LBN,0
37001816,LAMA SIMPLE FIJA 100mm.MALLORQ_PMD,0
51000831,ESCUADRA PARA PLG-70,0
640100790BI,CREMONA NEFER 2 PALAS IND_LAC.INOX,0
820052431,UNION MARCOS CURVOS 60RT DM_LBN,17,03
700084,U 30x43x30_CSA,0
1547,ANGULO 45_LMC,0
790043406,HOJA PERIMETRAL RECTA 85RT DM_BEB,0
790043436,MARCO PERIMETRAL 81,5mm.85RT DM_BEB,0
790043409,CRUCE HOJAS 85RT DM_BEB,0
24000252D001,CHAPA DAMERO 2,5x1,25x2+RES_CSA,104,2
240063121101,CHAPA 3x1,25x1 2C P1_LC1,0
820122314,MARCO PUERTA RECTO 45RT DM_LC4,15,07
820122345,HOJA PUERTA 93mm.CURVA 45RT DM_LC4,19,01
820002319,MARCO VTNA.RECTO C/RESALTE 45RT DM_CSA,0
820072319,MARCO VTNA.RECTO C/RESALTE 45RT DM_LMD,0
810002124,ZOCALO S45 DM_CSA,0
810002131,ESQUINERO MARCOS RECTOS S45 DM_CSA,0
700284,U 30x43x30_PEB,0
700584,U 30x43x30_LBN,0
61000010629,PERFIL TOPE_CSA++,0
61000010671,PERFIL TOPE C/ROTURA P/PUERTA_CSA++,0
240103152001,CHAPA 3x1,5x1,2 1C P1_LC2,0
61006010629,PERFIL TOPE_LC1++,0
61006010671,PERFIL TOPE C/ROTURA P/PUERTA_LC1++,0
820012416,INVERSOR RECTO 60RT DM_PMD,0
820012348,TUBO ESQUINERO REGULABLE 45RT DM_PMD,0
820012447,ESQUINERO REGULABLE 60RT DM_PMD,0
820012405,HOJA PUERTA CURVA 60RT DM_PMD,0
790013412,VIERTEAGUAS RT DM_PMD,0
820062312,MARCO VENTANA CURVO 45RT DM_LC1,18,09
820062302,HOJA VENTANA CURVA 45RT DM_LC1,18,34
820062356,HOJA PUERTA EXT.95mm.CURVA 45RT DM_LC1,24,31
820062845,CANAL BISAGRAS DM_LC1,2,51
820062321,TRAVESA�O VENTANA 45RT DM_LC1,17,98
790023432,MARCO FIJO 81,5mm.85RT DM_PEB,0
790052627,GUIA INFERIOR 125RT DM_LBN,0
790052623,TAPA CANAL MARCO 125RT DM_LBN,0
790122627,GUIA INFERIOR 125RT DM_LC4,0
840122817,SOLAPE 30mm.DM_LC4,2,45
810122824,JUNQUILLO CURVO 25,7 DM_LC4,4,98
810122825,JUNQUILLO GRAPA 25,7 DM_LC4,3,92
790123406,HOJA PERIMETRAL RECTA 85RT DM_LC4,0
790123409,CRUCE HOJAS 85RT DM_LC4,0
790123436,MARCO PERIMETRAL 81,5mm.85RT DM_LC4,0
61002061300,MARCO INFERIOR ELEVABLE_PEB++,0
61002061302,MARCO SUPERIOR ELEVABLE_PEB++,0
61002061306,MARCO LATERAL ELEVABLE_PEB++,0
61002061342,PERFIL CENTRAL_PEB++,0
61002060345,CENTRAL 4 HOJAS CP155_PEB++,0
820012351,MARCO VTNA.RECTO C/SOLAPE 45RT DM_PMD,0
820012303,HOJA GENERAL RECTA 45RT DM_PMD,0
820012316,INVERSOR RECTO 45RT DM_PMD,0
820012321,TRAVESA�O VENTANA 45RT DM_PMD,0
61002062340,HOJA 102mm_PEB++,0
810072008,HOJA VENTANA S/JUNQUILLO S40 DM_LMD,19,41
62000629372,JGO.TERMINALES,0
62000627937,EXTENSION CERRADURA,0
62000628054,PIEZA DE UNION,0
62000545441,JUNTA,0
790013436,MARCO PERIMETRAL 81,5mm.85RT DM_PMD,0
790013406,HOJA PERIMETRAL RECTA 85RT DM_PMD,0
790013409,CRUCE HOJAS 85RT DM_PMD,0
790013432,MARCO FIJO 81,5mm.85RT DM_PMD,0
62000626857,PIEZA SELLADO MARCO,0
62000819241,CEPILLO 11mm,0
250,SERIE V-94,0
25000941610,MARCO VENTANA C/16 V94_CSA,0
25000941620,HOJA VENTANA C/16 V94_CSA,0
25000941141,INVERSOR CURVO V94_CSA,0
25000941630,TRAVESA�O VENTANA C/16 V94_CSA,0
25000942710,MARCO PUERTA C/27 V94_CSA,0
25000942720,HOJA BALCONERA C/27 V94_CSA,0
25000943630,TRAVESA�O PUERTA C/36 V94_CSA,0
25000943620,HOJA PUERTA APER.INT.C/36 V94_CSA,0
25000943623,HOJA PUERTA APER.EXT.C/36 V94_CSA,0
25000940303,JUNQUILLO H-22mm.V94_CSA,0
25000943615,ZOCALO V94_CSA,0
61012083122,INVERSOR PIVOTANTE CS77_LC4,0
640062317,CIERRE PRESION MANGO REDUCIDO_NEGRO/COLO,0
640052317,CIERRE PRESION MANGO REDUCIDO_BLANCO,0
84000226,HOJA CONTRAVENTANA DM_CSA,0
84007226,HOJA CONTRAVENTANA DM_LMD,6,42
820042316,INVERSOR RECTO 45RT DM_BEB,14,33
84011226,HOJA CONTRAVENTANA DM_LC3,4,06
84005226,HOJA CONTRAVENTANA DM_LBN,3,48
810152013,MARCO FIJO 60mm.BANDERA S40 DM_LMC,17,69
810152011,MARCO VENTANA RECTO S40 DM_LMC,14,51
810152022,TRAVESA�O VENTANA S40 DM_LMC,17,87
810152828,REMATE INFERIOR HOJA DM_LMC,8,4
820142341,MARCO VENTANA RECTO 45RT DM_LMP,15,94
820142317,INVERSOR CURVO 45RT DM_LMP,20,32
820142302,HOJA VENTANA CURVA 45RT DM_LMP,17,9
820142345,HOJA PUERTA 93mm.CURVA 45RT DM_LMP,23,07
46005P4,PERFIL 75% APERTURA_LBN,36,12
820072317,INVERSOR CURVO 45RT DM_LMD,20,32
25005941620,HOJA VENTANA C/16 V94_LBN,9,67
25005941610,MARCO VENTANA C/16 V94_LBN,6,8
25005941141,INVERSOR CURVO V94_LBN,7,94
25005941630,TRAVESA�O VENTANA C/16 V94_LBN,8,51
25005942710,MARCO PUERTA C/27 V94_LBN,8,33
25005942720,HOJA BALCONERA C/27 V94_LBN,11,39
25005943630,TRAVESA�O PUERTA C/36 V94_LBN,10,81
25005943620,HOJA PUERTA APER.INT.C/36 V94_LBN,12,18
25005943623,HOJA PUERTA APER.EXT.C/36 V94_LBN,12,16
25005940303,JUNQUILLO H-22mm.V94_LBN,2,43
25005943615,ZOCALO V94_LBN,15,76
46005EC,EMBELLECEDOR DE CARRIL_LBN,1,55
810052015,MARCO PUERTA CURVO S40 DM_LBN,0
810082011,MARCO VENTANA RECTO S40 DM_INOX,11,45
810082003,HOJA VENTANA 68mm.RECTA S40 DM_INOX,14,05
62005726415,PIE FIJACION BARANDILLA_BLANCO,0
610001080933,MARCO CF77_CSA,0
610001081935,MARCO INFERIOR CF77_CSA,0
610001080986,HOJA CF77_CSA,0
610001080991,TOPE CF77_CSA,0
610001080992,TOPE CF77_CSA,0
610001080990,SOPORTE P/CEPILLO CF77_CSA,0
61000303617,JUNQUILLO 41,2mm_CSA,0
610081080933,MARCO CF77_INOX,0
610081081935,MARCO INFERIOR CF77_INOX,0
610081080986,HOJA CF77_INOX,0
610081080991,TOPE CF77_INOX,0
610081080992,TOPE CF77_INOX,0
610081080990,SOPORTE P/CEPILLO CF77_INOX,0
61008303617,JUNQUILLO 41,2mm_INOX,0
610001080994,GUIA INOX CF77,0
62006606730,CJTO.RULETAS CF77_NEGRO,0
62006606732,BISAGRA CF77_NEGRO,0
62006606733,BISAGRA CF77_NEGRO,0
62000606192,CREMONA CF77,0
62000606193,CREMONA CF77,0
62000606663,CREMONA CIERRE CF77,0
62000606619,BULON CF77,0
62000606629,CERRADERO MARCO CF77,0
62000606637,CERRADERO MARCO CF77,0
62000606646,CERRADERO MARCO 16mm.CF77,0
62000687890,ESCUADRA 19x17,4,0
62000687891,ESCUADRA 24x17,4 CF77,0
62000698748,SOPORTE VIDRIO,0
62000698603,TERMINAL PERFIL SUELO CF77,0
62000698607,PIEZAS TERMINALES CF77,0
62000698610,PIEZAS TERMINALES CF77,0
62000698620,TERMINAL CF77,0
62000698621,TERMINAL CF77,0
62000698622,TERMINAL CF77,0
62000698623,TERMINAL CF77,0
62000809060,JUNTA CF77,0
62000809062,JUNTA CF77,0
62000809064,JUNTA CF77,0
62000970006,PLANTILLA CREMONA CF77,0
62000970571,UTIL ESCUADRA ATORNILLAR,0
62000970012,PLANTILLA DE CORTE CF77,0
62000698634,PIEZA CANTONERA CF77,0
62000698635,PIEZA CANTONERA CF77,0
62000698636,PIEZA CANTONERA CF77,0
62000698637,PIEZA CANTONERA CF77,0
84015226,HOJA CONTRAVENTANA DM_LMC,6,42
401553,RECTANGULAR 50x30_LMC,0
820152305,HOJA PUERTA CURVA 45RT DM_LMC,20,26
72000809413,JUNTA MARCO LATERAL TLS-110,0
830001614,ESCUADRA P/PERFIL CONTRAVENTANA,0
25007941610,MARCO VENTANA C/16 V94_LMD,0
25007941620,HOJA VENTANA C/16 V94_LMD,0
25007941141,INVERSOR CURVO V94_LMD,0
25007940303,JUNQUILLO H-22mm.V94_LMD,0
69011508521,MARCO P/CURVAR MEZQUITA_LC3,0
69011508532,HOJA P/CURVAR MEZQUITA_LC3,0
810022809,JUNQUILLO RECTO 22,5 DM_PEB,0
820082331,UNION MARCOS CURVOS 45RT DM_INOX,14,46
25000941622,HOJA VTA.AJUNQUILLADA C/16 V94_CSA,0
47000P3,TAPA METALICA P-3,0
790082620,MARCO PERIMETRAL 125RT DM_INOX,0
790082621,HOJA PERIMETRAL 125RT DM_INOX,0
790082622,CRUCE HOJAS 125RT DM_INOX,0
790082627,GUIA INFERIOR 125RT DM_INOX,0
790082623,TAPA CANAL MARCO 125RT DM_INOX,0
2400528001,CHAPA 2,2x1x0,8 1C 1P_LBN,0
25002941141,INVERSOR CURVO V94_PEB,0
25002940303,JUNQUILLO H-22mm.V94_PEB,0
25002941610,MARCO VENTANA C/16 V94_PEB,0
25002941620,HOJA VENTANA C/16 V94_PEB,0
25002943615,ZOCALO V94_PEB,0
25002942710,MARCO PUERTA C/27 V94_PEB,0
25002942720,HOJA BALCONERA C/27 V94_PEB,0
25002943620,HOJA PUERTA APER.INT.C/36 V94_PEB,0
25002943630,TRAVESA�O PUERTA C/36 V94_PEB,0
25002943623,HOJA PUERTA APER.EXT.C/36 V94_PEB,0
25002941630,TRAVESA�O VENTANA C/16 V94_PEB,0
790002608,SUPLEMENTO CIERRE LATERAL 125RT DM_CSA,0
790003452,MARCO PERIMETRAL 3 CARRILES 85RT DM_CSA,0
790082608,SUPLEMENTO CIERRE LATERAL 125RT DM_INOX,0
790083452,MARCO PERIMETRAL 3 CARRILES 85RT DM_INOX,0
840072876,FORRO 40mm.DM_LMD,5,26
1300003,REMACHES 2 PIEZAS ALUMINIO P/LAMA,0
820042345,HOJA PUERTA 93mm.CURVA 45RT DM_BEB,18,54
37018800N,PERFIL INVERSOR MALLORQ_LMCC++,0
810082146,INVERSOR RECTO S45 DM_INOX,10,02
810082806,JUNQUILLO RECTO 11,5 DM_INOX,3,15
280,ACC.SERIE V-94/V-98,0
28000949414,JGO.TAPA NEGRO PERF.INVERSOR CURVO V94,1,19
71007061600,GUIA INFERIOR SIMPLE TLS-110_LMD,0
69006508521,MARCO P/CURVAR MEZQUITA_LC1,0
69006508543,PILASTRA P/CURVAR MEZQUITA_LC1,0
69006508532,HOJA P/CURVAR MEZQUITA_LC1,0
25005941622,HOJA VTA.AJUNQUILLADA C/16 V94_LBN,9,56
240053121101,CHAPA 3x1,25x1 2C P1_LBN,0
810112011,MARCO VENTANA RECTO S40 DM_LC3,0
810112003,HOJA VENTANA 68mm.RECTA S40 DM_LC3,0
810112809,JUNQUILLO RECTO 22,5 DM_LC3,3,11
240061C22101,CHAPA PERF.2x1x1,2 C�20 2C_LC1,0
110184062,UNION BANDERA 4000/BL/AJ_LMCC,0
820072430,UNION MARCOS RECTOS 60RT DM_LMD,15,09
790073406,HOJA PERIMETRAL RECTA 85RT DM_LMD,0
790073409,CRUCE HOJAS 85RT DM_LMD,0
790073436,MARCO PERIMETRAL 81,5mm.85RT DM_LMD,0
8300099,MATRIZ P/PERFIL CONTRAVENTANA,0
1900072,MONTANTE REFORZADO GUIADO_CSA,0
1900572,MONTANTE REFORZADO GUIADO_LBN,0
80000660,TORNILLO P/MANETA ELEVABLE+U�ERO,0
80000550,TORNILLO P/CREMONA ELEVADORA,0
84014226,HOJA CONTRAVENTANA DM_LMP,6,42
840004022,TRAVESA�O REMATE FACHADA DM_CSA,0
840004023,HOJA SEMIESTRUCTURAL FACHADA DM_CSA,0
8300030941,ANCLAJE LATERAL HOJA FACHADA DM,0
8300030780,ANCLAJE HOJA FACHADA INOX DM,0
8300030942,ANCLAJE INFERIOR HOJA FACHADA DM,0
8300030276,JUNTA ESTANQ.TRAVESA�O 50mm.FACHADA DM,0
8300030940,TOPE TRAVESA�O FACHADA DM,0
840014022,TRAVESA�O REMATE FACHADA DM_PMD,0
840014023,HOJA SEMIESTRUCTURAL FACHADA DM_PMD,0
25002941622,HOJA VTA.AJUNQUILLADA C/16 V94_PEB,0
840004002,TRAVESA�O FACHADA 50x40mm.DM_CSA,0
8300031070,JUNTA EXTERIOR FACHADA DM,0
8300031112,JUNTA TRAVESA�O FACHADA DM,0
25000941611,MARCO VENTANA C/SOLAPE C/16 V94_CSA,0
810052826,JUNQUILLO RECTO 9 DM_LBN,0
810072062,MARCO VENTANA CURVO C/SOLAPE S40 DM_LMD,18,4
20005AD1840,"TAPON""U""CRISTAL DCHO_BLANCO",0
20005AD1841,"TAPON""U""CRISTAL IZQU_BLANCO",0
810022826,JUNQUILLO RECTO 9 DM_PEB,0
810082123,TRAVESA�O 83mm.S45 DM_INOX,11,54
820022829,REMATE PAVIMENTO 60RT DM_PEB,0
810052062,MARCO VENTANA CURVO C/SOLAPE S40 DM_LBN,0
25000942730,TRAVESA�O BALCON C/27 V94_CSA,0
25000941110,MARCO VENTANA C/11 V94_CSA,0
25000941120,HOJA VENTANA C/11 V94_CSA,0
25000941130,TRAVESA�O VENTANA C/11 V94_CSA,0
800050351,MANILLA ELEV.INT.S/LLAVE+U�ERO_BLANCO,0
800000091,KIT CARROS CORREDERA ELEVABLE,0
800000510,FALLEBA 3 CORREDERA ELEVABLE S/MUELLE,0
800000210,PLETINA UNION CARROS 2,0
800000601,KIT SUPLEMENTO 16mm.FALLEBA TIPO,0
800000620,BULON CIERRE 1 ELEVABLE,0
800000660,DELIMITADOR VENTILACION ELEVABLE,0
80017320,LAMA TUBULAR 150mm_PMD,0
25007942710,MARCO PUERTA C/27 V94_LMD,0
25007943620,HOJA PUERTA APER.INT.C/36 V94_LMD,0
28000100,GOMA JUNTA CENTRAL V94,0,67
8500772701,TAPAJUNTAS 33mm.ELV100_LMD,0
240113121001,CHAPA 3x1,25x1 1C P1_LC3,0
2401108101,CHAPA 2x1x0,8 2C P1_LC3,0
820062341,MARCO VENTANA RECTO 45RT DM_LC1,16,61
820062303,HOJA GENERAL RECTA 45RT DM_LC1,17,66
71012303099,TAPA REFUERZO SOBREP.TRANSV_LC4,0
84000240,LAMA CELOSIA RECTA DM_CSA,0
790003470,MARCO PERIMETRAL 73,5mm.85RT DM_CSA,0
790003472,HOJA LATERAL RECTA 85RT DM_CSA,0
790003474,HOJA CENTRAL REFOR.RECTA 85RT DM_CSA,0
790003473,HOJA CENTRAL RECTA 85RT DM_CSA,0
790003471,HOJA RUEDAS RECTA 85RT DM_CSA,0
84006240,LAMA CELOSIA RECTA DM_LC1,0
790023470,MARCO PERIMETRAL 73,5mm.85RT DM_PEB,0
790023472,HOJA LATERAL RECTA 85RT DM_PEB,0
790023474,HOJA CENTRAL REFOR.RECTA 85RT DM_PEB,0
790023473,HOJA CENTRAL RECTA 85RT DM_PEB,0
790023471,HOJA RUEDAS RECTA 85RT DM_PEB,0
810002105,HOJA GENERAL PTA.80mm.CURVA S45 DM_CSA,0
810002147,INVERSOR CURVO S45 DM_CSA,0
810082105,HOJA GENERAL PTA.80mm.CURVA S45 DM_INOX,0
810082147,INVERSOR CURVO S45 DM_INOX,0
73005160817,ZOCALO CENTRAL 151mm.CS-59_LBN,0
240051C22101,CHAPA PERF.2x1x1,2 C�20 2C_LBN,0
24010312101,CHAPA 3x1,25x1,2 2C P1_LC2,0
110074508,TAPAJUNTAS 30mm.4000_LMD,0
8500272702,TAPAJUNTAS 43mm.ELV100_PEB,0
25002941110,MARCO VENTANA C/11 V94_PEB,0
25002942730,TRAVESA�O BALCON C/27 V94_PEB,0
25002941611,MARCO VENTANA C/SOLAPE C/16 V94_PEB,0
25002941120,HOJA VENTANA C/11 V94_PEB,0
25002941130,TRAVESA�O VENTANA C/11 V94_PEB,0
7900031206,CRUCE HOJAS CORTE RECTO PVC 85RT DM,0
7900031201,TAPAMARCO CORTE RECTO PVC 85RT DM,0
8500572702,TAPAJUNTAS 43mm.ELV100_LBN,2,62
25005941611,MARCO VENTANA C/SOLAPE C/16 V94_LBN,8,83
25005942730,TRAVESA�O BALCON C/27 V94_LBN,10,06
25005941130,TRAVESA�O VENTANA C/11 V94_LBN,8,03
25005941110,MARCO VENTANA C/11 V94_LBN,6,42
25005941120,HOJA VENTANA C/11 V94_LBN,8,97
8000030656,RUEDA TANDEM CORTE RECTO 85RT DM,0
8000030409,JGO.TAPA+AMORT.CORTE RECTO 85RT DM,0
8000030265,JGO.JUNTA ESTANQ.CORTE RECTO 85RT DM,0
99015RIOS,ARTICULO COMODIN_LMC,0
25000940305,JUNQUILLO GRAPA H-29mm.V94_CSA,0
25000940418,INVERSOR MARCO V94_CSA,0
25006941110,MARCO VENTANA C/11 V94_LC1,0
25006941141,INVERSOR CURVO V94_LC1,0
25006941120,HOJA VENTANA C/11 V94_LC1,0
25006943620,HOJA PUERTA APER.INT.C/36 V94_LC1,0
25006943623,HOJA PUERTA APER.EXT.C/36 V94_LC1,0
25006941130,TRAVESA�O VENTANA C/11 V94_LC1,0
25006940305,JUNQUILLO GRAPA H-29mm.V94_LC1,0
25006940418,INVERSOR MARCO V94_LC1,0
25006942720,HOJA BALCONERA C/27 V94_LC1,0
840152817,SOLAPE 30mm.DM_LMC,3,21
25006942730,TRAVESA�O BALCON C/27 V94_LC1,0
84006226,HOJA CONTRAVENTANA DM_LC1,3,72
71011061601,MARCO INFERIOR TLS-110_LC3,0
71011061603,MARCO SUPERIOR TLS-110_LC3,0
71011061602,MARCO LATERAL TLS-110_LC3,0
84008279,SOPORTE CELOSIA DM_INOX,2,54
84008280,CELOSIA P/ATORNILLAR 50mm.DM_INOX,3,32
240053152101,CHAPA 3x1,5x1,2 2C P1_LBN,112,78
810012114,MARCO PUERTA RECTO S45 DM_PMD,0
810012133,HOJA PUERTA EXT.93mm.CURVA S45 DM_PMD,0
61011030447,MARCO 54mm_LC3++,0
84008238,LAMA PARASOL ELIPTICA 100mm.DM_INOX,5,68
84008224,MARCO TROQUELADO DM_INOX,6,7
25006942710,MARCO PUERTA C/27 V94_LC1,0
25006943615,ZOCALO V94_LC1,0
110184065,SOLAPE 85mm.4000_LMCC,0
101853,ANGULO 50x30_LMCC++,0
810052807,JUNQUILLO RECTO 14 DM_LBN,0
810082807,JUNQUILLO RECTO 14 DM_INOX,2,96
810022807,JUNQUILLO RECTO 14 DM_PEB,0
810152807,JUNQUILLO RECTO 14 DM_LMC,6
810022808,JUNQUILLO RECTO 17,5 DM_PEB,0
810052808,JUNQUILLO RECTO 17,5 DM_LBN,0
810082808,JUNQUILLO RECTO 17,5 DM_INOX,3,11
810152808,JUNQUILLO RECTO 17,5 DM_LMC,6,27
810072807,JUNQUILLO RECTO 14 DM_LMD,6
820082402,HOJA VENTANA CURVA 60RT DM_INOX,16,46
820082423,TRAVESA�O PUERTA 60RT DM_INOX,17,81
280009432,GRAPA JUNQUILLO CURVO V94,0,14
24000C331001,CHAPA PERF.3x1,25x1,2 C�30_CSA,0
2401008101,CHAPA 2x1x0,8 2C P1_LC2,0
24005C331101,CHAPA PERF.3x1,25x1,2 C�30 2C_LBN,0
24000C131001,CHAPA PERF.3x1,25x1,2 C�10_CSA,93,98
24005C131101,CHAPA PERF.3x1,25x1,2 C�10 2C_LBN,0
24011C331101,CHAPA PERF.3x1,25x1,2 C�30 2C_LC3,0
810072809,JUNQUILLO RECTO 22,5 DM_LMD,7,03
25007941110,MARCO VENTANA C/11 V94_LMD,0
25007941120,HOJA VENTANA C/11 V94_LMD,0
820062305,HOJA PUERTA CURVA 45RT DM_LC1,20,53
810062808,JUNQUILLO RECTO 17,5 DM_LC1,3,55
25014941120,HOJA VENTANA C/11 V94_LMP,0
25014942720,HOJA BALCONERA C/27 V94_LMP,0
25014941110,MARCO VENTANA C/11 V94_LMP,0
25014940303,JUNQUILLO H-22mm.V94_LMP,0
25007941622,HOJA VTA.AJUNQUILLADA C/16 V94_LMD,0
25004941610,MARCO VENTANA C/16 V94_BEB,0
25004941620,HOJA VENTANA C/16 V94_BEB,0
25004941141,INVERSOR CURVO V94_BEB,0
25004940303,JUNQUILLO H-22mm.V94_BEB,0
25008941610,MARCO VENTANA C/16 V94_INOX,0
25008941622,HOJA VTA.AJUNQUILLADA C/16 V94_INOX,0
25008943620,HOJA PUERTA APER.INT.C/36 V94_INOX,0
25008940303,JUNQUILLO H-22mm.V94_INOX,0
8500872702,TAPAJUNTAS 43mm.ELV100_INOX,0
240113121101,CHAPA 3x1,25x1 2C P1_LC3,0
640102100B,ESCUDO BOCALLAVE SEGURIDAD_LAC.INOX,0
1130,ANGULO 30_LC3,0
25006941610,MARCO VENTANA C/16 V94_LC1,0
25006941622,HOJA VTA.AJUNQUILLADA C/16 V94_LC1,0
25007942720,HOJA BALCONERA C/27 V94_LMD,0
640102050A,MANILLA SIMPLE HORUS PLANA_LAC.INOX,0
810142807,JUNQUILLO RECTO 14 DM_LMP,6
61000303716,JUNQUILLO 19,2mm_CSA,0
820152339,HOJA PUERTA APER.EXT.45RT DM_LMC,0
61011030092,HOJA 78mm_LC3++,0
61011303716,JUNQUILLO 19,2mm_LC3,0
62001696831,DEFLECTOR SERIES REYNAERS_PLATA,0
810042012,MARCO VENTANA CURVO S40 DM_BEB,0
810042015,MARCO PUERTA CURVO S40 DM_BEB,0
810042005,HOJA BALCONERA CURVA S40 DM_BEB,0
810042042,HOJA VENTANA 68mm.CURVA S40 DM_BEB,0
810042033,HOJA PUERTA APERT.EXT.CURVA S40 DM_BEB,0
810042828,REMATE INFERIOR HOJA DM_BEB,0
820042315,MARCO PUERTA CURVO 45RT DM_BEB,16,37
820042340,HOJA VENTANA APER.EXT.45RT DM_BEB,17,63
62000808442,JUNTA ACUSTICA,0
240001R12001,CHAPA PERF.2x1x1,2 R�10_CSA,63,8
240001C12001,CHAPA PERF.2x1x1,2 C�10_CSA,63,38
840002851,FORRO 85x63,5 DM_CSA,0
240051R12101,CHAPA PERF.2x1x1,2 R�10 2C_LBN,0
240051C12101,CHAPA PERF.2x1x1,2 C�10 2C_LBN,0
790123470,MARCO PERIMETRAL 73,5mm.85RT DM_LC4,0
790123471,HOJA RUEDAS RECTA 85RT DM_LC4,0
790123472,HOJA LATERAL RECTA 85RT DM_LC4,0
790123474,HOJA CENTRAL REFOR.RECTA 85RT DM_LC4,0
460004001,EMBELLECEDOR CIERRE PANELUX 52mm_CSA,4,83
460073002,COBIJA DE UNA PIEZA_LMD,18,18
460074001,EMBELLECEDOR CIERRE PANELUX 52mm_LMD,7,12
25000941140,INVERSOR RECTO V94_CSA,0
25007941140,INVERSOR RECTO V94_LMD,0
25005941140,INVERSOR RECTO V94_LBN,7,87
25010941141,INVERSOR CURVO V94_LC2,0
810062807,JUNQUILLO RECTO 14 DM_LC1,3,39
51000209,CALCE APOYO CREMONA PLG-175,0
790113436,MARCO PERIMETRAL 81,5mm.85RT DM_LC3,0
640060782B,CREMONA NEFER 1 PALA SIN MANGO_NEGRO,0
11003FM45,FORRAM.45 CLIP DISE�O ABIS_OEB,0
820062414,MARCO PUERTA RECTO 60RT DM_LC1,20,35
820062430,UNION MARCOS RECTOS 60RT DM_LC1,15,88
820062439,HOJA PUERTA APER.EXT.60RT DM_LC1,31,39
820062455,HOJA PUERTA 93mm.RECTA 60RT DM_LC1,26,69
810062812,JUNQUILLO RECTO 35 DM_LC1,4,9
8500772702,TAPAJUNTAS 43mm.ELV100_LMD,0
820152330,UNION MARCOS RECTOS 45RT DM_LMC,0
25004941622,HOJA VTA.AJUNQUILLADA C/16 V94_BEB,0
820012501,MARCO VENTANA 75RT DM_PMD,0
820012502,HOJA VENTANA 75RT DM_PMD,0
810012827,JUNQUILLO RECTO 38 DM_PMD,0
820042341,MARCO VENTANA RECTO 45RT DM_BEB,13,12
820042303,HOJA GENERAL RECTA 45RT DM_BEB,14,02
810042807,JUNQUILLO RECTO 14 DM_BEB,0
820042321,TRAVESA�O VENTANA 45RT DM_BEB,14,25
8000030670,TANDEM REGULABLE 80KG 125/125RT DM,0
25006941620,HOJA VENTANA C/16 V94_LC1,0
25006940303,JUNQUILLO H-22mm.V94_LC1,0
820072502,HOJA VENTANA 75RT DM_LMD,43,67
820072503,INVERSOR 75RT DM_LMD,37,25
810072827,JUNQUILLO RECTO 38 DM_LMD,7,85
25002941140,INVERSOR RECTO V94_PEB,0
25006941630,TRAVESA�O VENTANA C/16 V94_LC1,0
640000651,MECANISMO P/OSIRIDE INT.NUEVO,0
820002342,HOJA VENTANA 68mm.CURVA 45RT DM_CSA,0
810003706,MARCO LISO S50PTA DM_CSA,0
810003705,ZOCALO S50PTA DM_CSA,0
810003707,COMPLEMENTO MARCO S50PTA DM_CSA,0
810003708,COMPLEMENTO PTA.VAIVEN S50PTA DM_CSA,0
820002401,HOJA VTNA.CURVA S/JUNQUILLO 60RT DM_CSA,0
820122414,MARCO PUERTA RECTO 60RT DM_LC4,15,8
820122439,HOJA PUERTA APER.EXT.60RT DM_LC4,23,43
820122401,HOJA VTNA.CURVA S/JUNQUILLO 60RT DM_LC4,0
810122808,JUNQUILLO RECTO 17,5 DM_LC4,4,53
810083706,MARCO LISO S50PTA DM_INOX,0
810083705,ZOCALO S50PTA DM_INOX,0
810083707,COMPLEMENTO MARCO S50PTA DM_INOX,0
810083708,COMPLEMENTO PTA.VAIVEN S50PTA DM_INOX,0
8300030172,ESCUADRA TETON 40x38 DM,0
61000214593,PERFIL CONDENSACION 10mm_CSA,0
62000716356,PIEZA DECORATIVA,0
62000716357,PIEZA DECORATIVA,0
61005214593,PERFIL CONDENSACION 10mm_LBN,0
810002823,JUNQUILLO GRAPA 35 DM_CSA,0
61001050183,MARCO FUNCIONAL 64mm.CS68_PMD++,0
61001303611,JUNQUILLO CS 23,2mm_PMD,0
810042806,JUNQUILLO RECTO 11,5 DM_BEB,0
810052823,JUNQUILLO GRAPA 35 DM_LBN,0
810072823,JUNQUILLO GRAPA 35 DM_LMD,0
25011941120,HOJA VENTANA C/11 V94_LC3,0
25001942710,MARCO PUERTA C/27 V94_PMD,0
25001943620,HOJA PUERTA APER.INT.C/36 V94_PMD,0
8500872703,TAPAJUNTAS 60mm.ELV100_INOX,0
810022812,JUNQUILLO RECTO 35 DM_PEB,0
84010226,HOJA CONTRAVENTANA DM_LC2,0
240183121001,CHAPA 3x1,25x1 1C P1_LMCC++,0
25006943630,TRAVESA�O PUERTA C/36 V94_LC1,0
430,"ACC.CARP.EUROP.""STAC""",0
430051154,CREMONA SIRIUS OSCILO_BLANCO,0
430061154,CREMONA SIRIUS OSCILO_NEGRO,0
430081154,CREMONA SIRIUS OSCILO_INOX,0
470005200M,TAPA MEDIANA P/COBIJA_CRUDO,0
820042355,HOJA PUERTA RECTA 45RT DM_BEB,19,83
25011942710,MARCO PUERTA C/27 V94_LC3,0
25011943620,HOJA PUERTA APER.INT.C/36 V94_LC3,0
25011943615,ZOCALO V94_LC3,0
25011940303,JUNQUILLO H-22mm.V94_LC3,0
25011943630,TRAVESA�O PUERTA C/36 V94_LC3,0
430111154,CREMONA SIRIUS OSCILO_LAC.PLATA,0
240011R12101,CHAPA PERF.2x1x1,2 R�10 2C_P.MATE,0
820052402,HOJA VENTANA CURVA 60RT DM_LBN,16,59
460123002,COBIJA DE UNA PIEZA_LC4,0
460124000,EMBELLECEDOR CIERRE PANELUX 82mm_LC4,0
460125103A,SOPORTE CANALON_LC4,0
460125103B,U CANALON RECOGIDA DE AGUAS_LC4,0
460125109,POSTE SOPORTE Y EVACUACION_LC4,0
820082342,HOJA VENTANA 68mm.CURVA 45RT DM_INOX,16,47
810152015,MARCO PUERTA CURVO S40 DM_LMC,18,19
810152042,HOJA VENTANA 68mm.CURVA S40 DM_LMC,19,05
39006M69D,SOPORTE OVALINA CORR.M-69 DCHO_NEGRO,0,18
25007941630,TRAVESA�O VENTANA C/16 V94_LMD,0
39006M69I,SOPORTE OVALINA CORR.M-69 IZDO_NEGRO,0,18
25015941610,MARCO VENTANA C/16 V94_LMC,0
25015941620,HOJA VENTANA C/16 V94_LMC,0
25015941630,TRAVESA�O VENTANA C/16 V94_LMC,0
25015940303,JUNQUILLO H-22mm.V94_LMC,0
25015941141,INVERSOR CURVO V94_LMC,0
820112507,MARCO VTNA.HOJA OCULTA 75RT DM_LC3,0
820112508,HOJA VTNA.OCULTA 75RT DM_LC3,0
820112514,TRAVES.SIM�TRICO H.OCULTA 75RT DM_LC3,0
810112510,JUNQUILLO 48 HOJA OCULTA DM_LC3,0
8501172701,TAPAJUNTAS 33mm.ELV100_LC3,0
61010303606,JUNQUILLO 8,2mm_LC2,0
61010303612,JUNQUILLO CS 26,2mm_LC2,0
820082405,HOJA PUERTA CURVA 60RT DM_INOX,18,33
240073152001,CHAPA 3x1,5x1,2 1C P1_LMD,0
25007941611,MARCO VENTANA C/SOLAPE C/16 V94_LMD,0
25007943630,TRAVESA�O PUERTA C/36 V94_LMD,0
790062620,MARCO PERIMETRAL 125RT DM_LC1,0
790062621,HOJA PERIMETRAL 125RT DM_LC1,0
790062622,CRUCE HOJAS 125RT DM_LC1,0
790062623,TAPA CANAL MARCO 125RT DM_LC1,0
820062351,MARCO VTNA.RECTO C/SOLAPE 45RT DM_LC1,18,01
25008941620,HOJA VENTANA C/16 V94_INOX,0
25008941630,TRAVESA�O VENTANA C/16 V94_INOX,0
25008941141,INVERSOR CURVO V94_INOX,0
401061,RECTANGULAR 60x10_LC2,0
24001C131101,CHAPA PERF.3x1,25x1,2 C�10 2C_P.MATE,0
2400715001,CHAPA 2x1x1,5 1C P1_LMD,0
25008942710,MARCO PUERTA C/27 V94_INOX,0
85008940304,JUNQUILLO 26mm.ELV100_INOX,0
401261,RECTANGULAR 60x10_LC4,0
25007942730,TRAVESA�O BALCON C/27 V94_LMD,0
85007940304,JUNQUILLO 26mm.ELV100_LMD,0
790053432,MARCO FIJO 81,5mm.85RT DM_LBN,0
2401115101,CHAPA 2x1x1,5 2C P1_LC3,0
80076962,LAMA TUBULAR 120mm_LMD,0
25006941611,MARCO VENTANA C/SOLAPE C/16 V94_LC1,0
460025103B,U CANALON RECOGIDA DE AGUAS_PEB,0
460025174,EMBELLECEDOR CANALON RECOG.AGUAS_PEB,0
25012941622,HOJA VTA.AJUNQUILLADA C/16 V94_LC4,0
25012941141,INVERSOR CURVO V94_LC4,0
25012941630,TRAVESA�O VENTANA C/16 V94_LC4,0
61006110412,MARCO 4 CARRILES RECTO_LC1,0
61006110440,HOJA CRUCE_LC1,0
61006110450,HOJA LATERAL_LC1,0
61006110461,CARRO RULETAS CP45_LC1,0
61006110766,UNION CENTRAL 3-4 HOJAS CP45_LC1,0
61006110460,TRANSVERSAL HOJA_LC1,0
61006110431,MONORRAIL+FIJO CP45_LC1,0
61006110486,VIERTEAGUAS CP45_LC1,0
61006110487,COMPLEMENTO MONORRAIL+FIJO CP45_LC1,0
61006110443,CRUCE FIJO MONORRAIL CP45_LC1,0
61006043312,JUNQUILLO 12mm_LC1++,0
500065,REDONDO 65_CSA,0
62000809613,JUNTA ACRISTALAR 10mm,0
62006627132,TIRADOR STANDAR FIJO CP50_NEGRO,0
790072620,MARCO PERIMETRAL 125RT DM_LMD,0
790072621,HOJA PERIMETRAL 125RT DM_LMD,0
790072622,CRUCE HOJAS 125RT DM_LMD,0
790072623,TAPA CANAL MARCO 125RT DM_LMD,0
500055,REDONDO 55_CSA,0
62000809610,JUNTA ACRISTALAR 6mm.,0
62000629383,TAPETA MARCO,0
62000809124,JUNTA ACRISTALADO INTERIOR,0
62000626839,CERRADERO MARCO SUPLEMENTARIO,0
62000626858,CONJUNTO BASICO PUERTA,0
61007082504,HOJA_LMD,0
61007051533,JUNQUILLO 2,2mm_LMD++,0
61001061901,MARCO INFERIOR_PMD++,0
61001061903,MARCO SUPERIOR_PMD++,0
61001303609,JUNQUILLO CS 17,2mm_PMD,0
61001061902,MARCO LATERAL_PMD++,0
61001061988,PERFIL CENTRAL_PMD++,0
61001061986,HOJA 94mm_PMD++,0
2401208001,CHAPA 2x1x0,8 1C P1_LC4,0
640100808,CREMONA GHIBLI 1P.82/104_LAC.INOX,0
640109730,BISAGRA BLITZ_LAC.INOX,0
55010627865,MANETA INTERIOR+U�ERO_LAC.INOX,0
12000T8/3727,ESCUAD.TETON R�.CAMARA 27 INOX,0
640060790B,CREMONA NEFER 2 PAL.INT.96_COLOR,0
460023002,COBIJA DE UNA PIEZA_PEB,0
460024001,EMBELLECEDOR CIERRE PANELUX 52mm_PEB,0
73012160627,ACOPLAM.TE APER.INT.CS-59_LC4,0
73012160817,ZOCALO CENTRAL 151mm.CS-59_LC4,0
73012051034,REMATE BAJO PTA.CS-59_LC4,0
73012160114,TE TRANSVERSAL 96mm.CS-59_LC4,0
240153121001,CHAPA 3x1,25x1 1C P1_LMC,0
61007420131,TAPABOCAS C/GRAPA G54 1522_LMD,0
61008030447,MARCO 54mm_INOX++,0
61008043312,JUNQUILLO 12mm_INOX++,0
820082441,MARCO VENTANA RECTO 60RT DM_INOX,14,87
820082403,HOJA VENTANA RECTA 60RT DM_INOX,15,87
820082416,INVERSOR RECTO 60RT DM_INOX,16,11
840004001,MONTANTE FACHADA 50x90mm.DM_CSA,0
840004005,TAPA HORIZONTAL FACHADA DM_CSA,0
840004003,ANCLAJE TAPAS HORIZ/VERT.FACHADA DM_CSA,0
840004006,MARCO PERIMETRAL FACHADA DM_CSA,0
74000689092,TOPE UNION 32,5mm CS-59,0
74000689090,TOPE UNION 11,1mm.CS-59,0
8300031113,JUNTA MONTANTE FACHADA DM,0
8300030944,ANTIGIRO DM,0
820122302,HOJA VENTANA CURVA 45RT DM_LC4,15,8
840124001,MONTANTE FACHADA 50x90mm.DM_LC4,0
840124005,TAPA HORIZONTAL FACHADA DM_LC4,0
840124006,MARCO PERIMETRAL FACHADA DM_LC4,0
201120,CUADRADO 20_LC3,0
280000361,ESCUADRA P/CAMARA 27 V94,1,03
240053152001,CHAPA 3x1,5x1,2 1C P1_LBN,101,85
25006941140,INVERSOR RECTO V94_LC1,0
401536,RECTANGULAR 35x10_LMC,0
28000949412,JGO.TAPA NEGRO PERF.INVERSOR RECTO V94,1,31
810032807,JUNQUILLO RECTO 14 DM_OEB,0
24002C331101,CHAPA PERF.3x1,25x1,2 C�30 2C_P.SEMI,0
62000809310,JUNTA DRENAJE OCULTO,0
820082415,MARCO PUERTA CURVO 60RT DM_INOX,18,54
25008943623,HOJA PUERTA APER.EXT.C/36 V94_INOX,0
240003155001,CHAPA 3x1,5x1,5_CSA,119,23
37002813,MARCO TROQUELADO MALLORQ.40x20_PEB,0
37002816,LAMA SIMPLE FIJA 100mm.MALLORQ_PEB,0
240083121001,CHAPA 3x1,25x1 1C P1_INOX,0
61012061631,CRUCE REFORZADO TLS110_LC4++,0
84007253,GUIA PALA 125mm.DM_LMD,0
820112403,HOJA VENTANA RECTA 60RT DM_LC3,0
820112421,TRAVESA�O VENTANA 60RT DM_LC3,0
820112416,INVERSOR RECTO 60RT DM_LC3,0
820112439,HOJA PUERTA APER.EXT.60RT DM_LC3,0
810112810,JUNQUILLO RECTO 29 DM_LC3,2,93
240123155001,CHAPA 3x1,5x1,5 1C P1_LC4,0
61005030447,MARCO 54mm_LBN++,0
61012030002,HOJA 65mm_LC4++,0
61012030013,TRAVESERO 70mm_LC4++,0
500812,REDONDO 12_INOX,0
61004063621,HOJA TLS110_BEB++,0
44017FM3020,TAPAJUNTAS 30 CO/ABAT_LME,0
25017941610,MARCO VENTANA C/16 V94_LME,0
25017943620,HOJA PUERTA APER.INT.C/36 V94_LME,0
25017940303,JUNQUILLO H-22mm.V94_LME,0
25008941140,INVERSOR RECTO V94_INOX,0
25015941622,HOJA VTA.AJUNQUILLADA C/16 V94_LMC,0
20000AD1721,UNION PASAMANOS 51x21_CRUDO,0
61000070865,ESQUINERO REG.MACHO_CSA++,0
61000070866,ESQUINERO REG.HEMBRA_CSA++,0
61012070865,ESQUINERO REG.MACHO_LC4++,0
61012070866,ESQUINERO REG.HEMBRA_LC4++,0
62000608736,ESCUADRA CANTONERA,0
25015943620,HOJA PUERTA APER.INT.C/36 V94_LMC,0
25015943623,HOJA PUERTA APER.EXT.C/36 V94_LMC,0
25015942710,MARCO PUERTA C/27 V94_LMC,0
62000607872,ANGULO REENVIO,0
240043121101,CHAPA 3x1,25x1 2C P1_BRONCE,0
8200031211,JUNQUILLO HOJA OCULTA PVC 60RT DM,0
820002459,HOJA OCULTA 60RT DM_CSA,0
820122441,MARCO VENTANA RECTO 60RT DM_LC4,14,12
820122459,HOJA OCULTA 60RT DM_LC4,8,44
460095109,POSTE SOPORTE Y EVACUACION_AOC,0
810102003,HOJA VENTANA 68mm.RECTA S40 DM_LC2,7,68
2100555008,BARROTE OVALADO 35x16_LBN,0
110044034,PLETINA CREMONA 4000_BEB,0
820003606,HOJA PUERTA RECTA 65RT DM_CSA,0
820003603,HOJA VENTANA RECTA 65RT DM_CSA,0
820003621,MARCO VENTANA RECTO 65RT DM_CSA,0
820003607,INVERSOR 65RT DM_CSA,0
820003611,TRAVESA�O PUERTA 65RT DM_CSA,0
840002818,GOTERON DM_CSA,0
8300030457,JGO.TAPA INVERSOR 65RT DM,0
820042317,INVERSOR CURVO 45RT DM_BEB,15,91
820042323,TRAVESA�O PUERTA 45RT DM_BEB,15,85
810042808,JUNQUILLO RECTO 17,5 DM_BEB,0
790002645,MARCO PERIMETRAL 125RT DM_CSA,0
240043121001,CHAPA 3x1,25x1 1C P1_BRONCE,0
820123606,HOJA PUERTA RECTA 65RT DM_LC4,21,27
820123603,HOJA VENTANA RECTA 65RT DM_LC4,16,23
820123621,MARCO VENTANA RECTO 65RT DM_LC4,14,85
820123607,INVERSOR 65RT DM_LC4,15,97
820123611,TRAVESA�O PUERTA 65RT DM_LC4,17,98
840122818,GOTERON DM_LC4,1,73
790002650,UNION 4 HOJAS 125RT DM_CSA,0
25012942710,MARCO PUERTA C/27 V94_LC4,0
25012943630,TRAVESA�O PUERTA C/36 V94_LC4,0
25012943623,HOJA PUERTA APER.EXT.C/36 V94_LC4,0
25012941140,INVERSOR RECTO V94_LC4,0
4400878,UNION CORREDERA LG/ABISAG_INOX,0
280004458,ESCUADRA ALINEAC.GRANDE INOX V94,0,13
840122865,SOLAPE 45mm.DM_LC4,0
790103409,CRUCE HOJAS 85RT DM_LC2,3,65
1101863,SOLAPE CURVO 40mm_LMCC++,0
25010941610,MARCO VENTANA C/16 V94_LC2,0
59008776548,PERNIO PALA NORMAL MEDAS_INOX,0
8501072703,TAPAJUNTAS 60mm.ELV100_LC2,0
62001627145,TIRADOR C/LLAVE CP50_PLATA,0
8501572703,TAPAJUNTAS 60mm.ELV100_LMC,0
400661,RECTANGULAR 60x10_LC1,0
80126962,LAMA TUBULAR 120mm_LC4,0
401531,RECTANGULAR 30x15_LMC,0
820102303,HOJA GENERAL RECTA 45RT DM_LC2,13,08
62006627145,TIRADOR C/LLAVE CP50_NEGRO,0
820022421,TRAVESA�O VENTANA 60RT DM_PEB,0
820062355,HOJA PUERTA RECTA 45RT DM_LC1,24,75
820072351,MARCO VTNA.RECTO C/SOLAPE 45RT DM_LMD,17,53
810072808,JUNQUILLO RECTO 17,5 DM_LMD,6,27
810122807,JUNQUILLO RECTO 14 DM_LC4,4,31
61011214532,MAINEL INTERIOR 25mm.CS_LC3,0
61011214533,TAPETA 8mm.CS_LC3,0
2401110101,CHAPA 2x1x1 2C P1_LC3,0
8701035770,MARCO SOLAPE HOJA OCULTA_LC2,0
8701035765,MARCO HOJA OCULTA_LC2,0
8701035766,HOJA OCULTA_LC2,0
8701035767,INVERSOR HOJA OCULTA_LC2,0
8701035768,TRAVESA�O C/FIJO LATERAL HO_LC2,0
8701035437,COMPLEMENTO AJUNQUILLAR HO_LC2,0
8701034021,JUNQUILLO RECTO 28 HO_LC2,0
820102355,HOJA PUERTA RECTA 45RT DM_LC2,18,34
810102828,REMATE INFERIOR HOJA DM_LC2,3,74
820102321,TRAVESA�O VENTANA 45RT DM_LC2,13,32
25010941620,HOJA VENTANA C/16 V94_LC2,0
25010940303,JUNQUILLO H-22mm.V94_LC2,0
61000050420,TRAVESA�O 89mm_CSA,0
61000050873,PERFIL SUELO APER.INTERIOR_CSA++,0
61000052029,PERFIL TOPE PUERTA_CSA++,0
61000053026,HOJA APER.INTERIOR_CSA++,0
73001160628,ACOPLAM.TE APER.EXT.CS-59_PMD,0
73001051034,REMATE BAJO PTA.CS-59_PMD,0
820012829,REMATE PAVIMENTO 60RT DM_PMD,0
62011656441,BISAGRA PUERTA 3 PALAS_LC3,0
61012050102,HOJA FUNCIONAL 68mm.CS68_LC4++,0
61012050420,TRAVESA�O 89mm_LC4++,0
61012050873,PERFIL SUELO APER.INTERIOR_LC4++,0
61012052029,PERFIL TOPE PUERTA_LC4++,0
61012053026,HOJA APER.INTERIOR_LC4++,0
71012061700,MARCO INFERIOR 3 CARRILES TLS-110_LC4,0
71012061703,MARCO SUPERIOR 3 CARRILES TLS-110_LC4,0
71012061702,MARCO LATERAL 3 CARRILES TLS-110_LC4,0
25015941140,INVERSOR RECTO V94_LMC,0
8501572702,TAPAJUNTAS 43mm.ELV100_LMC,0
62000688740,TOPE UNION 5X14mm,0
62000688817,ESCUADRA ATORNILLAR 21x41,3,0
62000698430,PIEZA TERMINAL PERF.SUELO,0
62000698439,PORTACEPILLO DCHA/IZDA,0
62000809080,JUNTA TOPE,0
843,ANGULO 40x3_INOX,0
61005340559,TAPETA 15mm_LBN,0
40005SLPE,MANILLA SLITTA PEQUE�A_BLANCO,0
820062441,MARCO VENTANA RECTO 60RT DM_LC1,18,27
8900014550,HOJA CENTRAL PANORAMICA NEXUS_CSA,0
8900514550,HOJA CENTRAL PANORAMICA NEXUS_LBN,0
20010AD1841,"TAPON""U""CRISTAL IZQU_LAC.INOX",0
89000PL10,FORMA U P/MARCO PVC NEXUS,0
89000PL7,CANAL PVC NEXUS,0
89000PL613,PERFIL PVC RT613 NEXUS,0
90000GTTN95P,COJINETE TANDEM NEXUS,0
90000913,APOYO P/MECANISMO MULTIPUNTO NEXUS,0
90000911,SISTEMA CIERRE 2 PUNTOS C/LLAVE NEXUS,0
90000KC75,KIT P/ACCESORIO 2 PUNTOS NEXUS,0
90000MP2,ESCUADRA REGISTRO PERSIANA NEXUS,0
900054001D,MANETA DCHA.MULTIPUNTO NEXUS_BLANCO,0
900054001I,MANETA IZDA.MULTIPUNTO NEXUS_BLANCO,0
90000G619,GOMA TAPETA P/CARRIL ABIERTO NEXUS++,0
89000RT620,MARCO RECTO PERIMETRAL NEXUS_CSA,0
89000RT616,HOJA RECTA NEXUS_CSA,0
8900071979,TAPAJUNTAS RECTO 40mm.NEXUS_CSA,0
90000KN95PP,KIT P/CORRED.2 HOJAS PANORAMICA NEXUS++,0
89000L3514,CARRIL INF.RODADURA INOX NEXUS,0
20010AD1840,"TAPON""U""CRISTAL DCHO_LAC.INOX",0
240013125101,CHAPA 3x1,25x1,5 2C P1_P.MATE,0
25004943623,HOJA PUERTA APER.EXT.C/36 V94_BEB,0
89005RT620,MARCO RECTO PERIMETRAL NEXUS_LBN,0
89005RT616,HOJA RECTA NEXUS_LBN,0
790053470,MARCO PERIMETRAL 73,5mm.85RT DM_LBN,0
790053472,HOJA LATERAL RECTA 85RT DM_LBN,0
790053474,HOJA CENTRAL REFOR.RECTA 85RT DM_LBN,0
790053473,HOJA CENTRAL RECTA 85RT DM_LBN,0
790053452,MARCO PERIMETRAL 3 CARRILES 85RT DM_LBN,0
790053471,HOJA RUEDAS RECTA 85RT DM_LBN,0
8000030174,ESCUADRA HOJA CORREDERA 85RT DM,0
8000030127,CORTAVIENTOS CORTE RECTO 85RT DM,0
8000030411,JGO.TAPA HOJA CORTE RECTO 85RT DM,0
PA,PRECIOS ACORDADOS P/ESTE PEDIDO,0
RE,RESTO DE PEDIDO,0
89000PL11,PERFIL PVC 3�HOJA NEXUS,0
90000918,SISTEMA CIERRE 2 PUNTOS NEXUS,0
90000919,SISTEMA MULTIPUNTO SUPLEMENTARIO NEXUS,0
90000KC79,KIT CONTRAPLACA P/917-919 NEXUS,0
90000KC78,KIT CONTRAPLACA P/918 NEXUS,0
640100640BI,MANILLA OSIRIDE EJE 43mm_LAC.INOX,0
5600804,HOJA LATERAL AJ_INOX,8,79
5600845,HOJA CENTRAL 45mm.AJ_INOX,8,59
8900671979,TAPAJUNTAS RECTO 40mm.NEXUS_LC1,0
25008942730,TRAVESA�O BALCON C/27 V94_INOX,0
790003429,HOJA PERIMETRAL 78mm.85RT DM_CSA,0
40006MRM,MANILLA ROTOSPEED MANIVELA_NEGRO,0
21000838,PASAMANOS 80x38_CSA,0
790062650,UNION 4 HOJAS 125RT DM_LC1,0
61008214535,MAINEL 18mm.CS_INOX,22,22
460085103B,U CANALON RECOGIDA DE AGUAS_INOX,14,98
460085174,EMBELLECEDOR CANALON RECOG.AGUAS_INOX,8,64
460085109,POSTE SOPORTE Y EVACUACION_INOX,21,44
25000941627,HOJA VENTANA CURVA C/16 V94_CSA,0
820082421,TRAVESA�O VENTANA 60RT DM_INOX,16,14
790083432,MARCO FIJO 81,5mm.85RT DM_INOX,0
820012339,HOJA PUERTA APER.EXT.45RT DM_PMD,0
810022015,MARCO PUERTA CURVO S40 DM_PEB,0
61012420834,TAPAJUNTAS PUNTO R� 50mm_LC4,0
PO,PRECIO OFERTADO,0
25007943623,HOJA PUERTA APER.EXT.C/36 V94_LMD,0
89000RT640,MARCO 4 CARRILES PERIM.NEXUS_CSA,0
89006RT640,MARCO 4 CARRILES PERIM.NEXUS_LC1,0
89006RT616,HOJA RECTA NEXUS_LC1,0
8900614550,HOJA CENTRAL PANORAMICA NEXUS_LC1,0
900064001D,MANETA DCHA.MULTIPUNTO NEXUS_NEGRO,0
900064001I,MANETA IZDA.MULTIPUNTO NEXUS_NEGRO,0
25015941627,HOJA VENTANA CURVA C/16 V94_LMC,0
21008838,PASAMANOS 80x38_INOX,0
25002941627,HOJA VENTANA CURVA C/16 V94_PEB,0
25004941627,HOJA VENTANA CURVA C/16 V94_BEB,0
25008941627,HOJA VENTANA CURVA C/16 V94_INOX,0
700784,U 30x43x30_LMD,0
25005941627,HOJA VENTANA CURVA C/16 V94_LBN,9,43
56008450,HOJA CENTRAL 45mm.CLIM.AJ_INOX,8,41
800000191,KIT CARROS INTERMEDIOS ELEVABLE,0
800000521,FALLEBA 4 CORRED.HS FA-4 C/MUELLE,0
800000240,GUIA PLETINA UNION CARROS,0
800000650,SUPLEMENTO BULON CIERRE 1mm,0
800000220,PLETINA UNION CARROS 3,0
240143121001,CHAPA 3x1,25x1 1C P1_LMP,0
84001226,HOJA CONTRAVENTANA DM_PMD,0
790083429,HOJA PERIMETRAL 78mm.85RT DM_INOX,0
820022315,MARCO PUERTA CURVO 45RT DM_PEB,0
69002508543,PILASTRA P/CURVAR MEZQUITA_PEB,0
820102403,HOJA VENTANA RECTA 60RT DM_LC2,13,86
790103436,MARCO PERIMETRAL 81,5mm.85RT DM_LC2,17,69
790103406,HOJA PERIMETRAL RECTA 85RT DM_LC2,16,2
310109715,UNION 4 HOJAS RT EXCELSA_LC2,0
84001279,SOPORTE CELOSIA DM_PMD,0
84001280,CELOSIA P/ATORNILLAR 50mm.DM_PMD,0
1550,ANGULO 50_LMC,0
89008RT620,MARCO RECTO PERIMETRAL NEXUS_INOX,0
89008RT616,HOJA RECTA NEXUS_INOX,0
8900814550,HOJA CENTRAL PANORAMICA NEXUS_INOX,0
820062323,TRAVESA�O PUERTA 45RT DM_LC1,19,93
820102402,HOJA VENTANA CURVA 60RT DM_LC2,14,3
640050757BI,CREMONA NEFER MIDI O/B G-4_BLANCO,0
640060757BI,CREMONA NEFER MIDI O/B G-4_NEGRO,0
640061408D,KIT BISAG.OSCILO G-4 DCHA_NEGRO,0
640051408D,KIT BISAG.OSCILO G-4 DCHA_BLANCO,0
640051408Z,KIT BISAG.OSCILO G-4 IZDA_BLANCO,0
640001471D,KIT BASE OSCILO 1H G-4 DCHA,0
640001471Z,KIT BASE OSCILO 1H G-4 IZDA,0
640001472D,KIT BASE OSCILO 2H G-4 DCHA,0
640001472Z,KIT BASE OSCILO 2H G-4 IZDA,0
640061408Z,KIT BISAG.OSCILO G-4 IZDA_NEGRO,0
460083002,COBIJA DE UNA PIEZA_INOX,0
400874,RECTANGULAR 70x40_INOX,0
23006838D,TAPA PASAMANOS 80x38 DCHA_NEGRO,0
23006838I,TAPA PASAMANOS 80x38 IZDA_NEGRO,0
61006342523,TRANSVERSAL 88,2mm.CW50_LC1,0
61007I70522,REMATE INF/INT.A OBRA 45mm_LMD,0
61007341503,MAINEL 104,5mm.CW50_LMD,0
61007340538,TAPETA EXTERIOR 23,5 CW50_LMD,0
61007342523,TRANSVERSAL 88,2mm.CW50_LMD,0
800000200,PLETINA UNION CARROS 1,0
800060351,MANILLA ELEV.INT.S/LLAVE+U�ERO_NEGRO,0
800000670,TOPE 90 CORREDERA ELEVABLE,0
790003446,MARCO FIJO 81,5mm.85RT DM_CSA,0
790053405,HOJA PERIMETRAL 85RT DM_LBN,0
810082015,MARCO PUERTA CURVO S40 DM_INOX,13,87
820142312,MARCO VENTANA CURVO 45RT DM_LMP,17,62
820142342,HOJA VENTANA 68mm.CURVA 45RT DM_LMP,18,84
820142356,HOJA PUERTA EXT.95mm.CURVA 45RT DM_LMP,23,94
820142321,TRAVESA�O VENTANA 45RT DM_LMP,17,45
820142316,INVERSOR RECTO 45RT DM_LMP,17,49
820142845,CANAL BISAGRAS DM_LMP,4,31
810142802,JUNQUILLO CURVO 14 DM_LMP,5,62
810142821,JUNQUILLO GRAPA 14 DM_LMP,4,58
25012941620,HOJA VENTANA C/16 V94_LC4,0
9000057P,FELPUDO 5x7 NEXUS,0
9000079P,FELPUDO 7x9 NEXUS,0
90000TC,TAPETA CENTRAL/CRUCE NEXUS,0
89012RT620,MARCO RECTO PERIMETRAL NEXUS_LC4,0
89012RT616,HOJA RECTA NEXUS_LC4,0
8901214550,HOJA CENTRAL PANORAMICA NEXUS_LC4,0
8901271979,TAPAJUNTAS RECTO 40mm.NEXUS_LC4,0
84008226,HOJA CONTRAVENTANA DM_INOX,0
460065103A,SOPORTE CANALON_LC1,0
460065103B,U CANALON RECOGIDA DE AGUAS_LC1,0
460065109,POSTE SOPORTE Y EVACUACION_LC1,0
460065174,EMBELLECEDOR CANALON RECOG.AGUAS_LC1,0
460185103A,SOPORTE CANALON_LMCC++,0
460185103B,U CANALON RECOGIDA DE AGUAS_LMCC++,0
460185174,EMBELLECEDOR CANALON RECOG.AGUAS_LMCC++,0
460185109,POSTE SOPORTE Y EVACUACION_LMCC++,0
4601810519,PERFIL REMATE COBIJA_LMCC++,0
25012943620,HOJA PUERTA APER.INT.C/36 V94_LC4,0
240111C42101,CHAPA PERF.2x1x1,2 C�40 2C_LC3,0
820042330,UNION MARCOS RECTOS 45RT DM_BEB,12,09
25007941627,HOJA VENTANA CURVA C/16 V94_LMD,0
2400715101,CHAPA 2x1x1,5 2C P1_LMD,0
810022810,JUNQUILLO RECTO 29 DM_PEB,0
790062645,MARCO PERIMETRAL 125RT DM_LC1,0
790062627,GUIA INFERIOR 125RT DM_LC1,0
820062330,UNION MARCOS RECTOS 45RT DM_LC1,15,31
90000F899,ESCUADRA 25x15 P/RT899 NEXUS,0
900000359,ESCUADRA ALINEACION RPT INOX NEXUS,0
89000RTS899,MARCO VTNA.54mm.NEXUS_CSA,0
8900010022,PERFIL UNION MARCOS NEXUS_CSA,0
820042502,HOJA VENTANA 75RT DM_BEB,33,84
820042503,INVERSOR 75RT DM_BEB,29,33
820003604,MARCO PUERTA RECTO 65RT DM_CSA,0
820003613,ESQUINERO 90� 65RT DM_CSA,0
89000RT630,MARCO 3 CARRILES PERIM.NEXUS_CSA,0
820013604,MARCO PUERTA RECTO 65RT DM_PMD,0
820013611,TRAVESA�O PUERTA 65RT DM_PMD,0
820013621,MARCO VENTANA RECTO 65RT DM_PMD,0
820013606,HOJA PUERTA RECTA 65RT DM_PMD,0
820013603,HOJA VENTANA RECTA 65RT DM_PMD,0
820013607,INVERSOR 65RT DM_PMD,0
KIT GASTO,KIT GASTO,0
820013613,ESQUINERO 90� 65RT DM_PMD,0
810012810,JUNQUILLO RECTO 29 DM_PMD,0
89001RT620,MARCO RECTO PERIMETRAL NEXUS_PMD,0
89001RT630,MARCO 3 CARRILES PERIM.NEXUS_PMD,0
89001RT616,HOJA RECTA NEXUS_PMD,0
8900114550,HOJA CENTRAL PANORAMICA NEXUS_PMD,0
240053155001,CHAPA 3x1,5x1,5 1C P1_LBN,0
90000JC,JGO.CORTAVIENTOS SUP/INF NEXUS,0
90000TJ,JGO.TAPETA+JUNTA NEOPRENO CRUCE NEXUS,0
820072417,INVERSOR CURVO 60RT DM_LMD,20,27
800000520,FALLEBA 4 CORRED.HS FA-4 S/MUELLE,0
8900571979,TAPAJUNTAS RECTO 40mm.NEXUS_LBN,0
610001080934,MARCO INFERIOR CF77_CSA,0
610081080934,MARCO INFERIOR CF77_INOX,0
62000809061,JUNTA CF77,0
62000698590,JUNTA UNION CF77,0
62000698587,JUNTA UNION CF77,0
62000698583,JUNTA UNION CF77,0
62000698585,JUNTA UNION CF77,0
62000698595,JUNTA UNION CF77,0
800013190D,MANILLA ACODADA 3190 DCHA_PLATA,0
800013190I,MANILLA ACODADA 3190 IZDA_PLATA,0
240063155001,CHAPA 3x1,5x1,5 1C P1_LC1,0
240053155101,CHAPA 3x1,5x1,5 2C P1_LBN,0
25007943615,ZOCALO V94_LMD,0
25015942730,TRAVESA�O BALCON C/27 V94_LMC,0
25015943630,TRAVESA�O PUERTA C/36 V94_LMC,0
25015942720,HOJA BALCONERA C/27 V94_LMC,0
89005RT630,MARCO 3 CARRILES PERIM.NEXUS_LBN,0
101864,ANGULO 60x40_LMCC++,0
840122860,SOLAPE 50mm.DM_LC4,4,47
820022507,MARCO VTNA.HOJA OCULTA 75RT DM_PEB,0
820022508,HOJA VTNA.OCULTA 75RT DM_PEB,0
810022509,JUNQUILLO HOJA OCULTA DM_PEB,0
61005342520,TRAVESERO 34,85mm_LBN,0
84010279,SOPORTE CELOSIA DM_LC2,0
84010280,CELOSIA P/ATORNILLAR 50mm.DM_LC2,0
810102808,JUNQUILLO RECTO 17,5 DM_LC2,2,49
410052110,STYRPANEL 2000x1000x10 2C_BLANCO,0
410052120,STYRPANEL 2000x1000x20 2C_BLANCO,0
2101303,TAPA ANCLAJE_LBP,0
2101304,BARROTE OVALADO_LBP,0
90000917,SISTEMA CIERRE 1 PUNTO NEXUS,0
89006RT620,MARCO RECTO PERIMETRAL NEXUS_LC1,0
4400678,UNION CORREDERA LG/ABISAG_LC1,0
1700023,MARCO LISO 40x20_CSA,0
1700623,MARCO LISO 40x20_LC1,0
1700223,MARCO LISO 40x20_PEB,0
1700423,MARCO LISO 40x20_BEB,0
1700823,MARCO LISO 40x20_INOX,0
1700523,MARCO LISO 40x20_LBN,5,48
11012FM4032,FORRAMARCO 40x32 P/CAJON_LC4,0
25005940305,JUNQUILLO GRAPA H-29mm.V94_LBN,1,66
820022342,HOJA VENTANA 68mm.CURVA 45RT DM_PEB,0
89007RT620,MARCO RECTO PERIMETRAL NEXUS_LMD,0
89007RT616,HOJA RECTA NEXUS_LMD,0
8900714550,HOJA CENTRAL PANORAMICA NEXUS_LMD,0
4100621982,SANDW.2000x1000x9 2C_COLOR,0
61000071592,VIGA 125mm_CSA++,0
61005071592,VIGA 125mm_LBN++,0
820042305,HOJA PUERTA CURVA 45RT DM_BEB,16,39
900056790,MANILLA PLANA EMBUT.GRANDE_BLANCO,0
820012439,HOJA PUERTA APER.EXT.60RT DM_PMD,0
11001FM4032,FORRAMARCO 40x32 P/CAJON_PMD,0
820012403,HOJA VENTANA RECTA 60RT DM_PMD,0
840052864,SOLAPE 49mm.DM_LBN,2,88
790013405,HOJA PERIMETRAL 85RT DM_PMD,0
810012809,JUNQUILLO RECTO 22,5 DM_PMD,0
240111C22101,CHAPA PERF.2x1x1,2 C�20 2C_LC3,0
1570,ANGULO 70_LMC,0
85004940304,JUNQUILLO 26mm.ELV100_BEB,0
25010943620,HOJA PUERTA APER.INT.C/36 V94_LC2,0
25010942710,MARCO PUERTA C/27 V94_LC2,0
25010943630,TRAVESA�O PUERTA C/36 V94_LC2,0
61012052503,HOJA OCULTA JUNQ.EXT.(22,7mm)CS68_LC4++,0
820122455,HOJA PUERTA 93mm.RECTA 60RT DM_LC4,21,08
820122403,HOJA VENTANA RECTA 60RT DM_LC4,15,07
820122845,CANAL BISAGRAS DM_LC4,3,21
820122847,ADAPTADOR JUNQUILLO 60RT DM_LC4,2,61
820003616,HOJA BALCON CURVA 65RT DM_CSA,0
820073621,MARCO VENTANA RECTO 65RT DM_LMD,18,89
820073611,TRAVESA�O PUERTA 65RT DM_LMD,23,24
820073607,INVERSOR 65RT DM_LMD,20,51
820073616,HOJA BALCON CURVA 65RT DM_LMD,24,06
84006364,LAMA CELOSIA PLANA DM_LC1,0
4500077TF,FELPUDO 7x7 TRI-FIN,0
25002940305,JUNQUILLO GRAPA H-29mm.V94_PEB,0
25008940305,JUNQUILLO GRAPA H-29mm.V94_INOX,0
21004838,PASAMANOS 80x38_BEB,0
62000687850,ESCUADRA 13,05x17,4,0
62000687851,ESCUADRA 5,05x10,45,0
62000687958,ESCUADRA 17,35x26,4,0
62000687859,ESCUADRA 4,95x6,15,0
62000849080,REYNASEAL DUO(BICOMPONENTE),0
25000941616,MARCO VENTANA CURVO C/16 V94_CSA,0
25002941616,MARCO VENTANA CURVO C/16 V94_PEB,0
25005941616,MARCO VENTANA CURVO C/16 V94_LBN,7,56
820002456,HOJA PUERTA APER.EXT.60RT DM_CSA,0
3900055,GOMA ABATIBLE 40x20 BASE 5,5,0
820122456,HOJA PUERTA APER.EXT.60RT DM_LC4,20,57
1901392,RECT.40x20 AUTORR_LBP,0
61012051536,MARCO 76mm_LC4++,0
25004941616,MARCO VENTANA CURVO C/16 V94_BEB,0
8500572701,TAPAJUNTAS 33mm.ELV100_LBN,2,3
85005940304,JUNQUILLO 26mm.ELV100_LBN,2,36
25004942730,TRAVESA�O BALCON C/27 V94_BEB,0
25004941611,MARCO VENTANA C/SOLAPE C/16 V94_BEB,0
25008941611,MARCO VENTANA C/SOLAPE C/16 V94_INOX,0
62000696891,PIEZA DOBLE HOJA,0
25007941130,TRAVESA�O VENTANA C/11 V94_LMD,0
61012050898,MARCO PUERTA APER.INT.CS68_LC4++,0
21000839,PASAMANOS ELIPTICO 80x38 VIDRIO_CSA,0
1900073,RECT.40x20 AUT.P/TORNILLO_CSA,0
460064001,EMBELLECEDOR CIERRE PANELUX 52mm_LC1,0
21013839,PASAMANOS ELIPTICO 80x38 VIDRIO_LBP,0
210135166,ANCLAJE 51mm_LBP,0
2101354,ANCLAJE CRISTAL_LBP,0
2101355,TAPETA ANCLAJE CRISTAL_LBP,0
1901373,RECT.40x20 AUT.P/TORNILLO_LBP,0
1273,ANGULO 70x3_LC4,0
25003941616,MARCO VENTANA CURVO C/16 V94_OEB,0
25003941627,HOJA VENTANA CURVA C/16 V94_OEB,0
25003940303,JUNQUILLO H-22mm.V94_OEB,0
25003941141,INVERSOR CURVO V94_OEB,0
820072312,MARCO VENTANA CURVO 45RT DM_LMD,20,83
1243,ANGULO 40x3_LC4,0
510114930,MANILLA 4930 MULTIFUNCION D/I_LAC.PLATA,0
25008941616,MARCO VENTANA CURVO C/16 V94_CSA _INOX,0
51001864N,CIERRE S/CONDENA-ESCUDO_PLATA,0
9000099,MATRIZ TROQUEL NEXUS 95,0
820053621,MARCO VENTANA RECTO 65RT DM_LBN,16,88
820053607,INVERSOR 65RT DM_LBN,18
820053616,HOJA BALCON CURVA 65RT DM_LBN,20,79
25004942720,HOJA BALCONERA C/27 V94_BEB,0
25004943620,HOJA PUERTA APER.INT.C/36 V94_BEB,0
25008942720,HOJA BALCONERA C/27 V94_INOX,0
23005838D,TAPA PASAMANOS 80x38 DCHA_BLANCO,0
23005838I,TAPA PASAMANOS 80x38 IZDA_BLANCO,0
460063002,COBIJA DE UNA PIEZA_LC1,0
460064000,EMBELLECEDOR CIERRE PANELUX 82mm_LC1,0
25004941130,TRAVESA�O VENTANA C/11 V94_BEB,0
51001864F,CIERRE PERIMETRAL OLE_PLATA,0
51006864F,CIERRE PERIMETRAL OLE_NEGRO,0
51010864F,CIERRE PERIMETRAL OLE_LAC.INOX,0
820102416,INVERSOR RECTO 60RT DM_LC2,0
25015941616,MARCO VENTANA CURVO C/16 V94_LMC,0
501550,REDONDO 50_LMC,0
820062412,MARCO VENTANA CURVO 60RT DM_LC1,19,81
820062402,HOJA VENTANA CURVA 60RT DM_LC1,19,36
820062417,INVERSOR CURVO 60RT DM_LC1,21,79
810072810,JUNQUILLO RECTO 29 DM_LMD,7,37
820042342,HOJA VENTANA 68mm.CURVA 45RT DM_BEB,15,33
820012324,ZOCALO 45RT DM_PMD,0
820003602,HOJA VENTANA CURVA 65RT DM_CSA,0
820003605,HOJA PUERTA CURVA 65RT DM_CSA,0
790003422,HOJA PERIMETRAL AJUNQ.85RT DM_CSA,0
810003419,JUNQUILLO CORREDERA DM_CSA,0
820053602,HOJA VENTANA CURVA 65RT DM_LBN,18,05
820053605,HOJA PUERTA CURVA 65RT DM_LBN,23,38
810052810,JUNQUILLO RECTO 29 DM_LBN,0
790053422,HOJA PERIMETRAL AJUNQ.85RT DM_LBN,0
810053419,JUNQUILLO CORREDERA DM_LBN,0
790073422,HOJA PERIMETRAL AJUNQ.85RT DM_LMD,0
810073419,JUNQUILLO CORREDERA DM_LMD,0
44001FM3020,TAPAJUNTAS 30 CO/ABAT_PMD,0
700684,U 30x43x30_LC1,0
50003175,HOJA BALCON CLIM.DISE�O PLG_OEB,0
25003941610,MARCO VENTANA C/16 V94_OEB,0
270034022,INVERSOR ELIPTICO_OEB++,0
25003943630,TRAVESA�O PUERTA C/36 V94_OEB,0
61005340558,TAPETA 13mm_LBN,0
640012088,MANILLA MISTRAL_PLATA,0
640011408Z,KIT BISAG.OSCILO G-4 IZDA_PLATA,0
640011408D,KIT BISAG.OSCILO G-4 DCHA_PLATA,0
640010840BI,CREMONA BORA 1P INT.84-104_PLATA,0
640003250C,2 COMPAS VTNA.PROYECTANTE L18,0
640003250F,2 COMPAS VTNA.PROYECTANTE L24,0
820002469,HOJA OCULTA VIDRIO 24mm.60RT DM_CSA,0
840004024,HOJA ESTRUCTURAL VIDRIO FACHADA DM_CSA,0
820012469,HOJA OCULTA VIDRIO 24mm.60RT DM_PMD,0
840064022,TRAVESA�O REMATE FACHADA DM_LC1,0
840064024,HOJA ESTRUCTURAL VIDRIO FACHADA DM_LC1,0
8300030947,SOPORTE VIDRIO HOJA ESTRUCTURAL DM,0
8300030189,ESCUADRA PIVOTES HOJA OCULTA 60RT DM,0
62000688807,ESCUADRA ATOR.C/ORIFICIO 50,2x24,0
25001941140,INVERSOR RECTO V94_PMD,0
25001943615,ZOCALO V94_PMD,0
25001943630,TRAVESA�O PUERTA C/36 V94_PMD,0
300022,PLETINA 22,5x4_CSA,0
5001879,MARCO FIJO CURVO PLG_LMCC++,0
501880,REDONDO 80_LMCC++,0
401842,RECTANGULAR 40x20_LMCC++,0
201880,CUADRADO 80_LMCC++,0
62000738213,SOPORTE VIDRIO 40,5mm,0
62000535470,TORNILLO AUTORR.6,3x49 INOX,0
2400006G001,CHAPA GOFRADA 2x1x0,6_CSA,22,58
51010141999D,MANILLA GRANDE ACODADA DCHA_LAC.INOX,0
51010141999I,MANILLA GRANDE ACODADA IZQ_LAC.INOX,0
61000340073,AISLANTE 24,2mm.PVC,0
25004943615,ZOCALO V94_BEB,0
401343,RECTANGULAR 40x25_LBP,0
25004943630,TRAVESA�O PUERTA C/36 V94_BEB,0
25008943615,ZOCALO V94_INOX,0
25008943630,TRAVESA�O PUERTA C/36 V94_INOX,0
25003941620,HOJA VENTANA C/16 V94_OEB,0
640001482,KIT BASE OSC/BAT.G2-G3 2 HOJAS C/EMPALME,0
820122340,HOJA VENTANA APER.EXT.45RT DM_LC4,18,06
820122846,SOPORTE COMPASES Y GRAPA DM_LC4,2,06
820122321,TRAVESA�O VENTANA 45RT DM_LC4,14,59
5000383,HOJA PUERTA BOCA 25 PLG_OEB,0
25003941630,TRAVESA�O VENTANA C/16 V94_OEB,0
25010943623,HOJA PUERTA APER.EXT.C/36 V94_LC2,0
810072026,TRAVESA�O PUERTA S40 DM_LMD,21,92
810082006,HOJA BALCONERA RECTA S40 DM_INOX,15,95
25014941610,MARCO VENTANA C/16 V94_LMP,0
25014941620,HOJA VENTANA C/16 V94_LMP,0
25014941140,INVERSOR RECTO V94_LMP,0
12006494,CERRADERO CENTRAL NORMAL_NEGRO,0
820002343,HOJA VENTANA RECTA TUBULAR 45RT DM_CSA,0
790003411,MARCO PERIMETRAL 3 CARRILES 85RT DM_CSA,0
790002640,MARCO PERIMETRAL 1 HOJA 125RT DM_CSA,0
790002641,MARCO CENTRAL 1 HOJA 125RT DM_CSA,0
820112341,MARCO VENTANA RECTO 45RT DM_LC3,0
820112340,HOJA VENTANA APER.EXT.45RT DM_LC3,0
820112846,SOPORTE COMPASES Y GRAPA DM_LC3,0
820112321,TRAVESA�O VENTANA 45RT DM_LC3,0
820112343,HOJA VENTANA RECTA TUBULAR 45RT DM_LC3,0
820112316,INVERSOR RECTO 45RT DM_LC3,0
810112807,JUNQUILLO RECTO 14 DM_LC3,2,44
790113411,MARCO PERIMETRAL 3 CARRILES 85RT DM_LC3,0
840112817,SOLAPE 30mm.DM_LC3,2,12
790112640,MARCO PERIMETRAL 1 HOJA 125RT DM_LC3,0
790112641,MARCO CENTRAL 1 HOJA 125RT DM_LC3,0
21005839,PASAMANOS ELIPTICO 80x38 VIDRIO_LBN,0
1900573,RECT.40x20 AUT.P/TORNILLO_LBN,0
80116962,LAMA TUBULAR 120mm_LC3,0
820052459,HOJA OCULTA 60RT DM_LBN,0
240051R25001,CHAPA PERF.2x1x1 R�2,5 1C_LBN,0
840122876,FORRO 40mm.DM_LC4,3,26
25011943623,HOJA PUERTA APER.EXT.C/36 V94_LC3,0
810112806,JUNQUILLO RECTO 11,5 DM_LC3,2,65
8500510001,MARCO PERIMETRAL ELV100_LBN,20,64
8500510004,SUPLEM.CURVO HOJA CENTRO ELV100_LBN,7,44
8500510060,HOJA PERIMETRAL ELV100_LBN,14,92
820012511,HOJA PUERTA 75RT DM_PMD,0
820022330,UNION MARCOS RECTOS 45RT DM_PEB,0
84002279,SOPORTE CELOSIA DM_PEB,0
84002280,CELOSIA P/ATORNILLAR 50mm.DM_PEB,0
310029819,SEPAR.VIDRIO B-25 EXCELSA_PEB,0
820073603,HOJA VENTANA RECTA 65RT DM_LMD,0
820122448,ESQUINERO 90� 60RT DM_LC4,0
460114001,EMBELLECEDOR CIERRE PANELUX 52mm_LC3,0
25000940302,JUNQUILLO RECTO 18mm.V94_CSA,0
25000940301,JUNQUILLO H-12mm.V94_CSA,0
820063621,MARCO VENTANA RECTO 65RT DM_LC1,13,09
25006940301,JUNQUILLO H-12mm.V94_LC1,0
8500810001,MARCO PERIMETRAL ELV100_INOX,0
8500810060,HOJA PERIMETRAL ELV100_INOX,0
8500810004,SUPLEM.CURVO HOJA CENTRO ELV100_INOX,0
8501472703,TAPAJUNTAS 60mm.ELV100_LMP,0
820053603,HOJA VENTANA RECTA 65RT DM_LBN,18,29
820053611,TRAVESA�O PUERTA 65RT DM_LBN,20,14
820053601,MARCO VENTANA RECTO 65RT DM_LBN,17,25
820053629,HOJA PTA.RECTA APER.EXT.65RT DM_LBN,0
820002419,MARCO VENTANA RECTO 60RT DM_CSA,0
60000230010,MARCO SUPERIOR 2300_CSA,0
60000230020,MARCO INFERIOR 2300_CSA,0
60000230030,MARCO LATERAL 2300_CSA,0
600,CORREDERA SERIE 2300,0
60000230045,HOJA LATERAL CLIM.2300_CSA,0
60000230065,HOJA RUEDAS CLIM.2300_CSA,0
60000230090,MARCO FIJO CLIP CAM.EUROPEA 2300_CSA,0
60000230091,MARCO FIJO CLIP 2300_CSA,0
60000230055,HOJA CENTRAL CLIM.2300_CSA,0
810082009,HOJA BALCON APERT.EXT.CURVA S40 DM_INOX,15,95
60005230065,HOJA RUEDAS CLIM.2300_LBN,5,2
60005230020,MARCO INFERIOR 2300_LBN,9,06
25008941120,HOJA VENTANA C/11 V94_INOX,0
25008941110,MARCO VENTANA C/11 V94_INOX,0
25008941130,TRAVESA�O VENTANA C/11 V94_INOX,0
820023621,MARCO VENTANA RECTO 65RT DM_PEB,0
820023603,HOJA VENTANA RECTA 65RT DM_PEB,0
820023604,MARCO PUERTA RECTO 65RT DM_PEB,0
820023606,HOJA PUERTA RECTA 65RT DM_PEB,0
820023607,INVERSOR 65RT DM_PEB,0
810102032,HOJA PUERTA 93mm.CURVA S40 DM_LC2,10,42
810102046,INVERSOR RECTO S40 DM_LC2,7,93
810102026,TRAVESA�O PUERTA S40 DM_LC2,9,78
25007940302,JUNQUILLO RECTO 18mm.V94_LMD,0
28000678106,GOMA CENTRAL MARCO 45mm,1,21
28000948076,JUNTA BATIENTE HOJA,0,28
60004230010,MARCO SUPERIOR 2300_BEB,5,97
60004230020,MARCO INFERIOR 2300_BEB,6,41
60004230030,MARCO LATERAL 2300_BEB,4,89
60004230045,HOJA LATERAL CLIM.2300_BEB,4,48
60004230055,HOJA CENTRAL CLIM.2300_BEB,4,14
60004230065,HOJA RUEDAS CLIM.2300_BEB,3,84
25005940301,JUNQUILLO H-12mm.V94_LBN,2,71
820052448,ESQUINERO 90� 60RT DM_LBN,0
840024001,MONTANTE FACHADA 50x90mm.DM_PEB,0
840024023,HOJA SEMIESTRUCTURAL FACHADA DM_PEB,0
840002867,SOLAPE RECTO 40mm.DM_CSA,0
820003610,TRAVESA�O VENTANA 65RT DM_CSA,0
840002873,FORRO RECTO 44mm.DM_CSA,0
840022867,SOLAPE RECTO 40mm.DM_PEB,0
820023610,TRAVESA�O VENTANA 65RT DM_PEB,0
840022873,FORRO RECTO 44mm.DM_PEB,0
25014941141,INVERSOR CURVO V94_LMP,0
25014942710,MARCO PUERTA C/27 V94_LMP,0
25014943623,HOJA PUERTA APER.EXT.C/36 V94_LMP,0
8300030945,OMEGA ANCLAJE DOBLE 50mm.DM,0
820102323,TRAVESA�O PUERTA 45RT DM_LC2,14,77
860001008183,JUNTA TAPA CARRILES ELV100,0,48
60005230010,MARCO SUPERIOR 2300_LBN,8,42
60005230030,MARCO LATERAL 2300_LBN,6,82
60005230045,HOJA LATERAL CLIM.2300_LBN,6,22
60005230055,HOJA CENTRAL CLIM.2300_LBN,5,68
1701023,MARCO LISO 40x20_LC2,0
840102864,SOLAPE 49mm.DM_LC2,3,34
25002940301,JUNQUILLO H-12mm.V94_PEB,0
820022339,HOJA PUERTA APER.EXT.45RT DM_PEB,0
820052331,UNION MARCOS CURVOS 45RT DM_LBN,14,45
820053606,HOJA PUERTA RECTA 65RT DM_LBN,23,61
810112141,MARCO VENTANA RECTO S45 DM_LC3,0
25011942720,HOJA BALCONERA C/27 V94_LC3,0
85011940304,JUNQUILLO 26mm.ELV100_LC3,0
60002230010,MARCO SUPERIOR 2300_PEB,5,31
60002230020,MARCO INFERIOR 2300_PEB,5,7
60002230030,MARCO LATERAL 2300_PEB,4,37
820042347,ESQUINERO REGULABLE 45RT DM_BEB,11,45
820042348,TUBO ESQUINERO REGULABLE 45RT DM_BEB,15,74
840042817,SOLAPE 30mm.DM_BEB,2,37
25005940302,JUNQUILLO RECTO 18mm.V94_LBN,0
60005230091,MARCO FIJO CLIP 2300_LBN,2,33
280000670141,ESCUADRA EUROP.VTNA.V98,1,16
280000670321,ESCUADRA EUROP.BALCON V98,1,32
25002940302,JUNQUILLO RECTO 18mm.V94_PEB,0
12000T8/1137,ESCUAD.TETON R�.CAMARA 11,0
89006RT630,MARCO 3 CARRILES PERIM.NEXUS_LC1,0
810062810,JUNQUILLO RECTO 29 DM_LC1,3,99
810112826,JUNQUILLO RECTO 9 DM_LC3,1,93
25011941611,MARCO VENTANA C/SOLAPE C/16 V94_LC3,0
25011941620,HOJA VENTANA C/16 V94_LC3,0
8500672702,TAPAJUNTAS 43mm.ELV100_LC1,0
25006940302,JUNQUILLO RECTO 18mm.V94_LC1,0
790003417,ESQUINERO REGUL.85RT DM_CSA,0
790043417,ESQUINERO REGUL.85RT DM_BEB,0
101142,ANGULO 40x20_LC3,0
820053612,ZOCALO 120mm.65RT DM_LBN,28,32
71011061600,GUIA INFERIOR SIMPLE TLS-110_LC3,0
401161,RECTANGULAR 60x10_LC3,0
84011224,MARCO TROQUELADO DM_LC3,0
84011238,LAMA PARASOL ELIPTICA 100mm.DM_LC3,0
820003601,MARCO VENTANA RECTO 65RT DM_CSA,0
820113621,MARCO VENTANA RECTO 65RT DM_LC3,0
820113603,HOJA VENTANA RECTA 65RT DM_LC3,0
820113607,INVERSOR 65RT DM_LC3,0
300215,PLETINA 15x5_PEB,0
820063601,MARCO VENTANA RECTO 65RT DM_LC1,0
820063603,HOJA VENTANA RECTA 65RT DM_LC1,0
820063606,HOJA PUERTA RECTA 65RT DM_LC1,0
820063607,INVERSOR 65RT DM_LC1,0
71006061600,GUIA INFERIOR SIMPLE TLS-110_LC1,0
60005230081,MARCO FIJO SIN CLIP 2300_LBN,3,29
820113606,HOJA PUERTA RECTA 65RT DM_LC3,0
25007940305,JUNQUILLO GRAPA H-29mm.V94_LMD,0
810103708,COMPLEMENTO PTA.VAIVEN S50PTA DM_LC2,0
810103705,ZOCALO S50PTA DM_LC2,0
810103706,MARCO LISO S50PTA DM_LC2,0
8900771979,TAPAJUNTAS RECTO 40mm.NEXUS_LMD,0
90005G619,GOMA TAPETA P/CARR.ABIERTO NEXUS_BLANCO,0
90006G619,GOMA TAPETA P/CARR.ABIERTO NEXUS_NEGRO,0
820003629,HOJA PTA.RECTA APER.EXT.65RT DM_CSA,0
820023629,HOJA PTA.RECTA APER.EXT.65RT DM_PEB,0
37003811,MARCO MALLORQUINA 40x20_OEB,0
8900018150,PERFIL CRUCE NEXUS_CSA,0
90000G615,GOMA P/CRUCE NEXUS,0
89010RT620,MARCO RECTO PERIMETRAL NEXUS_LC2,0
89010RT616,HOJA RECTA NEXUS_LC2,0
8901018150,PERFIL CRUCE NEXUS_LC2,0
25006941627,HOJA VENTANA CURVA C/16 V94_LC1,0
90000KN95PR,KIT P/CORRED.2 HOJAS RECTO NEXUS,0
85002940304,JUNQUILLO 26mm.ELV100_PEB,0
60000230081,MARCO FIJO SIN CLIP 2300_CSA,0
240033121001,CHAPA 3x1,25x1 1C P1_ORO,75,57
640105603T,VENICE BABY 3HOJAS 14mm_LAC.INOX,0
640105603Q,VENICE BABY 4HOJAS 14mm_LAC.INOX,0
24002312001,CHAPA 3x1,25x1,2 1C P1_P.SEMI,0
25010941622,HOJA VTA.AJUNQUILLADA C/16 V94_LC2,0
25012941110,MARCO VENTANA C/11 V94_LC4,0
25012941120,HOJA VENTANA C/11 V94_LC4,0
25012941130,TRAVESA�O VENTANA C/11 V94_LC4,0
25012940302,JUNQUILLO RECTO 18mm.V94_LC4,0
810092814,PLETINA PASADOR S40 DM_AOC,0
840002874,FORRO RECTO 60x33 DM_CSA,0
840022874,FORRO RECTO 60x33 DM_PEB,0
5001871,HOJA VENTANA PLG_LMCC++,0
820022441,MARCO VENTANA RECTO 60RT DM_PEB,0
820022402,HOJA VENTANA CURVA 60RT DM_PEB,0
820022417,INVERSOR CURVO 60RT DM_PEB,0
810072826,JUNQUILLO RECTO 9 DM_LMD,4,46
640003048,KIT EXTENSOR,0
4100531220,STYRPANEL 3000x1250x20 2C_BLANCO,0
410052116,STYRPANEL 2000x1000x16 2C_BLANCO,0
101553,ANGULO 50x30_LMC,0
790052645,MARCO PERIMETRAL 125RT DM_LBN,0
790012608,SUPLEMENTO CIERRE LATERAL 125RT DM_PMD,0
8000530375,TAPA DESAG�E C/VALVULA DM_BLANCO,0
5001873,SUPLEMENTO HOJA PEQ.PLG_LMCC++,0
820012412,MARCO VENTANA CURVO 60RT DM_PMD,0
74011656440,BISAGRA PTA.2 PALAS CS-59_LC3,0
84010238,LAMA PARASOL ELIPTICA 100mm.DM_LC2,0
25015940305,JUNQUILLO GRAPA H-29mm.V94_LMC,0
61011050102,HOJA FUNCIONAL 68mm.CS68_LC3++,0
61011050115,CENTRAL 2 HOJAS CS68_LC3++,0
61011050120,TRANSVERSAL 89mm.CS68_LC3++,0
61011050136,MARCO FUNCIONAL 51mm.CS68_LC3++,0
61011303611,JUNQUILLO CS 23,2mm_LC3,0
61011420827,TAPABOCAS REGI.PLANO 50824_LC3,0
61011303631,JUNQUILLO HOJA 32,2mm.CS_LC3,0
13005G1501ST,JGO.TAPONES NYLON S/TORNI.G-150_BLANCO,0
820063611,TRAVESA�O PUERTA 65RT DM_LC1,0
820063629,HOJA PTA.RECTA APER.EXT.65RT DM_LC1,0
820062348,TUBO ESQUINERO REGULABLE 45RT DM_LC1,19,75
820003615,ESQUINERO REGULABLE 65RT DM_CSA,0
820063615,ESQUINERO REGULABLE 65RT DM_LC1,0
810012826,JUNQUILLO RECTO 9 DM_PMD,0
810122123,TRAVESA�O 83mm.S45 DM_LC4,16,69
25010941627,HOJA VENTANA CURVA C/16 V94_LC2,0
25010941630,TRAVESA�O VENTANA C/16 V94_LC2,0
89008RT630,MARCO 3 CARRILES PERIM.NEXUS_INOX,0
820052415,MARCO PUERTA CURVO 60RT DM_LBN,19,22
74001656440,BISAGRA PTA.2 PALAS CS-59_PLATA,0
11010FM4032,FORRAMARCO 40x32 P/CAJON_LC2,0
810012011,MARCO VENTANA RECTO S40 DM_PMD,0
810012003,HOJA VENTANA 68mm.RECTA S40 DM_PMD,0
810012006,HOJA BALCONERA RECTA S40 DM_PMD,0
810012021,TRAVESA�O VENTANA 47mm.S40 DM_PMD,0
810012026,TRAVESA�O PUERTA S40 DM_PMD,0
8501010001,MARCO PERIMETRAL ELV100_LC2,0
8501010060,HOJA PERIMETRAL ELV100_LC2,0
8501010004,SUPLEM.CURVO HOJA CENTRO ELV100_LC2,0
8501510001,MARCO PERIMETRAL ELV100_LMC,0
8501510060,HOJA PERIMETRAL ELV100_LMC,0
8501510004,SUPLEM.CURVO HOJA CENTRO ELV100_LMC,0
85015940304,JUNQUILLO 26mm.ELV100_LMC,0
25015941611,MARCO VENTANA C/SOLAPE C/16 V94_LMC,0
25004940301,JUNQUILLO H-12mm.V94_BEB,0
25004940302,JUNQUILLO RECTO 18mm.V94_BEB,0
25008940301,JUNQUILLO H-12mm.V94_INOX,0
25008940302,JUNQUILLO RECTO 18mm.V94_INOX,0
91000700260,HOJA RUEDAS 700_CSA,0
91000700250,HOJA CENTRAL 700_CSA,0
91000700240,HOJA LATERAL 700_CSA,0
91005700045,HOJA LATERAL CLIM.700_LBN,0
91000700090,MARCO FIJO CLIP 700_CSA,0
91000700080,MARCO FIJO SIN CLIP 700_CSA,0
91000700270,ZOCALO 700_CSA,0
60000230040,HOJA LATERAL 2300_CSA,0
60000230050,HOJA CENTRAL 2300_CSA,0
60000230060,HOJA RUEDAS 2300_CSA,0
60000230070,ZOCALO 2300_CSA,0
60000230075,ZOCALO CLIM.2300_CSA,0
60000230400,PEFIL 4 HOJAS 2300_CSA,0
4500075TF,FELPUDO 7x5 TRI-FIN,0
60000230410,UNION MARCOS_CSA++,0
60000230310,MARCO SUPERIOR 3 CARR.2300_CSA,0
60000230320,MARCO INFERIOR 3 CARR.2300_CSA,0
60000230330,MARCO LATERAL 3 CARR.2300_CSA,0
91000700110,MARCO SUPERIOR 700_CSA,0
91000700120,MARCO INFERIOR 700_CSA,0
91000700130,MARCO LATERAL 700_CSA,0
91000700045,HOJA LATERAL CLIM.700_CSA,0
91000700055,HOJA CENTRAL CLIM.700_CSA,0
91000700065,HOJA RUEDAS CLIM.700_CSA,0
91000700075,ZOCALO CLIM.700_CSA,0
91005700055,HOJA CENTRAL CLIM.700_LBN,0
91005700065,HOJA RUEDAS CLIM.700_LBN,0
91005700075,ZOCALO CLIM.700_LBN,0
91005700080,MARCO FIJO SIN CLIP 700_LBN,0
91005700090,MARCO FIJO CLIP 700_LBN,0
91005700110,MARCO SUPERIOR 700_LBN,0
91005700120,MARCO INFERIOR 700_LBN,0
91005700130,MARCO LATERAL 700_LBN,0
91005700240,HOJA LATERAL 700_LBN,0
91005700250,HOJA CENTRAL 700_LBN,0
91005700260,HOJA RUEDAS 700_LBN,0
91005700270,ZOCALO 700_LBN,0
60005230330,MARCO LATERAL 3 CARR.2300_LBN,6,44
60005230320,MARCO INFERIOR 3 CARR.2300_LBN,9,34
60005230050,HOJA CENTRAL 2300_LBN,6,52
60005230040,HOJA LATERAL 2300_LBN,6,78
60005230060,HOJA RUEDAS 2300_LBN,6,04
60005230075,ZOCALO CLIM.2300_LBN,10,91
91008700045,HOJA LATERAL CLIM.700_INOX,0
91008700055,HOJA CENTRAL CLIM.700_INOX,0
91008700110,MARCO SUPERIOR 700_INOX,0
91008700120,MARCO INFERIOR 700_INOX,0
91008700130,MARCO LATERAL 700_INOX,0
91008700065,HOJA RUEDAS CLIM.700_INOX,0
91006700110,MARCO SUPERIOR 700_LC1,0
91006700120,MARCO INFERIOR 700_LC1,0
91006700130,MARCO LATERAL 700_LC1,0
91006700240,HOJA LATERAL 700_LC1,0
91006700250,HOJA CENTRAL 700_LC1,0
91006700260,HOJA RUEDAS 700_LC1,0
820042829,REMATE PAVIMENTO 60RT DM_BEB,3,17
810112808,JUNQUILLO RECTO 17,5 DM_LC3,0
840102876,FORRO 40mm.DM_LC2,0
270034024,MARCO ELIPTICO PUERTA_OEB++,0
380,ANGULO 80_OEB,0
60007230010,MARCO SUPERIOR 2300_LMD,0
60007230020,MARCO INFERIOR 2300_LMD,0
60007230030,MARCO LATERAL 2300_LMD,0
60007230045,HOJA LATERAL CLIM.2300_LMD,0
60007230055,HOJA CENTRAL CLIM.2300_LMD,0
60007230065,HOJA RUEDAS CLIM.2300_LMD,0
91008700075,ZOCALO CLIM.700_INOX,0
2100354,ANCLAJE CRISTAL_OEB,0
2100355,TAPETA ANCLAJE CRISTAL_OEB,0
62000215169,TORNILLO AUTORR.M5X1,0
62000748245,MECANISMO FUNCIONAMIENTO,0
62000748230,TERMINAL,0
62000748233,TERMINAL,0
61000B00901,TUBO REDONDO 9x1_CSA,0
820052440,HOJA VENTANA APERT.EXT.60RT DM_LBN,0
820052847,ADAPTADOR JUNQUILLO 60RT DM_LBN,0
43006A0771,MANILLA SIRIUS_NEGRO,0
4300607710,MANILLA ALTAIR CURVA_NEGRO,0
43006A0508,MANILLA PTA.SIRIUS SIMPLE_NEGRO,0
790003404,REFUERZO HOJA 85RT DM_CSA,0
790002605,TAPA REFUERZO HOJA 85RT DM_CSA,0
790053404,REFUERZO HOJA 85RT DM_LBN,0
790052605,TAPA REFUERZO HOJA 85RT DM_LBN,0
85012940304,JUNQUILLO 26mm.ELV100_LC4,0
810123708,COMPLEMENTO PTA.VAIVEN S50PTA DM_LC4,0
820072412,MARCO VENTANA CURVO 60RT DM_LMD,18,32
820072402,HOJA VENTANA CURVA 60RT DM_LMD,18,53
820072405,HOJA PUERTA CURVA 60RT DM_LMD,21,03
820072423,TRAVESA�O PUERTA 60RT DM_LMD,20,2
8900810022,PERFIL UNION MARCOS NEXUS_INOX,0
89008RTS899,MARCO VTNA.54mm.NEXUS_INOX,0
8000030410,JGO.TAPA REFUERZO DM,0
810102141,MARCO VENTANA RECTO S45 DM_LC2,0
25010940305,JUNQUILLO GRAPA H-29mm.V94_LC2,0
25007940301,JUNQUILLO H-12mm.V94_LMD,0
240013121001,CHAPA 3x1,25x1 1C P1_P.MATE,0
240013121101,CHAPA 3x1,25x1 2C P1_P.MATE,0
60006230010,MARCO SUPERIOR 2300_LC1,0
60006230020,MARCO INFERIOR 2300_LC1,0
60006230030,MARCO LATERAL 2300_LC1,0
60006230045,HOJA LATERAL CLIM.2300_LC1,0
60006230055,HOJA CENTRAL CLIM.2300_LC1,0
60006230065,HOJA RUEDAS CLIM.2300_LC1,0
60006230075,ZOCALO CLIM.2300_LC1,0
91002700110,MARCO SUPERIOR 700_PEB,0
91002700120,MARCO INFERIOR 700_PEB,0
91002700130,MARCO LATERAL 700_PEB,0
91002700240,HOJA LATERAL 700_PEB,0
91002700250,HOJA CENTRAL 700_PEB,0
91002700260,HOJA RUEDAS 700_PEB,0
60005230310,MARCO SUPERIOR 3 CARR.2300_LBN,8,51
60008230010,MARCO SUPERIOR 2300_INOX,0
60008230020,MARCO INFERIOR 2300_INOX,0
89000NT95PL0,PERFIL PVC P/TAPAR CARRILES NEXUS,0
60008230030,MARCO LATERAL 2300_INOX,0
60008230040,HOJA LATERAL 2300_INOX,0
60008230045,HOJA LATERAL CLIM.2300_INOX,0
60008230055,HOJA CENTRAL CLIM.2300_INOX,0
60008230065,HOJA RUEDAS CLIM.2300_INOX,0
A9000204020,HOJA MALLORQUINA EU_CSA,0
60002230040,HOJA LATERAL 2300_PEB,4,02
60002230045,HOJA LATERAL CLIM.2300_PEB,4,01
60002230050,HOJA CENTRAL 2300_PEB,3,88
60002230055,HOJA CENTRAL CLIM.2300_PEB,3,7
60002230060,HOJA RUEDAS 2300_PEB,3,61
60002230070,ZOCALO 2300_PEB,6,34
920009811440,INVERSOR V98RT45_CSA,0
920009811430,TRAVESA�O VENTANA V98RT45_CSA,0
930,CORREDERA C-75RT,0
930007501,MARCO PERIM.2 CARR.C75RT_CSA,0
930007560,HOJA PERIM.CRISTAL CLIM.C75RT_CSA,0
930007505,SUPLEMENTO HOJA CENTRAL C75RT_CSA,0
930007562,PARTELUCES C75RT_CSA,0
60002230065,HOJA RUEDAS CLIM.2300_PEB,3,43
920059811410,MARCO VENTANA V98RT45_LBN,0
920059811420,HOJA VENTANA V98RT45_LBN,0
920059811430,TRAVESA�O VENTANA V98RT45_LBN,0
920059811440,INVERSOR V98RT45_LBN,0
920059813210,MARCO PUERTA V98RT45_LBN,0
920059813220,HOJA PUERTA V98RT45_LBN,0
930057501,MARCO PERIM.2 CARR.C75RT_LBN,0
930057505,SUPLEMENTO HOJA CENTRAL C75RT_LBN,0
930057560,HOJA PERIM.CRISTAL CLIM.C75RT_LBN,0
930057562,PARTELUCES C75RT_LBN,0
25011941610,MARCO VENTANA C/16 V94_LC3,0
28000678116,GOMA CENTRAL MARCO 67mm.V98RT67,1,25
91007700110,MARCO SUPERIOR 700_LMD,0
91007700120,MARCO INFERIOR 700_LMD,0
91007700130,MARCO LATERAL 700_LMD,0
91007700045,HOJA LATERAL CLIM.700_LMD,0
91007700055,HOJA CENTRAL CLIM.700_LMD,0
91007700065,HOJA RUEDAS CLIM.700_LMD,0
920009811412,MARCO SOLAPE RECTO V98RT45_CSA,0
920059811412,MARCO SOLAPE RECTO V98RT45_LBN,0
820102459,HOJA OCULTA 60RT DM_LC2,7,44
80107585,LAMA PANELABLE 8,5mm_LC2,0
60004230040,HOJA LATERAL 2300_BEB,4,51
60004230050,HOJA CENTRAL 2300_BEB,4,34
60004230060,HOJA RUEDAS 2300_BEB,4,05
60004230081,MARCO FIJO SIN CLIP 2300_BEB,4,23
60004230091,MARCO FIJO CLIP 2300_BEB,3,11
8500872701,TAPAJUNTAS 33mm.ELV100_INOX,0
920079813210,MARCO PUERTA V98RT45_LMD,0
920079813220,HOJA PUERTA V98RT45_LMD,0
920079811440,INVERSOR V98RT45_LMD,0
920079811430,TRAVESA�O VENTANA V98RT45_LMD,0
60002230091,MARCO FIJO CLIP 2300_PEB,2,79
60002230081,MARCO FIJO SIN CLIP 2300_PEB,3,79
820083621,MARCO VENTANA RECTO 65RT DM_INOX,14,82
820083603,HOJA VENTANA RECTA 65RT DM_INOX,16,17
820083610,TRAVESA�O VENTANA 65RT DM_INOX,16,08
840052867,SOLAPE RECTO 40mm.DM_LBN,3,19
430060750,CREMONA HYDRA PALA LARGA_NEGRO,0
430060740,CREMONA HYDRA PALA CORTA_NEGRO,0
43000074C,CONJUNTO TRANSMISION CORTA APER.EXT.,0
43000074L,CONJUNTO TRANSMISION LARGA APER.EXT.,0
430060508,JGO.MANILLA PTA.SIRIUS_NEGRO,0
430060775,MANILLA SIRIUS APER.EXT_NEGRO,0
25010942730,TRAVESA�O BALCON C/27 V94_LC2,0
25010940302,JUNQUILLO RECTO 18mm.V94_LC2,0
60011230010,MARCO SUPERIOR 2300_LC3,0
60011230020,MARCO INFERIOR 2300_LC3,0
60011230030,MARCO LATERAL 2300_LC3,0
60011230410,UNION MARCOS_LC3++,0
60011230091,MARCO FIJO CLIP 2300_LC3,0
60011230081,MARCO FIJO SIN CLIP 2300_LC3,0
60011230065,HOJA RUEDAS CLIM.2300_LC3,0
60011230045,HOJA LATERAL CLIM.2300_LC3,0
60011230055,HOJA CENTRAL CLIM.2300_LC3,0
21002838,PASAMANOS 80x38_PEB,0
1901073,RECT.40x20 AUT.P/TORNILLO_LC2,0
61000071594,PERFIL EXTREMO_CSA++,0
61012071592,VIGA 125mm_LC4++,0
61012071594,PERFIL EXTREMO_LC4++,0
201216,CUADRADO 16_LC4,0
62000718467,TOPE PANEL VIDRIO,0
62000718470,TOPE PANEL VIDRIO,0
89000NT95669,HOJA CENTRAL REFORZADA NEXUS_CSA++,0
8900271979,TAPAJUNTAS RECTO 40mm.NEXUS_PEB,0
89002RT620,MARCO RECTO PERIMETRAL NEXUS_PEB,0
89002RT616,HOJA RECTA NEXUS_PEB,0
89002NT95669,HOJA CENTRAL REFORZADA NEXUS_PEB++,0
8900214550,HOJA CENTRAL PANORAMICA NEXUS_PEB,0
8900518150,PERFIL CRUCE NEXUS_LBN,0
640001504B,PASADOR OSCILO/PRACTICABLE,0
640060841B,CREM.BORA 1P C/LLAVE INT.84-104_NEGRO,0
940,ACC.CORREDERA SERIE 2300,0
940002322,KIT CON RUEDAS 2300,5,8
640001500A,PASADOR OSCILO/PRACTICABLE,0
820112469,HOJA OCULTA VIDRIO 24mm.60RT DM_LC3,0
85001940304,JUNQUILLO 26mm.ELV100_PMD,0
810053708,COMPLEMENTO PTA.VAIVEN S50PTA DM_LBN,0
8901014550,HOJA CENTRAL PANORAMICA NEXUS_LC2,0
25010941616,MARCO VENTANA CURVO C/16 V94_LC2,0
84001238,LAMA PARASOL ELIPTICA 100mm.DM_PMD,0
60011230050,HOJA CENTRAL 2300_LC3,0
60011230040,HOJA LATERAL 2300_LC3,0
60011230060,HOJA RUEDAS 2300_LC3,0
25001940301,JUNQUILLO H-12mm.V94_PMD,0
930077501,MARCO PERIM.2 CARR.C75RT_LMD,0
930077505,SUPLEMENTO HOJA CENTRAL C75RT_LMD,0
930077560,HOJA PERIM.CRISTAL CLIM.C75RT_LMD,0
+ 005, _LBN,0
25001941110,MARCO VENTANA C/11 V94_PMD,0
60005230410,UNION MARCOS_LBN++,0
1140,ANGULO 40_LC3,0
80101445,LAMA TUBULAR 144,5mm_LC2,0
08010PL1445,PLETINA TALADRADA G-150_LC2,0
60006230060,HOJA RUEDAS 2300_LC1,0
60006230050,HOJA CENTRAL 2300_LC1,0
60006230040,HOJA LATERAL 2300_LC1,0
820062445,HOJA PUERTA ELIPT.60RT DM_LC1,25,02
60004230310,MARCO SUPERIOR 3 CARR.2300_BEB,0
60004230320,MARCO INFERIOR 3 CARR.2300_BEB,0
60004230330,MARCO LATERAL 3 CARR.2300_BEB,0
60004230400,PEFIL 4 HOJAS 2300_BEB,0
60004230075,ZOCALO CLIM.2300_BEB,0
60005230400,PEFIL 4 HOJAS 2300_LBN,0
820023601,MARCO VENTANA RECTO 65RT DM_PEB,0
800000511,FALLEBA 3 CORRED.ELEVABLE C/MUELLE,0
21008839,PASAMANOS ELIPTICO 80x38 VIDRIO_INOX,0
920069811410,MARCO VENTANA V98RT45_LC1,0
920069811420,HOJA VENTANA V98RT45_LC1,0
920069811440,INVERSOR V98RT45_LC1,0
920069811430,TRAVESA�O VENTANA V98RT45_LC1,0
930067501,MARCO PERIM.2 CARR.C75RT_LC1,0
930067560,HOJA PERIM.CRISTAL CLIM.C75RT_LC1,0
840042876,FORRO 40mm.DM_BEB,0
400763,RECTANGULAR 60x30_LMD,0
930117501,MARCO PERIM.2 CARR.C75RT_LC3,0
930117560,HOJA PERIM.CRISTAL CLIM.C75RT_LC3,0
930117505,SUPLEMENTO HOJA CENTRAL C75RT_LC3,0
920119811410,MARCO VENTANA V98RT45_LC3,0
920119811440,INVERSOR V98RT45_LC3,0
920119811420,HOJA VENTANA V98RT45_LC3,0
790013413,MARCO PERIMETRAL 85RT DM_PMD,0
790013452,MARCO PERIMETRAL 3 CARRILES 85RT DM_PMD,0
920019811410,MARCO VENTANA V98RT45_PMD,0
920019811420,HOJA VENTANA V98RT45_PMD,0
920019813210,MARCO PUERTA V98RT45_PMD,0
20000AD1726,ESCUADRA ESCALERA_CRUDO,0
20005AD1772,ROTULA SUPERIOR PARA B-11_BLANCO,0
840002872,SOLAPE RECTO 70mm.DM_CSA,0
790003477,VIERTEAGUAS 85RT DM_CSA,0
790033409,CRUCE HOJAS 85RT DM_OEB,0
8000030657,RULETA SIMPLE CORTE RECTO 85RT DM,0
790062640,MARCO PERIMETRAL 1 HOJA 125RT DM_LC1,0
790062641,MARCO CENTRAL 1 HOJA 125RT DM_LC1,0
790123473,HOJA CENTRAL RECTA 85RT DM_LC4,0
790123477,VIERTEAGUAS 85RT DM_LC4,0
820113601,MARCO VENTANA RECTO 65RT DM_LC3,0
810112812,JUNQUILLO RECTO 35 DM_LC3,0
930007541,PERFIL 4 HOJAS_CSA,0
930057541,PERFIL 4 HOJAS_LBN,0
810102006,HOJA BALCONERA RECTA S40 DM_LC2,0
790113470,MARCO PERIMETRAL 73,5mm.85RT DM_LC3,0
790113471,HOJA RUEDAS RECTA 85RT DM_LC3,22,22
790113472,HOJA LATERAL RECTA 85RT DM_LC3,23,52
790113473,HOJA CENTRAL RECTA 85RT DM_LC3,8,38
11011FM4032,FORRAMARCO 40x32 P/CAJON_LC3,0
790113474,HOJA CENTRAL REFOR.RECTA 85RT DM_LC3,17,34
790113477,VIERTEAGUAS 85RT DM_LC3,3,82
1120,ANGULO 20_LC3,0
300655,PLETINA 55x5_LC1,0
840122872,SOLAPE RECTO 70mm.DM_LC4,0
240051C32101,CHAPA PERF.2x1x1,2 C�30 2C_LBN,0
84000223,"LAMA CELOSIA TIPO""Z""RECTA DM_CSA",0
84002223,"LAMA CELOSIA TIPO""Z""RECTA DM_PEB",0
ALQUILER,TERRENO C/INDUSTRIA,8A POL.ALCODAR 46701,0
810002041,MARCO VENTANA RECTO S40 DM_CSA,0
790002642,MARCO FIJO 1 HOJA 125RT DM_CSA,0
790002659,PERFIL EXTERIOR 1 HOJA 125RT DM_CSA,0
960,PLEGABLE-35,0
96000E04002,HOJA AJUNQUILLADA S35_CSA,0
110114508,TAPAJUNTAS 30mm.4000_LC3,0
91010700130,MARCO LATERAL 700_LC2,0
91010700055,HOJA CENTRAL CLIM.700_LC2,0
91010700045,HOJA LATERAL CLIM.700_LC2,0
91010700065,HOJA RUEDAS CLIM.700_LC2,0
96013E04002,HOJA AJUNQUILLADA S35_LBP,0
810102041,MARCO VENTANA RECTO S40 DM_LC2,0
790062642,MARCO FIJO 1 HOJA 125RT DM_LC1,0
790062659,PERFIL EXTERIOR 1 HOJA 125RT DM_LC1,0
920069813210,MARCO PUERTA V98RT45_LC1,0
840124002,TRAVESA�O FACHADA 50x40mm.DM_LC4,0
840124024,HOJA ESTRUCTURAL VIDRIO FACHADA DM_LC4,0
840004011,UNION MONTANTES FACHADA 50mm.DM_CSA,0
810022041,MARCO VENTANA RECTO S40 DM_PEB,0
640011842,CREMONA RAMSES MANGO BAJO PVD_PLATA,0
640015603Q,VENICE BABY 4HOJAS 14mm_PLATA,0
640015603T,VENICE BABY 3HOJAS 14mm_PLATA,0
96002E04002,HOJA AJUNQUILLADA S35_PEB,0
25012940303,JUNQUILLO H-22mm.V94_LC4,0
8300030946,ANCLAJE EXT.HOJA ESTRUCTURAL DM,0
101184,ANGULO 80x40_LC3,0
240013155001,CHAPA 3x1,5x1,5 1C P1_P.MATE,0
25000940313,JUNQUILLO CURVO H-22mm_CSA,0
950,CORREDERA 800,0
900066790,MANILLA PLANA EMBUT.GRANDE_NEGRO,0
95000800011,MARCO SUPERIOR 800_CSA,0
95000800021,MARCO INFERIOR 800_CSA,0
95000800034,MARCO LATERAL 800_CSA,0
95000800040,HOJA LATERAL 800_CSA,0
95000800046,HOJA LATERAL CLIM.800_CSA,0
95000800050,HOJA CENTRAL 800_CSA,0
95000800055,HOJA CENTRAL CLIM.800_CSA,0
95000800066,HOJA RUEDAS CLIM.800_CSA,0
95000800310,MARCO SUPERIOR 3 CARR.800_CSA,0
95000800320,MARCO INFERIOR 3 CARR.800_CSA,0
95000800330,MARCO LATERAL 3 CARR.800_CSA,0
95000800540,SOLAPE 800_CSA,0
95000800030,MARCO LATERAL 800_CSA,0
95000800057,HOJA CENTRAL 1,3 CLIM.800_CSA,0
95005800011,MARCO SUPERIOR 800_LBN,0
95005800021,MARCO INFERIOR 800_LBN,0
95005800030,MARCO LATERAL 800_LBN,0
95005800034,MARCO LATERAL 800_LBN,0
95005800040,HOJA LATERAL 800_LBN,0
95005800046,HOJA LATERAL CLIM.800_LBN,0
95005800050,HOJA CENTRAL 800_LBN,0
95005800055,HOJA CENTRAL CLIM.800_LBN,0
95005800057,HOJA CENTRAL 1,3 CLIM.800_LBN,0
95005800066,HOJA RUEDAS CLIM.800_LBN,0
95005800310,MARCO SUPERIOR 3 CARR.800_LBN,0
95005800320,MARCO INFERIOR 3 CARR.800_LBN,0
95005800330,MARCO LATERAL 3 CARR.800_LBN,0
95005800540,SOLAPE 800_LBN,0
4000616PTMS,MECANISMO 1060mm.CAM.36 PALANCA_NEGRO,0
930007530,MARCO PERIM.3 CARR.C75RT_CSA,0
920049811410,MARCO VENTANA V98RT45_BEB,0
920049811420,HOJA VENTANA V98RT45_BEB,0
920049811440,INVERSOR V98RT45_BEB,0
920049811430,TRAVESA�O VENTANA V98RT45_BEB,0
8500472701,TAPAJUNTAS 33mm.ELV100_BEB,0
8500472702,TAPAJUNTAS 43mm.ELV100_BEB,0
930057530,MARCO PERIM.3 CARR.C75RT_LBN,0
AA0,PUERTAS P-50,0
AA0005011,MARCO/HOJA P50_CSA,0
AA0005040,MONTANTE P50_CSA,0
AA0005020,HOJA PUERTA APER.INT.P50_CSA,0
AA0005404,JUNQUILLO P50_CSA,0
AA0005403,BATIENTE P50_CSA,0
25000940300,JUNQUILLO 29,5mm.V94_CSA,0
95000800020,MARCO INFERIOR 800_CSA,0
AA0085011,MARCO/HOJA P50_INOX,0
AA0085040,MONTANTE P50_INOX,0
AA0085020,HOJA PUERTA APER.INT.P50_INOX,0
AA0085404,JUNQUILLO P50_INOX,0
AA0085403,BATIENTE P50_INOX,0
810082810,JUNQUILLO RECTO 29 DM_INOX,0
95007800020,MARCO INFERIOR 800_LMD,0
95007800030,MARCO LATERAL 800_LMD,0
95007800066,HOJA RUEDAS CLIM.800_LMD,0
95007800046,HOJA LATERAL CLIM.800_LMD,0
95007800057,HOJA CENTRAL 1,3 CLIM.800_LMD,0
25007940313,JUNQUILLO CURVO H-22mm_LMD,0
60005230070,ZOCALO 2300_LBN,11,11
820012845,CANAL BISAGRAS DM_PMD,0
A00,ACC.SERIE C-75RT,0
A00000758013,BA�ERA MARCO PERIM.PVC C75RT,0
A00000758053,COMPLEM.HOJA CENTRAL(7505) PVC C75RT,0
A00000750111,ESCUADRA PERIM.HOJA C75RT,0
A00000751050,KIT ACC.S/RUEDAS C75RT,0
A00000751070,KIT ACC.3 CARR.S/RUEDAS C75RT,0
A10,ACC.ABISAGRADO V-98/RT45/RT67,0
A10000980103,ESCUADRA JUNTA CENTRAL VULCANIZADA,0
A00000751723,RUEDA TANDEM REGULABLE C75RT,0
920119813210,MARCO PUERTA V98RT45_LC3,0
920119813220,HOJA PUERTA V98RT45_LC3,0
A00000758043,COMPLEM.HOJA CENTRAL(7504) PVC C75RT,0
A20,ACC.PUERTAS P-50,0
A20005002711,BISAGRA PTA.2 ALAS INOX P50,0
A20005003123,JGO.TAPAS HOJA APER.INT.P50,0
A20005000332,ESCUADRA MARCO/HOJA TETON P50,0
600015,T 15_CSA,0
600115,T 15_PMD,0
89010RT630,MARCO 3 CARRILES PERIM.NEXUS_LC2,0
920109811410,MARCO VENTANA V98RT45_LC2,0
920109811420,HOJA VENTANA V98RT45_LC2,0
280001118,TOPE UNION CAMARA 11,0,39
820012340,HOJA VENTANA APER.EXT.45RT DM_PMD,0
24008C131101,CHAPA PERF.3x1,25x1,2 C�10 2C_INOX,0
A00005250,RUEDA SIMPLE C75RT++,0
A10000983123,JGO.TAPAS INVERSOR V98,0
95005800075,ZOCALO CLIM.800_LBN,0
95007800011,MARCO SUPERIOR 800_LMD,0
95007800034,MARCO LATERAL 800_LMD,0
920009810410,UNION MARCOS V98RT45_CSA,0
920059810410,UNION MARCOS V98RT45_LBN,0
60005230540,SOLAPE 43mm_LBN,0
920119810410,UNION MARCOS V98RT45_LC3,0
84018226,HOJA CONTRAVENTANA DM_LMCC++,0
25005942723,HOJA BALCON APER.EXT.C/27 V94_LBN,0
810102123,TRAVESA�O 83mm.S45 DM_LC2,0
300063,PLETINA 60x3_CSA,5,05
300163,PLETINA 60x3_PMD,5,51
820072845,CANAL BISAGRAS DM_LMD,4,31
85003940304,JUNQUILLO 26mm.ELV100_OEB,0
A30,PRACTICABLE SM-54RT,0
890,CORREDERA PERIMETRAL NEXUS,0
900,ACC.CORREDERA PERIMETRAL NEXUS,0
910,CORREDERA SERIE 700,0
A30005421410,MARCO VENTANA SM54RT_CSA,0
A30005421420,HOJA VENTANA SM54RT_CSA,0
A30005421440,INVERSOR SM54RT_CSA,0
A30005423210,MARCO PUERTA SM54RT_CSA,0
A30005423220,HOJA PUERTA C/32 SM54RT_CSA,0
A30055421410,MARCO VENTANA SM54RT_LBN,0
A30055421420,HOJA VENTANA SM54RT_LBN,0
A30055421440,INVERSOR SM54RT_LBN,0
A30055423210,MARCO PUERTA SM54RT_LBN,0
A30055423220,HOJA PUERTA C/32 SM54RT_LBN,0
25005940313,JUNQUILLO CURVO H-22mm_LBN,0
96006E04002,HOJA AJUNQUILLADA S35_LC1,0
860000500112,ESCUADRA MARCO/HOJA++,0
860001001513,JUEGO CORTAVIENTOS ELV100,0
860001358216,JUNTA HOJA ELEVABLE,0
860001358226,GOMA GUIA FOLCRADA,0
96005350420,COMPENSADOR S35_LBN,0
A40,MURO CORTINA MUR-50,0
A30025423210,MARCO PUERTA SM54RT_PEB,0
A30025423220,HOJA PUERTA C/32 SM54RT_PEB,0
A50,CORREDERA C-60,0
A5000603,MARCO PERIMET.2 CARR.C60_CSA,0
A5000605,SUPLEMENTO RECTO HOJA CENTRAL C60_CSA,0
A5000606,HOJA PERIMET.CRISTAL NORMAL C60_CSA,0
A5004603,MARCO PERIMET.2 CARR.C60_BEB,0
A5004605,SUPLEMENTO RECTO HOJA CENTRAL C60_BEB,0
A5004606,HOJA PERIMET.CRISTAL NORMAL C60_BEB,0
301563,PLETINA 60x3_LMC,0
A400051014,MONTANTE 140x50 MUR50_CSA,0
A400051004,MONTANTE 80x50 MUR50_CSA,0
A400052001,HOJA FIJO ESTRUCTURAL MUR50_CSA,0
AA0005050,ZOCALO P50_CSA,0
AA0005041,MAINEL EXTERIOR P50_CSA,0
AA0005030,HOJA PUERTA APER.EXT.P50_CSA,0
A400151014,MONTANTE 140x50 MUR50_PMD,0
A400151004,MONTANTE 80x50 MUR50_PMD,0
A400152001,HOJA FIJO ESTRUCTURAL MUR50_PMD,0
AA0015050,ZOCALO P50_PMD,0
AA0015040,MONTANTE P50_PMD,0
AA0015041,MAINEL EXTERIOR P50_PMD,0
AA0015030,HOJA PUERTA APER.EXT.P50_PMD,0
AA0015020,HOJA PUERTA APER.INT.P50_PMD,0
AA0015403,BATIENTE P50_PMD,0
AA0015404,JUNQUILLO P50_PMD,0
A400054422,SOPORTE VIDRIO MUR50_CSA,0
A400154422,SOPORTE VIDRIO MUR50_PMD,0
A60,ACC.MURO CORTINA MUR-50,0
A60000508326,JUNTA PERIMETRAL MUR50,0
A60000508316,JUNTA CIERRE CENTRAL MUR50,0
A60000508336,JUNTA BATIENTE MUR50,0
A60000506902,UNION ZAMAK MONTANTE MUR50,0
A60000506912,SOPORTE FIJACION MONTANTE MUR50,0
A20005003133,JGO.TAPAS HOJA APERT.EXT.P50,0
A60000506861,CALZO VIDRIO MUR50,0
A60000506831,JGO.APOYO GUIA MUR50,0
A60000506821,SOPORTE FIJACION MUR50,0
A60000500786,JGO.JUNTAS SOPORTE MUR50,0
A60000500711,ANCLAJE METALICO M-16x123 MUR50,0
A20005006513,JGO.PASADORES P50,0
A20005006523,ENCUENTRO PASADOR MARCO P50,0
A20005006544,ENCUENTRO CASQUILLO PASADOR P50,0
A60010500691,SOPORTE P/ANCLAJE MUR50_PLATA,0
25010940301,JUNQUILLO H-12mm.V94_LC2,0
940003094,RUEDA REG.ROD.AGUJA+CATAFOROSIS 2300,0
940002328,KIT PLASTICOS NEGRO 2300,0
2400208001,CHAPA 2x1x0,8 1C P1_P.SEMI,0
2400210001,CHAPA 2x1x1 1C P1_P.SEMI,0
240053151001,CHAPA 3x1,5x1 1C P1_LBN,0
A60000500131,ESCUADRA HOJA MUR50,0
A400051002,MONTANTE 40x50 MUR50_CSA,0
A70,ABISAGRADO V-98,0
A70009821410,MARCO VENTANA V98_CSA,0
A70009822740,INVERSOR PIVOTANTE V98_CSA,0
A70009823224,PIVOTANTE V98_CSA,0
A10000980141,ESCUADRA EUROP.VTNA.42x14 V98,0
A10000980321,ESCUADRA EUROP.BALCON 42x32 V98,0
A10000980261,ESCUADRA 26x27 INVERSOR V98,0
A70059821410,MARCO VENTANA V98_LBN,0
A70059822740,INVERSOR PIVOTANTE V98_LBN,0
A70059823224,PIVOTANTE V98_LBN,0
A80,ACC.PRACTICABLE SM-54RT,0
A80000540101,ESCUADRA 21x10 HOJA APER.EXT.BALCON,0
A5005605,SUPLEMENTO RECTO HOJA CENTRAL C60_LBN,0
A20005008086,JUNTA BATIENTE INSERTAR P50,0
A80000543133,TAPAS PERF.INVERSOR SM54RT,0
300563,PLETINA 60x3_LBN,5,39
24000312D001,CHAPA DAMERO 3x1,5x2+RES_CSA,150,38
A80001350702,ESCUADRA ALINEAMIENTO MARCO/HOJA++,0
790122605,TAPA REFUERZO HOJA 85RT DM_LC4,0
790122640,MARCO PERIMETRAL 1 HOJA 125RT DM_LC4,0
790122641,MARCO CENTRAL 1 HOJA 125RT DM_LC4,0
920129813210,MARCO PUERTA V98RT45_LC4,0
920129813220,HOJA PUERTA V98RT45_LC4,0
6400055105,CORTAVIENTOS IGLOO L-500mm,0
920079811420,HOJA VENTANA V98RT45_LMD,0
A80000548106,JUNTA CENTRAL,0
280000940103,ESCUADRA JUNT.CENT.VULCAN.V94/V98,0,59
A30005421421,HOJA VENTANA SM54RT_CSA,0
A30005420410,UNION MARCOS SM54RT_CSA,0
A30075421410,MARCO VENTANA SM54RT_LMD,0
A30075421421,HOJA VENTANA SM54RT_LMD,0
A30075421440,INVERSOR SM54RT_LMD,0
A30075420410,UNION MARCOS SM54RT_LMD,0
A30055421421,HOJA VENTANA SM54RT_LBN,0
0A0,CORREDERA PERIMETRAL C-70,0
0A005701,MARCO PERIMETRAL 2 CARR.C70_LBN,11,81
0A005704,SUPLEMENTO CURVO HOJA CENTRAL C70_LBN,4,43
0A005760,HOJA PERIMETRAL CLIM.C70_LBN,8,18
860001001333,KIT TACOS FIJACION HOJA ELV100,0
920079811410,MARCO VENTANA V98RT45_LMD,0
8500272703,TAPAJUNTAS 60mm.ELV100_PEB,0
A9010204020,HOJA MALLORQUINA EU_LC2,0
80106962,LAMA TUBULAR 120mm_LC2,0
37010812,TAPETA MALLORQUINA 40x20_LC2,0
37005815,LAMA TUBULAR FIJA 140mm.MALLORQ_LBN,11,31
860001001323,KIT TOPE LATERAL ELV100,0
860001001712,RUEDA REG.2 RODAMIENTOS ELV100,0
A9005204020,HOJA MALLORQUINA EU_LBN,0
1A0,ACC.CORREDERA PERIMETRAL C-70/C-60,0
1A0000701050,KIT BASE S/RUEDAS Y S/CIERRES C70,2,87
1A0000701722,RUEDA TANDEM REGULABLE C70,3,87
25004943614,MARCO ESCAPARATE V94_BEB,0
2A0,PLEGABLE C/ROTURA,0
2A00011222,HOJA PLEGABLE C/R_CSA,0
2A00511222,HOJA PLEGABLE C/R_LBN,0
4400778,UNION CORREDERA LG/ABISAG_LMD,0
2A00011121,MARCO SUPERIOR PLEGABLE C/R_CSA,0
2A00011424,MARCO LATERAL PLEGABLE C/R_CSA,0
1A0000701353,PRESILLAS PERF.CRUCE(4 PIEZAS) C70,3,38
AA0025030,HOJA PUERTA APER.EXT.P50_PEB,0
AA0025040,MONTANTE P50_PEB,0
AA0025403,BATIENTE P50_PEB,0
AA0025404,JUNQUILLO P50_PEB,0
0A000701,MARCO PERIMETRAL 2 CARR.C70_CSA,0
0A000705,SUPLEMENTO RECTO HOJA CENTRAL C70_CSA,0
0A000708,MARCO FIJO PERIMETRAL C70_CSA,0
0A000741,PERFIL 4 HOJAS C70_CSA,0
0A000760,HOJA PERIMETRAL CLIM.C70_CSA,0
91000700410,UNION MARCOS_CSA,0
9100072800,SOLAPE SUPERIOR_CSA,0
25000940106,SOLAPE 40mm_CSA,0
A5002603,MARCO PERIMET.2 CARR.C60_PEB,0
0A008701,MARCO PERIMETRAL 2 CARR.C70_INOX,0
0A008705,SUPLEMENTO RECTO HOJA CENTRAL C70_INOX,0
0A008708,MARCO FIJO PERIMETRAL C70_INOX,0
0A008741,PERFIL 4 HOJAS C70_INOX,0
0A008760,HOJA PERIMETRAL CLIM.C70_INOX,0
91008700410,UNION MARCOS_INOX,0
9100872800,SOLAPE SUPERIOR_INOX,0
25008940106,SOLAPE 40mm_INOX,0
790052640,MARCO PERIMETRAL 1 HOJA 125RT DM_LBN,0
790052641,MARCO CENTRAL 1 HOJA 125RT DM_LBN,0
0A000704,SUPLEMENTO CURVO HOJA CENTRAL C70_CSA,0
96005E04002,HOJA AJUNQUILLADA S35_LBN,0
A10000980705,ESCUADRA ALINEAMIENTO++,0
A10000670401,ESCUADRA EUROPEA 42x25,0
A10000982321,UNION EUROPEA 32x18,0
3A0,ACC.CORREDERA ELEVABLE C/ROTURA,0
3A0001351722,RUEDA REGUL.2 RODAMIENTOS SM135RT,0
920009813230,TRAVESA�O PUERTA V98RT45_CSA,0
920059813230,TRAVESA�O PUERTA V98RT45_LBN,0
4A0,ABISAGRADO V-98 RT67,0
4A0009801410,MARCO VENTANA V98RT67_CSA,0
4A0009801422,HOJA VENTANA RECTA V98RT67_CSA,0
4A0009801440,PERFIL INVERSOR V98RT67_CSA,0
4A0009804028,HOJA PUERTA RECTA V98RT67_CSA,0
4A0009804029,HOJA APERT.EXTERIOR V98RT67_CSA,0
25000940306,JUNQUILLO H-10mm_CSA,0
4A0059801410,MARCO VENTANA V98RT67_LBN,0
4A0059801422,HOJA VENTANA RECTA V98RT67_LBN,0
4A0059801440,PERFIL INVERSOR V98RT67_LBN,0
96005350010,MARCO SUPERIOR S35_LBN,0
96005350020,MARCO INFERIOR S35_LBN,0
4A0069801410,MARCO VENTANA V98RT67_LC1,0
4A0069801422,HOJA VENTANA RECTA V98RT67_LC1,0
4A0069801440,PERFIL INVERSOR V98RT67_LC1,0
4A0069804028,HOJA PUERTA RECTA V98RT67_LC1,0
4A0069804029,HOJA APERT.EXTERIOR V98RT67_LC1,0
25006940306,JUNQUILLO H-10mm_LC1,0
0A000730,MARCO PERIMETRAL 3 CARR.C70_CSA,0
810032012,MARCO VENTANA CURVO S40 DM_OEB,0
810032806,JUNQUILLO RECTO 11,5 DM_OEB,0
0A005730,MARCO PERIMETRAL 3 CARR.C70_LBN,16,72
A70009823223,HOJA PUERTA APERT.EXT.V98_CSA,0
A70009823230,TRAVESA�O PUERTA V98_CSA,0
A9000203620,HOJA PUERTA MALLORQUINA EU_CSA,0
A9005203620,HOJA PUERTA MALLORQUINA EU_LBN,0
A70119821410,MARCO VENTANA V98_LC3,0
A70119823223,HOJA PUERTA APERT.EXT.V98_LC3,0
A70119823230,TRAVESA�O PUERTA V98_LC3,0
A400051013,MONTANTE 100x50 MUR50_CSA,0
A400051012,MONTANTE 60x50 MUR50_CSA,0
A4000522,TAPA HORIZONTAL MUR50_CSA,0
A4000523,TAPA VERTICAL MUR50_CSA,0
A400851013,MONTANTE 100x50 MUR50_INOX,0
A400851012,MONTANTE 60x50 MUR50_INOX,0
A4008522,TAPA HORIZONTAL MUR50_INOX,0
A4008523,TAPA VERTICAL MUR50_INOX,0
A10000980401,ESCUADRA EUROP.BALCON 42x40 V98,0
800000230,PLETINA UNION CARROS 4,0
8500072704,TAPAJUNTAS 87mm.ELV100_CSA,0
60000230540,SOLAPE 43mm_CSA,0
95000800541,SOLAPE 40mm.800_CSA,0
8500772704,TAPAJUNTAS 87mm.ELV100_LMD,0
25005940106,SOLAPE 40mm_LBN,0
95005800541,SOLAPE 40mm.800_LBN,0
1A0000600705,ESCUADRA ALINEAMIENTO,0
0A004701,MARCO PERIMETRAL 2 CARR.C70_BEB,0
0A004760,HOJA PERIMETRAL CLIM.C70_BEB,0
0A004704,SUPLEMENTO CURVO HOJA CENTRAL C70_BEB,0
0A006701,MARCO PERIMETRAL 2 CARR.C70_LC1,0
0A006760,HOJA PERIMETRAL CLIM.C70_LC1,0
0A006705,SUPLEMENTO RECTO HOJA CENTRAL C70_LC1,0
0A006741,PERFIL 4 HOJAS C70_LC1,0
A10000673123,TAPA PERF.INVERSOR V98RT67,0
A10000670411,ESCUADRA EUROP.EXT.15x14,0
A10000670501,ESCUADRA EUROP.EXT.15x42 V98RT67,0
A10000670421,ESCUADRA EUROP.EXT.15x32 V98RT67,0
4A0009803231,TRAVESA�O V98RT67_CSA,0
A9000201620,MARCO MALLORQUINA EU_CSA,0
A9015201620,MARCO MALLORQUINA EU_LMC,0
2A00013600,COMPENSADOR PLEGABLE C/R_CSA,0
240111C20101,CHAPA PERF.2x1x1 C�20 2C_LC3,0
4A0049801410,MARCO VENTANA V98RT67_BEB,0
4A0049803231,TRAVESA�O V98RT67_BEB,0
25004940300,JUNQUILLO 29,5mm.V94_BEB,0
2A00411121,MARCO SUPERIOR PLEGABLE C/R_BEB,0
2A00411424,MARCO LATERAL PLEGABLE C/R_BEB,0
2A00411222,HOJA PLEGABLE C/R_BEB,0
2A00413600,COMPENSADOR PLEGABLE C/R_BEB,0
790053429,HOJA PERIMETRAL 78mm.85RT DM_LBN,0
AA0005031,MONTANTE P50_CSA,0
AA0085030,HOJA PUERTA APER.EXT.P50_INOX,0
AA0085031,MONTANTE P50_INOX,0
AA0085050,ZOCALO P50_INOX,0
25005940323,JUNQUILLO CURVO H-22mm_LBN,0
A20005008076,JUNTA BATIENTE P50,0
A400054521,PRENSAGOMAS MUR50_CSA,0
A40000508163,PERFIL PVC 16mm.MUR50,0
A400054537,CALZO CRISTAL PROYECTANTE MUR50_CSA,0
A60000508396,JUNTA PERFIL PRENSOR MUR50,0
A60000508696,JUNTA ACRISTALAR 9mm.MUR50,0
A60000506675,TORNILLO INOX.4,8x63 MUR50,0
A60000506585,ARANDELA FIJA PERF.PRENSOR MUR50,0
8500010041,PERFIL 4 HOJAS ELV100_CSA,0
860001001030,KIT CARROS ELV100,0
860001006322,KIT CALZOS CREMONA ELV100,0
860001006330,BOLSA ACCESORIOS ELV100,0
860001006221,CREMONA 1801-2100mm.ELV100,0
5A0,CORREDERA ELEVABLE C/ROTURA SM-135RT,0
5A000135030,MARCO LATERAL SM135RT_CSA,0
5A000135260,HOJA PERIMETRAL SM135RT_CSA,0
920089813210,MARCO PUERTA V98RT45_INOX,0
920089813220,HOJA PUERTA V98RT45_INOX,0
920089811420,HOJA VENTANA V98RT45_INOX,0
920089811410,MARCO VENTANA V98RT45_INOX,0
5A005135030,MARCO LATERAL SM135RT_LBN,0
5A005135260,HOJA PERIMETRAL SM135RT_LBN,0
5A005135265,CRUCE SM135RT_LBN,0
790102620,MARCO PERIMETRAL 125RT DM_LC2,0
790102621,HOJA PERIMETRAL 125RT DM_LC2,0
790102622,CRUCE HOJAS 125RT DM_LC2,0
8501210001,MARCO PERIMETRAL ELV100_LC4,0
8501210060,HOJA PERIMETRAL ELV100_LC4,0
8501210004,SUPLEM.CURVO HOJA CENTRO ELV100_LC4,0
8501210041,PERFIL 4 HOJAS ELV100_LC4,0
AA0005010,MARCO PUERTA P50_CSA,0
3A0001351203,JGO.JUNTAS ESTANQUEIDAD SM135RT,0
3A0001351303,JGO.PRESILLAS 2 HOJAS(4 PIEZAS) SM135RT,0
3A0001351513,JGO.CORTAVIENTOS ELEVABLE SM135RT,0
3A0001358013,PERFIL BA�ERA SM135RT,0
3A0001358033,PERFIL COMPLEMENTO SM135RT,0
25005943625,HOJA APER.24 C/37 V94_LBN,0
920009813233,ZOCALO V98RT45_CSA,0
4A0009801431,TRAVESA�O MARCO V98RT67_CSA,0
25012940301,JUNQUILLO H-12mm.V94_LC4,0
920079813233,ZOCALO V98RT45_LMD,0
4A0069801431,TRAVESA�O MARCO V98RT67_LC1,0
25011942730,TRAVESA�O BALCON C/27 V94_LC3,0
25011940300,JUNQUILLO 29,5mm.V94_LC3,0
25011940302,JUNQUILLO RECTO 18mm.V94_LC3,0
AA0115010,MARCO PUERTA P50_LC3,0
AA0115020,HOJA PUERTA APER.INT.P50_LC3,0
AA0115030,HOJA PUERTA APER.EXT.P50_LC3,0
AA0115050,ZOCALO P50_LC3,0
AA0005401,SUPLEMENTO ZOCALO P50_CSA,0
AA0115040,MONTANTE P50_LC3,0
AA0115041,MAINEL EXTERIOR P50_LC3,0
AA0115403,BATIENTE P50_LC3,0
AA0115404,JUNQUILLO P50_LC3,0
AA0115401,SUPLEMENTO ZOCALO P50_LC3,0
860060943113,DEFLECTOR SALIDAS AGUA_NEGRO,0
A4000531,MARCO PROYECTANTE MUR50_CSA,0
A4000532,HOJA PROYECTANTE MUR50_CSA,0
A4008531,MARCO PROYECTANTE MUR50_INOX,0
A4008532,HOJA PROYECTANTE MUR50_INOX,0
AA0065040,MONTANTE P50_LC1,0
AA0065030,HOJA PUERTA APER.EXT.P50_LC1,0
AA0065403,BATIENTE P50_LC1,0
AA0065404,JUNQUILLO P50_LC1,0
25006940300,JUNQUILLO 29,5mm.V94_LC1,0
A60000500121,ESCUADRA MARCO VIDRIO H.PROYEC.MUR50,0
A60000508736,JUNTA ACRISTALAR 13mm.MUR50,0
A60000508426,JUNTA PERIM.VTNA.PROYEC.MUR50,0
820022412,MARCO VENTANA CURVO 60RT DM_PEB,0
A4000533,MARCO CRISTAL PROYECTANTE MUR50_CSA,0
920049813210,MARCO PUERTA V98RT45_BEB,0
920049813220,HOJA PUERTA V98RT45_BEB,0
A4001533,MARCO CRISTAL PROYECTANTE MUR50_PMD,0
61008061901,MARCO INFERIOR_INOX++,0
61008061902,MARCO LATERAL_INOX++,0
61008061903,MARCO SUPERIOR_INOX++,0
61008061986,HOJA 94mm_INOX++,0
61008061988,PERFIL CENTRAL_INOX++,0
61008303607,JUNQUILLO 11,2mm_INOX,0
61008303627,JUNQUILLO 20,2mm_INOX,0
91005700310,MARCO SUPERIOR 3 CARR.700_LBN,0
91005700320,MARCO INFERIOR 3 CARR.700_LBN,0
95002800540,SOLAPE 800_PEB,0
62000688826,ESCUADRA ATORNILLAR,0
62000698703,SOPORTE VIDRIO,0
62000809011,JUNTA,0
8900118150,PERFIL CRUCE NEXUS_PMD,0
95000800045,HOJA LATERAL CLIM.800_CSA,0
25005943614,MARCO ESCAPARATE V94_LBN,0
25005940314,JUNQUILLO CURVO H-26mm_LBN,0
A10000943203,GRAPA JUNQUILLO CURVO,0
95000800065,HOJA RUEDAS CLIM.800_CSA,0
A30005421423,HOJA VENTANA SM54RT_CSA,0
A30085421410,MARCO VENTANA SM54RT_INOX,0
A30085421420,HOJA VENTANA SM54RT_INOX,0
A30085421440,INVERSOR SM54RT_INOX,0
A30085423210,MARCO PUERTA SM54RT_INOX,0
A30085423220,HOJA PUERTA C/32 SM54RT_INOX,0
A30085420410,UNION MARCOS SM54RT_INOX,0
A30065421410,MARCO VENTANA SM54RT_LC1,0
A30065421420,HOJA VENTANA SM54RT_LC1,0
A30065421440,INVERSOR SM54RT_LC1,0
A30065423210,MARCO PUERTA SM54RT_LC1,0
A30065423220,HOJA PUERTA C/32 SM54RT_LC1,0
A30015421410,MARCO VENTANA SM54RT_PMD,0
A30015421423,HOJA VENTANA SM54RT_PMD,0
25001940302,JUNQUILLO RECTO 18mm.V94_PMD,0
90000NE95,GOMA ESTANQUEIDAD CENTRAL NEXUS,0
95005800061,HOJA RUEDAS 1,3mm.800_LBN,0
920009811422,HOJA VENTANA AJUNQ.V98RT45_CSA,0
0A000706,HOJA PERIMETRAL C70_CSA,0
820073606,HOJA PUERTA RECTA 65RT DM_LMD,0
95010800011,MARCO SUPERIOR 800_LC2,0
95010800021,MARCO INFERIOR 800_LC2,0
95010800034,MARCO LATERAL 800_LC2,0
95010800050,HOJA CENTRAL 800_LC2,0
95010800040,HOJA LATERAL 800_LC2,0
95010800061,HOJA RUEDAS 1,3mm.800_LC2,0
920079811422,HOJA VENTANA AJUNQ.V98RT45_LMD,0
91006700045,HOJA LATERAL CLIM.700_LC1,0
91006700055,HOJA CENTRAL CLIM.700_LC1,0
91006700065,HOJA RUEDAS CLIM.700_LC1,0
0A005706,HOJA PERIMETRAL C70_LBN,8,48
0A005705,SUPLEMENTO RECTO HOJA CENTRAL C70_LBN,3,28
6A0,ACC.CORREDERA 800,0
6A0008001722,RUEDA TANDEM REGULABLE 800,0
6A0008001010,KIT BASE S/RUEDA 800,0
3A0001358043,COMPLEMENTO HOJA CENTRAL PVC SM135RT,0
790122645,MARCO PERIMETRAL 125RT DM_LC4,0
810122826,JUNQUILLO RECTO 9 DM_LC4,3,37
820123604,MARCO PUERTA RECTO 65RT DM_LC4,0
91005700401,PARTELUCES 700_LBN,0
13000999,MATRIZ E5734(MATYC),0
800000530,FALLEBA 5 CORRED.HS FA-5 S/MUELLE,0
800000701,KIT SUPLEMENTO 16mm.FALLEBA TIPO 5,0
60008230050,HOJA CENTRAL 2300_INOX,0
60008230060,HOJA RUEDAS 2300_INOX,0
8500672704,TAPAJUNTAS 87mm.ELV100_LC1,0
A00000708153,UNION MARCOS EN POLIAMIDA,0
A9000202050,ZOCALO MALLORQUINA 120mm.EU_CSA++,0
25000943614,MARCO ESCAPARATE V94_CSA,0
8500872704,TAPAJUNTAS 87mm.ELV100_INOX,0
25008943614,MARCO ESCAPARATE V94_INOX,0
89001NT95669,HOJA CENTRAL REFORZADA NEXUS_PMD++,0
08000E5734,TUBO TOLDO_CSA,0
640003250B,2 COMPAS VTNA.PROYECTANTE L16,0
95002800011,MARCO SUPERIOR 800_PEB,0
95002800021,MARCO INFERIOR 800_PEB,0
95002800034,MARCO LATERAL 800_PEB,0
95002800046,HOJA LATERAL CLIM.800_PEB,0
95002800057,HOJA CENTRAL 1,3 CLIM.800_PEB,0
95002800066,HOJA RUEDAS CLIM.800_PEB,0
25000942723,HOJA BALCON APER.EXT.C/27 V94_CSA,0
61000303881,JUNQUILLO 2,2mm_CSA,0
61012071765,MARCO VENTANA TECHO_LC4++,0
61012071768,HOJA VENTANA TECHO_LC4++,0
61012303881,JUNQUILLO 2,2mm_LC4,0
8300030187,SUPLEMENTO ESCUADRA PUERTA 25x14 DM,0
820023611,TRAVESA�O PUERTA 65RT DM_PEB,0
820073604,MARCO PUERTA RECTO 65RT DM_LMD,0
95000800041,HOJA LATERAL 1,3mm.800_CSA,0
95000800051,HOJA CENTRAL 1,3mm.800_CSA,0
95000800061,HOJA RUEDAS 1,3mm.800_CSA,0
95010800041,HOJA LATERAL 1,3mm.800_LC2,0
95010800051,HOJA CENTRAL 1,3mm.800_LC2,0
62000608740,ESCUADRA ALINEACION,0
62000688770,ESCUADRA ENSAMBLAR,0
62000696823,PATIN PLASTICO,0
62000736261,PERFIL DILATACION,0
62000809876,JUNTA ACRISTALAR 5,5mm.,0
89005NT95669,HOJA CENTRAL REFORZADA NEXUS_LBN++,0
0A000780,MARCO FIJO PERIMETRAL C70_CSA,0
920069813220,HOJA PUERTA V98RT45_LC1,0
920069813230,TRAVESA�O PUERTA V98RT45_LC1,0
0A008780,MARCO FIJO PERIMETRAL C70_INOX,0
60007230040,HOJA LATERAL 2300_LMD,0
60007230050,HOJA CENTRAL 2300_LMD,0
60007230060,HOJA RUEDAS 2300_LMD,0
95007800021,MARCO INFERIOR 800_LMD,0
95007800065,HOJA RUEDAS CLIM.800_LMD,0
95007800045,HOJA LATERAL CLIM.800_LMD,0
95007800055,HOJA CENTRAL CLIM.800_LMD,0
AA0005407,SUPLEMENTO PUERTA VAIVEN P50_CSA,0
8500710001,MARCO PERIMETRAL ELV100_LMD,0
8500710004,SUPLEM.CURVO HOJA CENTRO ELV100_LMD,0
8500710060,HOJA PERIMETRAL ELV100_LMD,0
95002800030,MARCO LATERAL 800_PEB,0
60005230406,ESQUINERO REGULABLE_LBN,0
25001942720,HOJA BALCONERA C/27 V94_PMD,0
240001C32001,CHAPA PERF.2x1x1,2 C�30_CSA,63,59
24005R225101,CHAPA PERF.2x1x1,2 R�2,5 2C_LBN,0
25000201621,HOJA MALLORQUINA V94_CSA,0
25001201621,HOJA MALLORQUINA V94_PMD,0
940002311,RUEDA ZAMAK REG.R.AGUJA 2300,0
940062712,CIERRE 2172 S/TORNILLO+U�A 2300_NEGRO,0
940004229,U�A 2172 DESPLAZADA 2300,0
94000922,CONTRACIERRE 2300,0
AA0055010,MARCO PUERTA P50_LBN,0
AA0055020,HOJA PUERTA APER.INT.P50_LBN,0
240153121101,CHAPA 3x1,25x1 2C P1_LMC,0
8501072702,TAPAJUNTAS 43mm.ELV100_LC2,0
25006941616,MARCO VENTANA CURVO C/16 V94_LC1,0
300263,PLETINA 60x3_PEB,0
AA0085041,MAINEL EXTERIOR P50_INOX,0
4A0009803233,ZOCALO V98RT67_CSA,0
930007504,SUPLEM.CURVO HOJA CENTRAL C75RT_CSA,0
A20005008206,JUNTA ACRISTALAR P50,0
930067504,SUPLEM.CURVO HOJA CENTRAL C75RT_LC1,0
4A0009801420,HOJA VENTANA V98RT67_CSA,0
25005940306,JUNQUILLO H-10mm_LBN,0
4A0049801420,HOJA VENTANA V98RT67_BEB,0
4A0049801440,PERFIL INVERSOR V98RT67_BEB,0
8500472704,TAPAJUNTAS 87mm.ELV100_BEB,0
0A006704,SUPLEMENTO CURVO HOJA CENTRAL C70_LC1,0
0A006708,MARCO FIJO PERIMETRAL C70_LC1,0
4A0109801410,MARCO VENTANA V98RT67_LC2,0
4A0109804028,HOJA PUERTA RECTA V98RT67_LC2,0
4A0109801440,PERFIL INVERSOR V98RT67_LC2,0
4A0109803233,ZOCALO V98RT67_LC2,0
4A0109801431,TRAVESA�O MARCO V98RT67_LC2,0
25010940306,JUNQUILLO H-10mm_LC2,0
920109811430,TRAVESA�O VENTANA V98RT45_LC2,0
280000858216,JUNTA EXT.MARCO CLIPADA,0,42
91005700402,DIVISOR CAMARA 18mm.700_LBN,0
60005230401,DIVISOR 2300_LBN,0
95000800400,PERFIL 4 HOJAS 800_CSA,0
A20085500,BISAGRA CONTRASTE 2PALAS P50_INOX,0
A20055500,BISAGRA CONTRASTE 2PALAS P50_BLANCO,0
A20065500,BISAGRA CONTRASTE 2PALAS P50_NEGRO,0
95007800310,MARCO SUPERIOR 3 CARR.800_LMD,0
95007800320,MARCO INFERIOR 3 CARR.800_LMD,0
95007800330,MARCO LATERAL 3 CARR.800_LMD,0
95007800400,PERFIL 4 HOJAS 800_LMD,0
920049813230,TRAVESA�O PUERTA V98RT45_BEB,0
930057504,SUPLEM.CURVO HOJA CENTRAL C75RT_LBN,0
2007120,CUADRADO 120_LMD,0
A30055421423,HOJA VENTANA SM54RT_LBN,0
820062459,HOJA OCULTA 60RT DM_LC1,0
25018941610,MARCO VENTANA C/16 V94_LMCC++,0
25018941620,HOJA VENTANA C/16 V94_LMCC++,0
25018940303,JUNQUILLO H-22mm.V94_LMCC++,0
25005201621,HOJA MALLORQUINA V94_LBN,0
62000809808,JUNTA TOPE 4mm.,0
60002230075,ZOCALO CLIM.2300_PEB,0
0A006780,MARCO FIJO PERIMETRAL C70_LC1,0
280000940705,ESCUADRA ALINEAMIENTO INOX P/MARCO,0,15
930047504,SUPLEM.CURVO HOJA CENTRAL C75RT_BEB,0
4600517780,BAJANTE_LBN,0
4600517781,TAPETA BAJANTE_LBN,0
4600517783,SOPORTE CANAL_LBN,0
4600017785,COBIJA REGULABLE_CSA++,0
4600017864,SOPORTE COBIJA_CSA++,0
4600017780,BAJANTE_CSA,0
4600017781,TAPETA BAJANTE_CSA,0
4600617780,BAJANTE_LC1,0
4600617781,TAPETA BAJANTE_LC1,0
4600717785,COBIJA REGULABLE_LMD++,0
4600717864,SOPORTE COBIJA_LMD++,0
9100572800,SOLAPE SUPERIOR_LBN,0
91005700330,MARCO LATERAL 3 CARR.700_LBN,0
A00000750142,ESCUADRA PERIMETRAL MARCO C75RT,0
A00000750705,ESCUADRA ALINEAM.INOX P/HOJA C75RT,0
A00000751353,JGO.PRESILLAS CURVAS(4 PIEZAS) C75RT,0
200042,CUADRADO 40x2_CSA,11,89
95002800045,HOJA LATERAL CLIM.800_PEB,0
95002800055,HOJA CENTRAL CLIM.800_PEB,0
95002800065,HOJA RUEDAS CLIM.800_PEB,0
820073610,TRAVESA�O VENTANA 65RT DM_LMD,0
62001716550,BISAGRA_PLATA,0
A00060751911,CIERRE EMBUTIDO C/MUELLE+CONTRAC_NEGRO**,0
A00050751911,CIERRE EMBUTIDO C/MUELLE+CONTRAC_BLANC**,0
640019052,BISAGRA POSTIGO DUPLOS_PLATA,0
25002942723,HOJA BALCON APER.EXT.C/27 V94_PEB,0
37007811,MARCO MALLORQUINA 40x20_LMD,0
640001462AI,KIT OSCILO 2 HOJAS,0
8500072804,TAPAJUNTAS 38mm.ELV100_CSA,0
8500572804,TAPAJUNTAS 38mm.ELV100_LBN,0
91005700545,SOLAPE 40mm.700_LBN,0
91000700330,MARCO LATERAL 3 CARR.700_CSA,0
91000700320,MARCO INFERIOR 3 CARR.700_CSA,0
91000700402,DIVISOR CAMARA 18mm.700_CSA,0
91007700330,MARCO LATERAL 3 CARR.700_LMD,0
91007700320,MARCO INFERIOR 3 CARR.700_LMD,0
91007700402,DIVISOR CAMARA 18mm.700_LMD,0
810032008,HOJA VENTANA S/JUNQUILLO S40 DM_OEB,0
240123152101,CHAPA 3x1,5x1,2 2C P1_LC4,0
84002226,HOJA CONTRAVENTANA DM_PEB,0
91005700407,ESQUINERO_LBN,0
25006940106,SOLAPE 40mm_LC1,0
3400599010,MOSQUITERA CURVA CORTE RECTO_LBN++,0
350059900103,ESCUADRAS MOSQ.CURVA_BLANCO,0
84006280,CELOSIA P/ATORNILLAR 50mm.DM_LC1,0
84006279,SOPORTE CELOSIA DM_LC1,0
790053412,VIERTEAGUAS RT DM_LBN,0
840072855,SOLAPE 35mm.DM_LMD,0
1700723,MARCO LISO 40x20_LMD,0
130016397,TIRADOR EMBUTIDO(9889)_PLATA,0
130056397,TIRADOR EMBUTIDO(9494)_BLANCO,0
130066397,TIRADOR EMBUTIDO(9495)_NEGRO,0
820113610,TRAVESA�O VENTANA 65RT DM_LC3,0
4600517785,COBIJA REGULABLE_LBN++,0
4600517864,SOPORTE COBIJA_LBN++,0
A70059823230,TRAVESA�O PUERTA V98_LBN,0
25000681,MARCO FIJO V94_CSA,0
25002681,MARCO FIJO V94_PEB,0
0A007701,MARCO PERIMETRAL 2 CARR.C70_LMD,0
0A007705,SUPLEMENTO RECTO HOJA CENTRAL C70_LMD,0
0A007760,HOJA PERIMETRAL CLIM.C70_LMD,0
8000030709,BURLETE 7x7 85RT DM,0
95000800142,REDUCTOR VIDRIO 800_CSA,0
95006800011,MARCO SUPERIOR 800_LC1,0
95006800020,MARCO INFERIOR 800_LC1,0
95006800030,MARCO LATERAL 800_LC1,0
95006800045,HOJA LATERAL CLIM.800_LC1,0
95006800055,HOJA CENTRAL CLIM.800_LC1,0
95006800065,HOJA RUEDAS CLIM.800_LC1,0
95006800400,PERFIL 4 HOJAS 800_LC1,0
95006800142,REDUCTOR VIDRIO 800_LC1,0
A70069821410,MARCO VENTANA V98_LC1,0
A70069823224,PIVOTANTE V98_LC1,0
A70069822740,INVERSOR PIVOTANTE V98_LC1,0
930087501,MARCO PERIM.2 CARR.C75RT_INOX,0
930087560,HOJA PERIM.CRISTAL CLIM.C75RT_INOX,0
920089810410,UNION MARCOS V98RT45_INOX,0
920089811440,INVERSOR V98RT45_INOX,0
A70089821410,MARCO VENTANA V98_INOX,0
25005943633,PARTELUCES V94_LBN,0
91002700045,HOJA LATERAL CLIM.700_PEB,0
91002700055,HOJA CENTRAL CLIM.700_PEB,0
91002700065,HOJA RUEDAS CLIM.700_PEB,0
820123610,TRAVESA�O VENTANA 65RT DM_LC4,0
90000954811,KIT MARCO NEXUS,0
90000956690,KIT HOJA PANORAMICA NEXUS,0
91000700310,MARCO SUPERIOR 3 CARR.700_CSA,0
4003944,RECTANGULAR 120x20_OEB,0
91010700310,MARCO SUPERIOR 3 CARR.700_LC2,0
91010700320,MARCO INFERIOR 3 CARR.700_LC2,0
89006NT95669,HOJA CENTRAL REFORZADA NEXUS_LC1++,0
920029811440,INVERSOR V98RT45_PEB,0
920029811410,MARCO VENTANA V98RT45_PEB,0
920029811420,HOJA VENTANA V98RT45_PEB,0
95000800407,ESQUINERO 90� 800_CSA,0
91004700045,HOJA LATERAL CLIM.700_BEB,0
91004700055,HOJA CENTRAL CLIM.700_BEB,0
91004700065,HOJA RUEDAS CLIM.700_BEB,0
91004700110,MARCO SUPERIOR 700_BEB,0
91004700120,MARCO INFERIOR 700_BEB,0
91004700130,MARCO LATERAL 700_BEB,0
95015800407,ESQUINERO 90� 800_LMC,0
96000350420,COMPENSADOR S35_CSA,0
96000350021,MARCO INFERIOR EMPOTRADO S35_CSA,0
96000350010,MARCO SUPERIOR S35_CSA,0
96000350030,MARCO LATERAL SUPERPUESTO S35_CSA,0
0A010701,MARCO PERIMETRAL 2 CARR.C70_LC2,0
0A010706,HOJA PERIMETRAL C70_LC2,0
0A010704,SUPLEMENTO CURVO HOJA CENTRAL C70_LC2,0
96008350420,COMPENSADOR S35_INOX,0
96008350021,MARCO INFERIOR EMPOTRADO S35_INOX,0
96008350010,MARCO SUPERIOR S35_INOX,0
96008350030,MARCO LATERAL SUPERPUESTO S35_INOX,0
96008E04002,HOJA AJUNQUILLADA S35_INOX,0
4A0129801410,MARCO VENTANA V98RT67_LC4,0
4A0129801422,HOJA VENTANA RECTA V98RT67_LC4,0
4A0129804028,HOJA PUERTA RECTA V98RT67_LC4,0
4A0129801440,PERFIL INVERSOR V98RT67_LC4,0
4A0129803231,TRAVESA�O V98RT67_LC4,0
25012940300,JUNQUILLO 29,5mm.V94_LC4,0
1A0000701712,RUEDA SIMPLE C70,1,12
0A010760,HOJA PERIMETRAL CLIM.C70_LC2,0
0A010780,MARCO FIJO PERIMETRAL C70_LC2,0
930007503,MARCO PERIM.2 CARR.ANCHO 45 C75RT_CSA,0
930127503,MARCO PERIM.2 CARR.ANCHO 45 C75RT_LC4,0
930127560,HOJA PERIM.CRISTAL CLIM.C75RT_LC4,0
930127505,SUPLEMENTO HOJA CENTRAL C75RT_LC4,0
25011941110,MARCO VENTANA C/11 V94_LC3,0
25011941141,INVERSOR CURVO V94_LC3,0
25011941130,TRAVESA�O VENTANA C/11 V94_LC3,0
4600517782,REMATE CANAL_LBN,0
470059690,TAPA CANAL TECHO_BLANCO,0
4700065000,JUNTA CAUCHO COBIJA,0
61005424963,COMPENSADOR REGUL.35,5mm_LBN,0
930127501,MARCO PERIM.2 CARR.C75RT_LC4,0
25000940323,JUNQUILLO CURVO H-22mm_CSA,0
3400099010,MOSQUITERA CURVA CORTE RECTO_CSA++,0
0A006730,MARCO PERIMETRAL 3 CARR.C70_LC1,0
3400699010,MOSQUITERA CURVA CORTE RECTO_LC1++,0
350069900103,ESCUADRAS MOSQ.CURVA_NEGRO,0
80001101,GUIA PERSIANA 120mm_CSA,0
A00000751712,RUEDA SIMPLE C75RT,0
80061101,GUIA PERSIANA 120mm_LC1,0
9000056,FELPUDO 5x6,0
4A0129804029,HOJA APERT.EXTERIOR V98RT67_LC4,0
920129811410,MARCO VENTANA V98RT45_LC4,0
91005700404,PERFIL BANDERA_LBN,0
3401099010,MOSQUITERA CURVA CORTE RECTO_LC2++,0
0A002730,MARCO PERIMETRAL 3 CARR.C70_PEB,0
0A002701,MARCO PERIMETRAL 2 CARR.C70_PEB,0
0A002760,HOJA PERIMETRAL CLIM.C70_PEB,0
0A002704,SUPLEMENTO CURVO HOJA CENTRAL C70_PEB,0
0A007704,SUPLEMENTO CURVO HOJA CENTRAL C70_LMD,0
60002230320,MARCO INFERIOR 3 CARR.2300_PEB,0
60002230330,MARCO LATERAL 3 CARR.2300_PEB,0
25015940302,JUNQUILLO RECTO 18mm.V94_LMC,0
25015940301,JUNQUILLO H-12mm.V94_LMC,0
460052011,COBIJA INFERIOR_LBN,0
460052010,COBIJA SUPERIOR_LBN,0
47000TM08,GOMA COBIJA,0
95004800011,MARCO SUPERIOR 800_BEB,0
95004800021,MARCO INFERIOR 800_BEB,0
95004800034,MARCO LATERAL 800_BEB,0
95004800046,HOJA LATERAL CLIM.800_BEB,0
95004800055,HOJA CENTRAL CLIM.800_BEB,0
95004800066,HOJA RUEDAS CLIM.800_BEB,0
95004800400,PERFIL 4 HOJAS 800_BEB,0
95004800057,HOJA CENTRAL 1,3 CLIM.800_BEB,0
90000TC95R,TAPETA RECTA CRUCE NEXUS,0
4400999,FORRAMARCO CURVO 40mm.LG_AOC,0
96006350420,COMPENSADOR S35_LC1,0
3400299010,MOSQUITERA CURVA CORTE RECTO_PEB++,0
0A012701,MARCO PERIMETRAL 2 CARR.C70_LC4,0
0A012760,HOJA PERIMETRAL CLIM.C70_LC4,0
0A012704,SUPLEMENTO CURVO HOJA CENTRAL C70_LC4,0
0A012741,PERFIL 4 HOJAS C70_LC4,0
51005777,MANIVELA ACODADA SIRIUS DCHA_BLANCO,0
51005778,MANIVELA ACODADA SIRIUS IZQ_BLANCO,0
96000350020,MARCO INFERIOR S35_CSA,0
A70009824020,HOJA PUERTA APERT.INT.V98_CSA,0
25000940322,JUNQUILLO CURVO 17,5mm_CSA,0
96002350010,MARCO SUPERIOR S35_PEB,0
96002350020,MARCO INFERIOR S35_PEB,0
96002350030,MARCO LATERAL SUPERPUESTO S35_PEB,0
96002350420,COMPENSADOR S35_PEB,0
A70059824020,HOJA PUERTA APERT.INT.V98_LBN,0
25005940322,JUNQUILLO CURVO 17,5mm_LBN,0
AA0075010,MARCO PUERTA P50_LMD,0
AA0075020,HOJA PUERTA APER.INT.P50_LMD,0
AA0075030,HOJA PUERTA APER.EXT.P50_LMD,0
AA0075031,MONTANTE P50_LMD,0
25007940306,JUNQUILLO H-10mm_LMD,0
300763,PLETINA 60x3_LMD,0
A9007203620,HOJA PUERTA MALLORQUINA EU_LMD,0
A20000942361,UNION EUROPEA 36x18,0
820112315,MARCO PUERTA CURVO 45RT DM_LC3,0
0A001701,MARCO PERIMETRAL 2 CARR.C70_PMD,0
0A001706,HOJA PERIMETRAL C70_PMD,0
0A001705,SUPLEMENTO RECTO HOJA CENTRAL C70_PMD,0
0A008704,SUPLEMENTO CURVO HOJA CENTRAL C70_INOX,0
820042421,TRAVESA�O VENTANA 60RT DM_BEB,0
25007940323,JUNQUILLO CURVO H-22mm_LMD,0
60010230020,MARCO INFERIOR 2300_LC2,0
60010230030,MARCO LATERAL 2300_LC2,0
60010230045,HOJA LATERAL CLIM.2300_LC2,0
60010230055,HOJA CENTRAL CLIM.2300_LC2,0
60010230065,HOJA RUEDAS CLIM.2300_LC2,0
920029813230,TRAVESA�O PUERTA V98RT45_PEB,0
A30075421420,HOJA VENTANA SM54RT_LMD,0
3400099030,TRAVESA�O P/GPM-250_CSA,0
350059907500,PIEZA TRAVESA�O GPM-250_BLANCO,0
600515,T 15_LBN,0
47006TM04,TAPA CANALON_NEGRO,0
47000TM07,ANCLAJE POSTE_CRUDO,0
47000TM11,EMBUDO DESAG�E,0
460052014,POSTE_LBN,0
460002032,EMBELLECEDOR PANEL SANDW.52mm_CSA,0
460002007,CANAL SUP.RECOGIDA AGUAS_CSA,0
460002006,CANAL_CSA,0
460002035,TRAVESA�O INFERIOR_CSA,0
460002014,POSTE_CSA,0
460002011,COBIJA INFERIOR_CSA,0
460002010,COBIJA SUPERIOR_CSA,0
920019811440,INVERSOR V98RT45_PMD,0
460052035,TRAVESA�O INFERIOR_LBN,0
460052006,CANAL_LBN,0
460052007,CANAL SUP.RECOGIDA AGUAS_LBN,0
460052032,EMBELLECEDOR PANEL SANDW.52mm_LBN,0
930027501,MARCO PERIM.2 CARR.C75RT_PEB,0
930027504,SUPLEM.CURVO HOJA CENTRAL C75RT_PEB,0
930027560,HOJA PERIM.CRISTAL CLIM.C75RT_PEB,0
930027530,MARCO PERIM.3 CARR.C75RT_PEB,0
89002RT630,MARCO 3 CARRILES PERIM.NEXUS_PEB,0
8900218150,PERFIL CRUCE NEXUS_PEB,0
3400599030,TRAVESA�O P/GPM-250_LBN,0
91000700404,PERFIL BANDERA_CSA,0
A30045421410,MARCO VENTANA SM54RT_BEB,0
A30045421421,HOJA VENTANA SM54RT_BEB,0
A30045421440,INVERSOR SM54RT_BEB,0
25004940323,JUNQUILLO CURVO H-22mm_BEB,0
25004940313,JUNQUILLO CURVO H-22mm_BEB,0
4000422,RECTANGULAR 40x20x2_CSA,0
95006800021,MARCO INFERIOR 800_LC1,0
95006800046,HOJA LATERAL CLIM.800_LC1,0
95006800057,HOJA CENTRAL 1,3 CLIM.800_LC1,0
95006800066,HOJA RUEDAS CLIM.800_LC1,0
AA0055041,MAINEL EXTERIOR P50_LBN,0
AA0055040,MONTANTE P50_LBN,0
AA0055050,ZOCALO P50_LBN,0
AA0055030,HOJA PUERTA APER.EXT.P50_LBN,0
AA0055403,BATIENTE P50_LBN,0
AA0055404,JUNQUILLO P50_LBN,0
9000095669R,TAPA PERF.NT95669R NEXUS,0
A30075421430,TRAVESA�O VENTANA SM54RT_LMD,0
A30075423230,TRAVESA�O PUERTA SM54RT_LMD,0
A30075424020,HOJA PUERTA C/40 SM54RT_LMD,0
A20055002711,BISAGRA PTA.2 ALAS INOX P50_BLANCO,0
95000800410,UNION MARCOS 800_CSA,0
25015943615,ZOCALO V94_LMC,0
95005800410,UNION MARCOS 800_LBN,0
460052031,TECHO FIJO PLANO C/16mm_LBN,0
460052030,TECHO FIJO LOMO C/16mm_LBN,0
4A0079801410,MARCO VENTANA V98RT67_LMD,0
4A0079801420,HOJA VENTANA V98RT67_LMD,0
4A0079801440,PERFIL INVERSOR V98RT67_LMD,0
4A0079803231,TRAVESA�O V98RT67_LMD,0
60001230020,MARCO INFERIOR 2300_PMD,0
60001230030,MARCO LATERAL 2300_PMD,0
60001230040,HOJA LATERAL 2300_PMD,0
60001230060,HOJA RUEDAS 2300_PMD,0
60001230050,HOJA CENTRAL 2300_PMD,0
25010941611,MARCO VENTANA C/SOLAPE C/16 V94_LC2,0
A9010201620,MARCO MALLORQUINA EU_LC2,0
930077504,SUPLEM.CURVO HOJA CENTRAL C75RT_LMD,0
A80000540091,ESCUADRA HOJA VTNA.SM54RT,0
7A0,ACC.MALLORQUINA EUROPEA,0
7A0000420161,ESCUADRA EUROPEA TETON RECTANGULAR,0
240001R22001,CHAPA PERF.2x1x1,2 R�2,5_CSA,64,65
24000R322001,CHAPA PERF.3x1,25x1,2 R�2,5_CSA,0
2400528101,CHAPA 2,2x1x0,8 2C 1P_LBN,0
8A0,ACC.CORREDERA SERIE 700,0
8A0007001010,KIT COMPLETO 700 C/RUEDAS,0
96012350010,MARCO SUPERIOR S35_LC4,0
96012350020,MARCO INFERIOR S35_LC4,0
96012350030,MARCO LATERAL SUPERPUESTO S35_LC4,0
96012350420,COMPENSADOR S35_LC4,0
96012E04002,HOJA AJUNQUILLADA S35_LC4,0
60005230090,MARCO FIJO CLIP CAM.EUROPEA 2300_LBN,0
A10000858076,JUNTA BATIENTE,0
51006777,MANIVELA ACODADA SIRIUS DCHA_NEGRO/COLOR,0
51006778,MANIVELA ACODADA SIRIUS IZQ_NEGRO/COLOR,0
800060353,MANILLA INT/EXT C/LLAVE_NEGRO,0
A30075421423,HOJA VENTANA SM54RT_LMD,0
0A005741,PERFIL 4 HOJAS C70_LBN,3,31
9A0,CORREDERA P-92,0
9A00092010,MARCO SUPERIOR P92_CSA,0
9A00092020,MARCO INFERIOR P92_CSA,0
9A00092030,MARCO LATERAL P92_CSA,0
9A00092045,HOJA LATERAL H-21mm.P92_CSA,0
9A00092055,HOJA CENTRAL H-21mm.P92_CSA,0
9A00092065,HOJA RUEDAS H-18mm.P92_CSA,0
9A00892010,MARCO SUPERIOR P92_INOX,0
9A00892020,MARCO INFERIOR P92_INOX,0
9A00892030,MARCO LATERAL P92_INOX,0
9A00892045,HOJA LATERAL H-21mm.P92_INOX,0
9A00892055,HOJA CENTRAL H-21mm.P92_INOX,0
9A00892065,HOJA RUEDAS H-18mm.P92_INOX,0
95008800540,SOLAPE 800_INOX,0
A30005421430,TRAVESA�O VENTANA SM54RT_CSA,0
A30055421430,TRAVESA�O VENTANA SM54RT_LBN,0
25005940300,JUNQUILLO 29,5mm.V94_LBN,0
820062451,MARCO VTNA.RECTO C/SOLAPE 60RT DM_LC1,19,72
820062416,INVERSOR RECTO 60RT DM_LC1,19,81
820062469,HOJA OCULTA VIDRIO 24mm.60RT DM_LC1,0
A80000540141,ESCUADRA MARCO SM54RT,0
820002512,ZOCALO 75RT DM_CSA,0
400674,RECTANGULAR 70x40_LC1,0
930067503,MARCO PERIM.2 CARR.ANCHO 45 C75RT_LC1,0
930067541,PERFIL 4 HOJAS_LC1,0
930067505,SUPLEMENTO HOJA CENTRAL C75RT_LC1,0
820122512,ZOCALO 75RT DM_LC4,0
300863,PLETINA 60x3_INOX,0
A10000982141,UNION EUROPEA 14x18,0
920009814020,HOJA PUERTA CAMARA 40 V98RT45_CSA,0
2006120,CUADRADO 120_LC1,0
920069811412,MARCO SOLAPE RECTO V98RT45_LC1,0
A9011201620,MARCO MALLORQUINA EU_LC3,0
25011941140,INVERSOR RECTO V94_LC3,0
920059814020,HOJA PUERTA CAMARA 40 V98RT45_LBN,0
920129811430,TRAVESA�O VENTANA V98RT45_LC4,0
920129811440,INVERSOR V98RT45_LC4,0
8501272702,TAPAJUNTAS 43mm.ELV100_LC4,0
920129811420,HOJA VENTANA V98RT45_LC4,0
8901218150,PERFIL CRUCE NEXUS_LC4,0
84012226,HOJA CONTRAVENTANA DM_LC4,0
820112455,HOJA PUERTA 93mm.RECTA 60RT DM_LC3,0
920119811430,TRAVESA�O VENTANA V98RT45_LC3,0
8501172702,TAPAJUNTAS 43mm.ELV100_LC3,0
25002940323,JUNQUILLO CURVO H-22mm_PEB,0
25002940313,JUNQUILLO CURVO H-22mm_PEB,0
A00000758023,BA�ERA MARCO PERIM.PVC C77RT,0
A30005423230,TRAVESA�O PUERTA SM54RT_CSA,0
80004262,LAMA 200x20mm_CSA,0
A30105421410,MARCO VENTANA SM54RT_LC2,0
A30105421423,HOJA VENTANA SM54RT_LC2,0
A30105423230,TRAVESA�O PUERTA SM54RT_LC2,0
A30065421423,HOJA VENTANA SM54RT_LC1,0
A30065421430,TRAVESA�O VENTANA SM54RT_LC1,0
A30065420410,UNION MARCOS SM54RT_LC1,0
25015943614,MARCO ESCAPARATE V94_LMC,0
780003335,MARCO PERIMETRAL S80 DM_CSA,0
780003205,HOJA LATERAL S80 DM_CSA,0
780003206,HOJA CENTRAL S80 DM_CSA,0
780003204,HOJA RUEDAS S80 DM_CSA,0
80114262,LAMA 200x20mm_LC3,0
A30055423230,TRAVESA�O PUERTA SM54RT_LBN,0
780123335,MARCO PERIMETRAL S80 DM_LC4,0
780123341,ADAPTADOR 3 CARRILES DM_LC4,0
780123205,HOJA LATERAL S80 DM_LC4,0
780123206,HOJA CENTRAL S80 DM_LC4,0
780123204,HOJA RUEDAS S80 DM_LC4,0
8000030123,CORTAVIENTOS SUP/INF DM,0
60009230060,HOJA RUEDAS 2300_AOC,0
A5005603,MARCO PERIMET.2 CARR.C60_LBN,0
89011RT620,MARCO RECTO PERIMETRAL NEXUS_LC3,0
89011RT630,MARCO 3 CARRILES PERIM.NEXUS_LC3,0
89011RT616,HOJA RECTA NEXUS_LC3,0
8901114550,HOJA CENTRAL PANORAMICA NEXUS_LC3,0
25002940106,SOLAPE 40mm_PEB,0
240053151101,CHAPA 3x1,5x1 2C P1_LBN,0
240003151001,CHAPA 3x1,5x1_CSA,79,35
810122114,MARCO PUERTA RECTO S45 DM_LC4,14,11
810122014,MARCO PUERTA RECTO S40 DM_LC4,12,51
240123151001,CHAPA 3x1,5x1 1C P1_LC4,0
95000800010,MARCO SUPERIOR 800_CSA,0
8901118150,PERFIL CRUCE NEXUS_LC3,0
8901171979,TAPAJUNTAS RECTO 40mm.NEXUS_LC3,0
8000030664,RUEDA SIMPLE DOMO 80,0
8000030305,KIT BASE DOMO 80,0
25014943620,HOJA PUERTA APER.INT.C/36 V94_LMP,0
8901210022,PERFIL UNION MARCOS NEXUS_LC4,0
510003648,KIT MULTIPUNTO PERIMET.1600/1800/2000,0
510003647,KIT MULTIPUNTO PERIMET.1000,0
810122047,INVERSOR CURVO S40 DM_LC4,14,75
810122802,JUNQUILLO CURVO 14 DM_LC4,4,23
810122821,JUNQUILLO GRAPA 14 DM_LC4,3,5
810122042,HOJA VENTANA 68mm.CURVA S40 DM_LC4,14,8
91000700545,SOLAPE 40mm.700_CSA,0
51001777,MANIVELA ACODADA SIRIUS DCHA_PLATA,0
51001778,MANIVELA ACODADA SIRIUS IZQ_PLATA,0
430011154,CREMONA SIRIUS OSCILO_PLATA,0
90000KC76,KIT P/ACCESORIO 3 PUNTOS NEXUS,0
90000950273,TAPA CRUCE 95RPTPLUS RECTA NEXUS,0
800050353,MANILLA INT/EXT C/LLAVE_BLANCO,0
8500172701,TAPAJUNTAS 33mm.ELV100_PMD,0
0A002705,SUPLEMENTO RECTO HOJA CENTRAL C70_PEB,0
91002700545,SOLAPE 40mm.700_PEB,0
9A00392010,MARCO SUPERIOR P92_OEB,0
9A00392020,MARCO INFERIOR P92_OEB,0
9A00392030,MARCO LATERAL P92_OEB,0
9A00392045,HOJA LATERAL H-21mm.P92_OEB,0
9A00392055,HOJA CENTRAL H-21mm.P92_OEB,0
9A00392065,HOJA RUEDAS H-18mm.P92_OEB,0
820002468,MARCO RECTO C/SOLAPE 60RT HO DM_CSA,0
820002476,TRAVESA�O VENTANA 60RT HO DM_CSA,0
820002477,JUNQUILLO 22,5mm.60RT HO DM_CSA,0
84000357,RECERCADO 110mm.DM_CSA,0
820122468,MARCO RECTO C/SOLAPE 60RT HO DM_LC4,0
820122469,HOJA OCULTA VIDRIO 24mm.60RT DM_LC4,0
820122476,TRAVESA�O VENTANA 60RT HO DM_LC4,0
820122477,JUNQUILLO 22,5mm.60RT HO DM_LC4,0
84012357,RECERCADO 110mm.DM_LC4,0
820122424,ZOCALO 60RT DM_LC4,0
0A004730,MARCO PERIMETRAL 3 CARR.C70_BEB,0
200542,CUADRADO 40x2_LBN,0
0A015730,MARCO PERIMETRAL 3 CARR.C70_LMC,0
0A015701,MARCO PERIMETRAL 2 CARR.C70_LMC,0
0A015760,HOJA PERIMETRAL CLIM.C70_LMC,0
0A015704,SUPLEMENTO CURVO HOJA CENTRAL C70_LMC,0
9101572800,SOLAPE SUPERIOR_LMC,0
9A00592045,HOJA LATERAL H-21mm.P92_LBN,0
9A00592055,HOJA CENTRAL H-21mm.P92_LBN,0
9A00592065,HOJA RUEDAS H-18mm.P92_LBN,0
600215,T 15_PEB,0
51005864F,CIERRE PERIMETRAL OLE_BLANCO,0
840002848,FORRO RECTO 40mm.DM_CSA,0
8900018155,HOJA CENTRAL REFORZADA NEXUS_CSA,0
820002466,MARCO RECTO 60RT HO DM_CSA,0
820002457,INVERSOR RECTO 60RT HO DM_CSA,0
A5000601,MARCO PERIMET.2 CARR.C60_CSA,0
A5000660,HOJA PERIMET.CRISTAL CAMARA C60_CSA,0
840102848,FORRO RECTO 40mm.DM_LC2,0
8901071979,TAPAJUNTAS RECTO 40mm.NEXUS_LC2,0
8900618155,HOJA CENTRAL REFORZADA NEXUS_LC1,0
A5005601,MARCO PERIMET.2 CARR.C60_LBN,0
A5005660,HOJA PERIMET.CRISTAL CAMARA C60_LBN,0
34000230413,SUPLEMENTO MOSQUITERA_CSA,0
1A0000600112,ESCUADRA PIVOTES C60,0
1A0000601712,RUEDA SIMPLE C60,1,12
1A0000601353,JGO.PRESILLAS C/TAPA C60,3,38
34006230413,SUPLEMENTO MOSQUITERA_LC1,0
300663,PLETINA 60x3_LC1,0
8300030451,JGO.TAPA INVERSOR 60RT HO DM,0
25007943614,MARCO ESCAPARATE V94_LMD,0
B00,ACC.BARANDILLA CRISTAL BV-45,0
BB0,BARANDILLA CRISTAL BV-45,0
B0000CV1352,CALZO VIDRIO 13,52mm.BV45,0
B0000CV1752,CALZO VIDRIO 17,52mm.BV45,0
B0000TPL45,TAPA LATERAL BV45,0
BB0004827,SOPORTE BARANDILLA BV45_CSA,0
840122848,FORRO RECTO 40mm.DM_LC4,0
930087504,SUPLEM.CURVO HOJA CENTRAL C75RT_INOX,0
60002230310,MARCO SUPERIOR 3 CARR.2300_PEB,0
A30085423230,TRAVESA�O PUERTA SM54RT_INOX,0
0A000703,MARCO PERIMETRAL 2 CARR.C70_CSA,0
0A010703,MARCO PERIMETRAL 2 CARR.C70_LC2,0
1A0000700612,ESCUADRA MARCO,0
25018943614,MARCO ESCAPARATE V94_LMCC++,0
25018943620,HOJA PUERTA APER.INT.C/36 V94_LMCC++,0
810182828,REMATE INFERIOR HOJA DM_LMCC++,0
85018940304,JUNQUILLO 26mm.ELV100_LMCC++,0
3400099009,PERFIL MOSQUITERA 45,8_CSA,0
80024262,LAMA 200x20mm_PEB,0
0A011701,MARCO PERIMETRAL 2 CARR.C70_LC3,0
0A011760,HOJA PERIMETRAL CLIM.C70_LC3,0
0A011704,SUPLEMENTO CURVO HOJA CENTRAL C70_LC3,0
3400399009,PERFIL MOSQUITERA 45,8_OEB,0
61002050102,HOJA FUNCIONAL 68mm.CS68_PEB++,0
34005230413,SUPLEMENTO MOSQUITERA_LBN,0
920059810407,ESQUINERO V98RT45_LBN,0
920059814029,HOJA APERT.EXT.V98RT45_LBN,0
91010700410,UNION MARCOS_LC2,0
A30125421410,MARCO VENTANA SM54RT_LC4,0
A30125421420,HOJA VENTANA SM54RT_LC4,0
A30125421440,INVERSOR SM54RT_LC4,0
A30125424020,HOJA PUERTA C/40 SM54RT_LC4,0
25012940313,JUNQUILLO CURVO H-22mm_LC4,0
25012940323,JUNQUILLO CURVO H-22mm_LC4,0
920129810407,ESQUINERO V98RT45_LC4,0
25005940324,JUNQUILLO CURVO 9,5mm_LBN,0
A10000540715,ESCUADRA ALINEAM.ALA HOJA RECTA,0
820112423,TRAVESA�O PUERTA 60RT DM_LC3,0
640005027G,CIERRE PARA OLE,0
640005023JB,GANCHO FRONTAL OLE 4,5mm,0
640061409A,BISAGRA CENTRAL HOJA PASIVA_NEGRO,0
240023121101,CHAPA 3x1,25x1 2C P1_P.SEMI,0
AA0065020,HOJA PUERTA APER.INT.P50_LC1,0
201242,CUADRADO 40x2_LC4,0
AA0125010,MARCO PUERTA P50_LC4,0
62000809130,JUNTA ACRISTALADO INTERIOR,0
9A00592010,MARCO SUPERIOR P92_LBN,0
9A00592020,MARCO INFERIOR P92_LBN,0
9A00592030,MARCO LATERAL P92_LBN,0
130066398,MANILLA PLANA EMB.MULTIPUNTO_NEGRO,0
B0000CEXT,CALZO EXTERIOR BV45,0
AA0125020,HOJA PUERTA APER.INT.P50_LC4,0
A30005424020,HOJA PUERTA C/40 SM54RT_CSA,0
4A0119801410,MARCO VENTANA V98RT67_LC3,0
4A0119801422,HOJA VENTANA RECTA V98RT67_LC3,0
0A003730,MARCO PERIMETRAL 3 CARR.C70_OEB,0
0A003760,HOJA PERIMETRAL CLIM.C70_OEB,0
0A003741,PERFIL 4 HOJAS C70_OEB,0
0A003704,SUPLEMENTO CURVO HOJA CENTRAL C70_OEB,0
95007800010,MARCO SUPERIOR 800_LMD,0
800000500,FALLEBA 2 CORRED.HS FA-2 S/MUELLE,0
820052469,HOJA OCULTA VIDRIO 24mm.60RT DM_LBN,0
BB0014827,SOPORTE BARANDILLA BV45_PMD,0
A20065002711,BISAGRA PTA.2 ALAS INOX P50_NEGRO,0
61002421123,TAPETA PERFIL 9793/9795_PEB,0
25000940324,JUNQUILLO CURVO 9,5mm_CSA,0
25002940314,JUNQUILLO CURVO H-26mm_PEB,0
60010230010,MARCO SUPERIOR 2300_LC2,0
810102806,JUNQUILLO RECTO 11,5 DM_LC2,0
25000940314,JUNQUILLO CURVO H-26mm_CSA,0
930087530,MARCO PERIM.3 CARR.C75RT_INOX,0
25002940324,JUNQUILLO CURVO 9,5mm_PEB,0
4A0009801412,MARCO SOLAPE V98RT67_CSA,0
790102623,TAPA CANAL MARCO 125RT DM_LC2,0
4A0069801412,MARCO SOLAPE V98RT67_LC1,0
95005800010,MARCO SUPERIOR 800_LBN,0
95005800020,MARCO INFERIOR 800_LBN,0
80054262,LAMA 200x20mm_LBN,0
39000201189,GOMA ABISAGRADO 40X20,0
96000350414,BATIENTE S35_CSA,0
96006350021,MARCO INFERIOR EMPOTRADO S35_LC1,0
96006350010,MARCO SUPERIOR S35_LC1,0
96006350414,BATIENTE S35_LC1,0
96006350030,MARCO LATERAL SUPERPUESTO S35_LC1,0
0A010730,MARCO PERIMETRAL 3 CARR.C70_LC2,0
1A0000700142,ESCUADRA PIVOTES C70,0
37004811,MARCO MALLORQUINA 40x20_BEB,0
80051101,GUIA PERSIANA 120mm_LBN,0
130053030,MANILLA PLANA EMBUT.PEQUE�A_BLANCO,0
240071R22101,CHAPA PERF.2x1x1,2 R�2,5 2C_LMD,0
A400551012,MONTANTE 60x50 MUR50_LBN,0
A4005522,TAPA HORIZONTAL MUR50_LBN,0
640062041,MANILLA DOBLE HERA_NEGRO,0
640002101D,CUADRADILLO ACERO GALV.8mm.,0
640065671,BISAGRA MONZA C.E.14x18_NEGRO,0
84000239,LAMA CELOSIA CURVA DM_CSA,0
84006239,LAMA CELOSIA CURVA DM_LC1,0
84000356,RECERCADO 135mm.DM_CSA,0
84012356,RECERCADO 135mm.DM_LC4,0
1A0000601010,KIT BASE C/RUEDA REGULABLE C60,0
460002016,GUIA LATERAL 3 CARR.HUECA_CSA,0
460002001,GUIA CENTRAL 3 CARRILES_CSA,0
460002008,PRIMERA Y ULTIMA HOJA_CSA,0
460002003,HOJA TRANVER.INFERIOR_CSA,0
460002004,HOJA TRANVER.SUPERIOR_CSA,0
460002009,EMBELLECEDOR_CSA,0
460052016,GUIA LATERAL 3 CARR.HUECA_LBN,0
460052001,GUIA CENTRAL 3 CARRILES_LBN,0
460052008,PRIMERA Y ULTIMA HOJA_LBN,0
460052003,HOJA TRANVER.INFERIOR_LBN,0
460052004,HOJA TRANVER.SUPERIOR_LBN,0
460052009,EMBELLECEDOR_LBN,0
3400599009,PERFIL MOSQUITERA 45,8_LBN,0
130063030,MANILLA PLANA EMBUT.PEQUE�A_NEGRO,0
47000TM04,TAPA CANALON_CRUDO,0
47000TM05,TAPA CANALON 3 CARRILES_CRUDO,0
47005TM07,ANCLAJE POSTE_BLANCO,0
47000TM15,SUJECCION HOJA SUPERIOR,0
47000TM19,TAPA CENTRAL 3 CARRILES_CRUDO,0
47000TM20,TAPA LATERAL 3 CARRILES_CRUDO,0
47000TM14,GOMA HOJA INFERIOR,0
47005TM28,TAPA CANALON C/TRAVESA�O_BLANCO,0
47000TM29,ANCLAJE POSTE C/CANALON+SOPORTE,0
A9015203620,HOJA PUERTA MALLORQUINA EU_LMC,0
B0000CV2152,CALZO VIDRIO 21,52mm.BV45,0
810022008,HOJA VENTANA S/JUNQUILLO S40 DM_PEB,0
8500010030,MARCO PERIMETRAL 3 CARR.ELV100_CSA,0
8500510030,MARCO PERIMETRAL 3 CARR.ELV100_LBN,30,11
A30005424029,HOJA APER.EXT.SM54RT_CSA,0
A60000508716,JUNTA ACRISTALAR 11mm.MUR50,0
A30105424029,HOJA APER.EXT.SM54RT_LC2,0
0A006706,HOJA PERIMETRAL C70_LC1,0
91006700410,UNION MARCOS_LC1,0
400683,RECTANGULAR 80x30_LC1,0
80074262,LAMA 200x20mm_LMD,0
34000250,MOSQUITERA CURVA CORTE RECTO_CSA,0
34005250,MOSQUITERA CURVA CORTE RECTO_LBN,0
34002250,MOSQUITERA CURVA CORTE RECTO_PEB,0
34004250,MOSQUITERA CURVA CORTE RECTO_BEB,0
34008250,MOSQUITERA CURVA CORTE RECTO_INOX,0
8501072701,TAPAJUNTAS 33mm.ELV100_LC2,0
301063,PLETINA 60x3_LC2,0
2101054,ANCLAJE CRISTAL_LC2,0
2101055,TAPETA ANCLAJE CRISTAL_LC2,0
0A007730,MARCO PERIMETRAL 3 CARR.C70_LMD,0
34002230413,SUPLEMENTO MOSQUITERA_PEB,0
230065079853,TERMINAL IZQU_NEGRO,0
230065079854,TERMINAL DCHO_NEGRO,0
230005070723,TAPA NYLON PASAMANO CLIP,0
230055079854,TERMINAL DCHO_BLANCO,0
230055079853,TERMINAL IZQU_BLANCO,0
34007250,MOSQUITERA CURVA CORTE RECTO_LMD,0
820112312,MARCO VENTANA CURVO 45RT DM_LC3,0
73011160625,MARCO PUERTA 73mm.CS-59_LC3,0
A4001523,TAPA VERTICAL MUR50_PMD,0
820082506,ESQUINERO 75RT DM_INOX,41,52
35005050,ESCUADRA MOSQ.CURVA CORTE RECTO_BLANCO,0
35006050,ESCUADRA MOSQ.CURVA CORTE RECTO_NEGRO,0
2000102,CUADRADO 100x2_CSA,0
2008102,CUADRADO 100x2_INOX,0
24005R322101,CHAPA PERF.3x1,25x1,2 R�2,5 2C_LBN,0
790042620,MARCO PERIMETRAL 125RT DM_BEB,0
790042621,HOJA PERIMETRAL 125RT DM_BEB,0
790042622,CRUCE HOJAS 125RT DM_BEB,0
810042810,JUNQUILLO RECTO 29 DM_BEB,0
790042627,GUIA INFERIOR 125RT DM_BEB,0
820043621,MARCO VENTANA RECTO 65RT DM_BEB,0
BB0054827,SOPORTE BARANDILLA BV45_LBN,0
B0000BV4514,JUNTA 14mm.BV45,0
25011940301,JUNQUILLO H-12mm.V94_LC3,0
25006201621,HOJA MALLORQUINA V94_LC1,0
820112303,HOJA GENERAL RECTA 45RT DM_LC3,0
460062009,EMBELLECEDOR_LC1,0
820102314,MARCO PUERTA RECTO 45RT DM_LC2,0
820102345,HOJA PUERTA 93mm.CURVA 45RT DM_LC2,0
60002230400,PEFIL 4 HOJAS 2300_PEB,0
25000940312,JUNQUILLO GRAPA H-18mm_CSA,0
95006800034,MARCO LATERAL 800_LC1,0
95006800540,SOLAPE 800_LC1,0
25005940312,JUNQUILLO GRAPA H-18mm_LBN,0
9A00492065,HOJA RUEDAS H-18mm.P92_BEB,0
9A00492055,HOJA CENTRAL H-21mm.P92_BEB,0
9A00492045,HOJA LATERAL H-21mm.P92_BEB,0
920089811430,TRAVESA�O VENTANA V98RT45_INOX,0
A30085421430,TRAVESA�O VENTANA SM54RT_INOX,0
A30105421420,HOJA VENTANA SM54RT_LC2,0
25000850307,JUNQUILLO CABEZA 27,5mm_CSA,0
25010850307,JUNQUILLO CABEZA 27,5mm_LC2,0
A4010522,TAPA HORIZONTAL MUR50_LC2,0
460102010,COBIJA SUPERIOR_LC2,0
0A003701,MARCO PERIMETRAL 2 CARR.C70_OEB,0
8500372702,TAPAJUNTAS 43mm.ELV100_OEB,0
810062824,JUNQUILLO CURVO 25,7 DM_LC1,3,92
810062825,JUNQUILLO GRAPA 25,7 DM_LC1,3,12
25007940300,JUNQUILLO 29,5mm.V94_LMD,0
25007941616,MARCO VENTANA CURVO C/16 V94_LMD,0
470006098,LAMINA ASFALTICA(ROLLO 6 MTS.),0
60007230075,ZOCALO CLIM.2300_LMD,0
25005940311,JUNQUILLO GRAPA 12mm_LBN,0
25005940321,JUNQUILLO CURVO 12mm_LBN,0
25000102308,JUNQUILLO_CSA,0
25007201621,HOJA MALLORQUINA V94_LMD,0
25010943615,ZOCALO V94_LC2,0
25010940322,JUNQUILLO CURVO 17,5mm_LC2,0
25010940312,JUNQUILLO GRAPA H-18mm_LC2,0
8500572704,TAPAJUNTAS 87mm.ELV100_LBN,4,78
240061C12101,CHAPA PERF.2x1x1,2 C�10 2C_LC1,0
810052041,MARCO VENTANA RECTO S40 DM_LBN,0
AA0125011,MARCO/HOJA P50_LC4,0
AA0125031,MONTANTE P50_LC4,0
AA0125030,HOJA PUERTA APER.EXT.P50_LC4,0
25012102308,JUNQUILLO_LC4,0
A9006204020,HOJA MALLORQUINA EU_LC1,0
2400130001,CHAPA 2x1x3 1C P1_P.MATE,0
820122356,HOJA PUERTA EXT.95mm.CURVA 45RT DM_LC4,0
96006350020,MARCO INFERIOR S35_LC1,0
810112022,TRAVESA�O VENTANA S40 DM_LC3,0
84010224,MARCO TROQUELADO DM_LC2,0
84010240,LAMA CELOSIA RECTA DM_LC2,0
350069907500,PIEZA TRAVESA�O GPM-250_NEGRO,0
790122642,MARCO FIJO 1 HOJA 125RT DM_LC4,0
790122659,PERFIL EXTERIOR 1 HOJA 125RT DM_LC4,0
790122650,UNION 4 HOJAS 125RT DM_LC4,0
820122421,TRAVESA�O VENTANA 60RT DM_LC4,0
4100531209,STYRPANEL 3000x1250x9 2C_BLANCO,0
96004350010,MARCO SUPERIOR S35_BEB,0
96004350020,MARCO INFERIOR S35_BEB,0
96004350420,COMPENSADOR S35_BEB,0
96004350030,MARCO LATERAL SUPERPUESTO S35_BEB,0
96004E04002,HOJA AJUNQUILLADA S35_BEB,0
820113613,ESQUINERO 90� 65RT DM_LC3,0
84005239,LAMA CELOSIA CURVA DM_LBN,0
12006424D,BISAGRA SOBREPUESTA EUR.DCHA_NEGRO,0
12006425I,BISAGRA SOBREPUESTA EUR.IZDA_NEGRO,0
8000030211,JGO.TAPAS CONDENSACION 85RT DM,0
08005PO50,PREMARCO OBRA 50mm_LBN,0
4100552N,PANELUX REVERSIBLE 52mm_BLANCO,0
4100582N,PANELUX REVERSIBLE 82mm_BLANCO,0
A30025421410,MARCO VENTANA SM54RT_PEB,0
A30025421423,HOJA VENTANA SM54RT_PEB,0
A30025421440,INVERSOR SM54RT_PEB,0
A30025423230,TRAVESA�O PUERTA SM54RT_PEB,0
930027505,SUPLEMENTO HOJA CENTRAL C75RT_PEB,0
84006256,ANGULO C/PORTATORNILLOS DM_LC1,0
34010250,MOSQUITERA CURVA CORTE RECTO_LC2,0
3401099030,TRAVESA�O P/GPM-250_LC2,0
A4005523,TAPA VERTICAL MUR50_LBN,0
A400554531,JUNQUILLO SUPLEMENTO MUR50_LBN,0
B000031075,JUNTA ACRISTALAR 7mm.BV45,0
0A015741,PERFIL 4 HOJAS C70_LMC,0
401362,RECTANGULAR 60x20_LBP,0
37010816,LAMA SIMPLE FIJA 100mm.MALLORQ_LC2,0
37010813,MARCO TROQUELADO MALLORQ.40x20_LC2,0
460002025,TRAVESA�O CON CANAL_CSA,0
460052025,TRAVESA�O CON CANAL_LBN,0
84013223,"LAMA CELOSIA TIPO""Z""RECTA DM_LBP",0
84013224,MARCO TROQUELADO DM_LBP,0
930007580,MARCO FIJO PERIMETRAL C75RT_CSA,0
930087580,MARCO FIJO PERIMETRAL C75RT_INOX,0
A30085421423,HOJA VENTANA SM54RT_INOX,0
47005TM04,TAPA CANALON_BLANCO,0
B10,PUERTAS CANCELA,0
B20,ACC.PUERTAS CANCELA,0
B2000495212,ESCUADRA MARCO,0
B2000497336,TOPE ZANCA,0
B2000497960,GOMA,0
AA0115011,MARCO/HOJA P50_LC3,0
25011850307,JUNQUILLO CABEZA 27,5mm_LC3,0
B10004058,MARCO 50x50mm_CSA,0
B10004266,ZANCA 50x100mm_CSA,0
B10004265,MARCO 50x100mm_CSA,0
B10004307,TAPA 40,8x19mm_CSA,0
B10004308,BATIENTE PORTAL 56,3x30mm_CSA,0
B10064058,MARCO 50x50mm_LC1,0
B10064265,MARCO 50x100mm_LC1,0
B10054058,MARCO 50x50mm_LBN,0
B10054265,MARCO 50x100mm_LBN,0
B10054266,ZANCA 50x100mm_LBN,0
25000724003,SOLAPE 40mm_CSA,0
25005724003,SOLAPE 40mm_LBN,0
930087505,SUPLEMENTO HOJA CENTRAL C75RT_INOX,0
25008940306,JUNQUILLO H-10mm_INOX,0
A30105421430,TRAVESA�O VENTANA SM54RT_LC2,0
BB00070206,TAPA BARANDILLA BV45_CSA,0
BB00170206,TAPA BARANDILLA BV45_PMD,0
8500072801,SOLAPE 33mm_CSA,0
8500272801,SOLAPE 33mm_PEB,0
91004700240,HOJA LATERAL 700_BEB,0
91004700250,HOJA CENTRAL 700_BEB,0
91004700260,HOJA RUEDAS 700_BEB,0
91004700090,MARCO FIJO CLIP 700_BEB,0
91004700080,MARCO FIJO SIN CLIP 700_BEB,0
61008214532,MAINEL INTERIOR 25mm.CS_INOX,0
61012341507,MAINEL 167,5mm.CW50_LC4,0
AA0125040,MONTANTE P50_LC4,0
AA0125403,BATIENTE P50_LC4,0
AA0125404,JUNQUILLO P50_LC4,0
AA0125050,ZOCALO P50_LC4,0
84005223,"LAMA CELOSIA TIPO""Z""RECTA DM_LBN",0
25000940311,JUNQUILLO GRAPA 12mm_CSA,0
25000940321,JUNQUILLO CURVO 12mm_CSA,0
A30055424029,HOJA APER.EXT.SM54RT_LBN,0
91002700075,ZOCALO CLIM.700_PEB,0
A4012523,TAPA VERTICAL MUR50_LC4,0
AA0015011,MARCO/HOJA P50_PMD,0
3400299030,TRAVESA�O P/GPM-250_PEB,0
240043128001,CHAPA 3x1,25x0,8 1C P1_BRONCE,0
AA0065041,MAINEL EXTERIOR P50_LC1,0
310089701,MARCO PERIMETRAL EXCELSA_INOX,0
84004356,RECERCADO 135mm.DM_BEB,0
640052041,MANILLA DOBLE HERA_BLANCO,0
64000DF9900C,CORTAVIENTOS/AGUA 1350mm,0
0A000762,HOJA PERIMET.CLIM.CIERRE MULTIP.C70_CSA,0
A5000604,SUPLEMENTO CURVO HOJA CENTRAL C60_CSA,0
0A005762,HOJA PERIMET.CLIM.CIERRE MULTIP.C70_LBN,0
A5004601,MARCO PERIMET.2 CARR.C60_BEB,0
A5004660,HOJA PERIMET.CRISTAL CAMARA C60_BEB,0
A5004604,SUPLEMENTO CURVO HOJA CENTRAL C60_BEB,0
60004230540,SOLAPE 43mm_BEB,0
51008777,MANIVELA ACODADA SIRIUS DCHA_INOX,0
240061R12101,CHAPA PERF.2x1x1,2 R�10 2C_LC1,0
310059701,MARCO PERIMETRAL EXCELSA_LBN,0
8500810030,MARCO PERIMETRAL 3 CARR.ELV100_INOX,0
810082041,MARCO VENTANA RECTO S40 DM_INOX,0
6000072331,SOLAPE 33mm_CSA,0
60003230045,HOJA LATERAL CLIM.2300_OEB,0
60003230055,HOJA CENTRAL CLIM.2300_OEB,0
6000372331,SOLAPE 33mm_OEB,0
95002800310,MARCO SUPERIOR 3 CARR.800_PEB,0
95002800320,MARCO INFERIOR 3 CARR.800_PEB,0
95002800330,MARCO LATERAL 3 CARR.800_PEB,0
95002800080,MARCO FIJO SIN CLIP 800_PEB,0
95002800090,MARCO FIJO CLIP 800_PEB,0
60003230010,MARCO SUPERIOR 2300_OEB,0
60003230020,MARCO INFERIOR 2300_OEB,0
60003230030,MARCO LATERAL 2300_OEB,0
60003230065,HOJA RUEDAS CLIM.2300_OEB,0
84004357,RECERCADO 110mm.DM_BEB,0
A30125424029,HOJA APER.EXT.SM54RT_LC4,0
A30125423220,HOJA PUERTA C/32 SM54RT_LC4,0
920029813220,HOJA PUERTA V98RT45_PEB,0
280000948206,JUNTA EXT.MARCO GUIADA,0,31
84006223,"LAMA CELOSIA TIPO""Z""RECTA DM_LC1",0
8900518155,HOJA CENTRAL REFORZADA NEXUS_LBN,0
920009810405,ESQUINERO REGULABLE V98RT45_CSA,0
920009810406,ESQUINERO REGULABLE V98RT45_CSA,0
920079810405,ESQUINERO REGULABLE V98RT45_LMD,0
920079810406,ESQUINERO REGULABLE V98RT45_LMD,0
850001102,GUIA PERSIANA PALA 120mm_CSA,0
0A000765,SUPLEMENTO RECTO HOJA CENTRAL C70_CSA,0
A70009823210,MARCO PUERTA C/32 V98_CSA,0
A70129823230,TRAVESA�O PUERTA V98_LC4,0
A70129823210,MARCO PUERTA C/32 V98_LC4,0
A70129824020,HOJA PUERTA APERT.INT.V98_LC4,0
51008778,MANIVELA ACODADA SIRIUS IZQ_INOX,0
790063452,MARCO PERIMETRAL 3 CARRILES 85RT DM_LC1,0
820062403,HOJA VENTANA RECTA 60RT DM_LC1,22,36
820062421,TRAVESA�O VENTANA 60RT DM_LC1,19,71
71011303099,TAPA REFUERZO SOBREP.TRANSV_LC3,0
240051R22101,CHAPA PERF.2x1x1,2 R�2,5 2C_LBN,0
310119701,MARCO PERIMETRAL EXCELSA_LC3,0
A30115421410,MARCO VENTANA SM54RT_LC3,0
A30115421420,HOJA VENTANA SM54RT_LC3,0
8500772801,SOLAPE 33mm_LMD,0
9100772800,SOLAPE SUPERIOR_LMD,0
850071102,GUIA PERSIANA PALA 120mm_LMD,0
0A007765,SUPLEMENTO RECTO HOJA CENTRAL C70_LMD,0
25011941630,TRAVESA�O VENTANA C/16 V94_LC3,0
25011940306,JUNQUILLO H-10mm_LC3,0
240063155101,CHAPA 3x1,5x1,5 2C P1_LC1,0
BB00870206,TAPA BARANDILLA BV45_INOX,0
80084262,LAMA 200x20mm_INOX,0
A30125423210,MARCO PUERTA SM54RT_LC4,0
A30125423230,TRAVESA�O PUERTA SM54RT_LC4,0
84000263,GUIA MONOBLOCK 170mm.DM_CSA,0
810122801,JUNQUILLO CURVO 11,5 DM_LC4,40,37
810122811,JUNQUILLO GRAPA 11,5 DM_LC4,0
2401508101,CHAPA 2x1x0,8 2C P1_LMC,0
A10000670621,ESCUADRA EUROPEA 32x25,0
4A0009803210,MARCO PUERTA V98RT67_CSA,0
4A0099803210,MARCO PUERTA V98RT67_AOC,0
4A0099804029,HOJA APERT.EXTERIOR V98RT67_AOC,0
4A0099801440,PERFIL INVERSOR V98RT67_AOC,0
4A0099803233,ZOCALO V98RT67_AOC,0
25009940300,JUNQUILLO 29,5mm.V94_AOC,0
860016672,TOPE HOJA CORREDERA_PLATA,0
240063151001,CHAPA 3x1,5x1 1C P1_LC1,0
930037504,SUPLEM.CURVO HOJA CENTRAL C75RT_OEB,0
64000DF9900B,CORTAVIENTOS/AGUA 1050mm,0
95000800080,MARCO FIJO SIN CLIP 800_CSA,0
A30105423220,HOJA PUERTA C/32 SM54RT_LC2,0
95006800080,MARCO FIJO SIN CLIP 800_LC1,0
240093121001,CHAPA 3x1,25x1 1C P1_AOC,0
310079701,MARCO PERIMETRAL EXCELSA_LMD,0
AA0015010,MARCO PUERTA P50_PMD,0
25001940300,JUNQUILLO 29,5mm.V94_PMD,0
B10054308,BATIENTE PORTAL 56,3x30mm_LBN,0
B10054307,TAPA 40,8x19mm_LBN,0
B10074265,MARCO 50x100mm_LMD,0
B10074058,MARCO 50x50mm_LMD,0
A20015500,BISAGRA CONTRASTE 2PALAS P50_PLATA,0
6400570030,BISAGRA LOIRA P/CONTR.3/P H20_BLANCO,0
6400670030,BISAGRA LOIRA P/CONTR.3/P H20_NEGRO,0
640006625,KIT FIJACION BISAGRA 3/P,0
84005357,RECERCADO 110mm.DM_LBN,0
0A005780,MARCO FIJO PERIMETRAL C70_LBN,0
91005700410,UNION MARCOS_LBN,0
920069814020,HOJA PUERTA CAMARA 40 V98RT45_LC1,0
95005800090,MARCO FIJO CLIP 800_LBN,0
25006102308,JUNQUILLO_LC1,0
A30045421420,HOJA VENTANA SM54RT_BEB,0
A30045423210,MARCO PUERTA SM54RT_BEB,0
A30045423220,HOJA PUERTA C/32 SM54RT_BEB,0
B00003006102,CU�A 11mm.P/CRISTAL 8+8 BV45,0
A70069824020,HOJA PUERTA APERT.INT.V98_LC1,0
A70069823210,MARCO PUERTA C/32 V98_LC1,0
89004RT620,MARCO RECTO PERIMETRAL NEXUS_BEB,0
89004RT616,HOJA RECTA NEXUS_BEB,0
8900414550,HOJA CENTRAL PANORAMICA NEXUS_BEB,0
A9006203620,HOJA PUERTA MALLORQUINA EU_LC1,0
0A005703,MARCO PERIMETRAL 2 CARR.C70_LBN,9,53
0A005765,SUPLEMENTO RECTO HOJA CENTRAL C70_LBN,0
A30045421423,HOJA VENTANA SM54RT_BEB,0
920009814029,HOJA APERT.EXT.V98RT45_CSA,0
B10004264,LAMA 200x25mm_CSA,0
B10003659,GUIA PORTAL 43x37mm_CSA,0
89015RT620,MARCO RECTO PERIMETRAL NEXUS_LMC,0
89015RT616,HOJA RECTA NEXUS_LMC,0
8901514550,HOJA CENTRAL PANORAMICA NEXUS_LMC,0
201247,CUADRADO 45_LC4,0
89007RT630,MARCO 3 CARRILES PERIM.NEXUS_LMD,0
B10074264,LAMA 200x25mm_LMD,0
B10073659,GUIA PORTAL 43x37mm_LMD,0
A30055424020,HOJA PUERTA C/40 SM54RT_LBN,0
25000942726,HOJA BALCON AJUNQ.C/27 V94_CSA,0
500745,REDONDO 45_LMD,0
25007942726,HOJA BALCON AJUNQ.C/27 V94_LMD,0
A70079823210,MARCO PUERTA C/32 V98_LMD,0
A70079824020,HOJA PUERTA APERT.INT.V98_LMD,0
80046962,LAMA TUBULAR 120mm_BEB,0
34008230413,SUPLEMENTO MOSQUITERA_INOX,0
28000948206C,JUNTA EXT.MARCO CLIPADA++,0
4A0009803220,HOJA PUERTA CURVA V98RT67_CSA,0
A30155421410,MARCO VENTANA SM54RT_LMC,0
A30155421423,HOJA VENTANA SM54RT_LMC,0
A30155421430,TRAVESA�O VENTANA SM54RT_LMC,0
84013238,LAMA PARASOL ELIPTICA 100mm.DM_LBP,0
1900873,RECT.40x20 AUT.P/TORNILLO_INOX,0
12000T9/3125,ESCUAD.TETON C�.CENTRADO 3125,0
B10084265,MARCO 50x100mm_INOX,0
BB0004827M,SOPORTE BARANDILLA MECANIZADO BV45_CSA,0
BB0014827M,SOPORTE BARANDILLA MECANIZADO BV45_PMD,0
A400851014,MONTANTE 140x50 MUR50_INOX,0
A4008533,MARCO CRISTAL PROYECTANTE MUR50_INOX,0
2400521101,CHAPA 2,2x1x1 2C 1P_LBN,0
240052C20101,CHAPA PERF.2x1x2 C�20 2C_LBN,0
240023121001,CHAPA 3x1,25x1 1C P1_P.SEMI,0
9000046P,FELPUDO 4,3x6,5 NEXUS,0
240103121101,CHAPA 3x1,25x1 2C P1_LC2,0
B10054264,LAMA 200x25mm_LBN,0
A400651012,MONTANTE 60x50 MUR50_LC1,0
A400654521,PRENSAGOMAS MUR50_LC1,0
A4006522,TAPA HORIZONTAL MUR50_LC1,0
A4006523,TAPA VERTICAL MUR50_LC1,0
A400651014,MONTANTE 140x50 MUR50_LC1,0
AA0065050,ZOCALO P50_LC1,0
B10124264,LAMA 200x25mm_LC4,0
95005800045,HOJA LATERAL CLIM.800_LBN,0
95005800065,HOJA RUEDAS CLIM.800_LBN,0
4A0059803210,MARCO PUERTA V98RT67_LBN,0
4A0059803220,HOJA PUERTA CURVA V98RT67_LBN,0
6400620400,MANILLA SIMPLE HERA_NEGRO,0
B10004272,BATIENTE PORTAL CORR.146x105mm_CSA,0
B10054272,BATIENTE PORTAL CORR.146x105mm_LBN,0
AA0085010,MARCO PUERTA P50_INOX,0
25008940300,JUNQUILLO 29,5mm.V94_INOX,0
84001224,MARCO TROQUELADO DM_PMD,0
200970,CUADRADO 70_AOC,0
B10004368,GUIA PORTAL CORR.101,5x46,5mm_CSA,0
840003506,PASAMANOS OVAL P/VIDRIO DM_CSA,0
840003500,ANCLAJE PASAMANOS DM_CSA,0
85014940304,JUNQUILLO 26mm.ELV100_LMP,0
840133506,PASAMANOS OVAL P/VIDRIO DM_LBP,0
840133500,ANCLAJE PASAMANOS DM_LBP,0
B10114264,LAMA 200x25mm_LC3,0
0A007762,HOJA PERIMET.CLIM.CIERRE MULTIP.C70_LMD,0
51005864H,CIERRE PERIMETRAL+U�A_BLANCO,0
B10024265,MARCO 50x100mm_PEB,0
B10024058,MARCO 50x50mm_PEB,0
B10024272,BATIENTE PORTAL CORR.146x105mm_PEB,0
B10024368,GUIA PORTAL CORR.101,5x46,5mm_PEB,0
640060510A,MANILLA EOS INT.23 L-23mm_NEGRO,0
640060530BI,CREMONA GEA 1/P.O/B INT.84-104mm_NEGRO,0
25003942710,MARCO PUERTA C/27 V94_OEB,0
25003943620,HOJA PUERTA APER.INT.C/36 V94_OEB,0
25003940301,JUNQUILLO H-12mm.V94_OEB,0
25003941140,INVERSOR RECTO V94_OEB,0
25003942730,TRAVESA�O BALCON C/27 V94_OEB,0
8500372701,TAPAJUNTAS 33mm.ELV100_OEB,0
80071101,GUIA PERSIANA 120mm_LMD,0
8300030157,ESCUADRA VERTICE 21x15 DM,0
39005434D,BISAGRA DESLIZANTE DCHA.40x20_BLANCO,1,12
39006434D,BISAGRA DESLIZANTE DCHA.40x20_NEGRO,1,12
39005435I,BISAGRA DESLIZANTE IZDA.40x20_BLANCO,1,12
39006435I,BISAGRA DESLIZANTE IZDA.40x20_NEGRO,1,12
A70009820410,UNION DE MARCOS V98_CSA,0
6400058108,CORTAVIENTOS IGLOO L-800mm,0
64000DF9900A,CORTAVIENTOS/AGUA 850mm,0
8500610030,MARCO PERIMETRAL 3 CARR.ELV100_LC1,0
301163,PLETINA 60x3_LC3,0
25011201621,HOJA MALLORQUINA V94_LC3,0
8500610041,PERFIL 4 HOJAS ELV100_LC1,0
80006170,LAMA OVALADA 210mm_CSA,0
84002240,LAMA CELOSIA RECTA DM_PEB,0
80056170,LAMA OVALADA 210mm_LBN,0
840006133,MARCO MALLORQUINA DM_CSA,0
840006135,HOJA MALLORQUINA 42mm.DM_CSA,0
840076135,HOJA MALLORQUINA 42mm.DM_LMD,0
840076133,MARCO MALLORQUINA DM_LMD,0
130086397,TIRADOR EMBUTIDO(14578)_INOX,0
A30125421430,TRAVESA�O VENTANA SM54RT_LC4,0
4A0009800410,UNION MARCOS V98RT67_CSA,0
1900050030,PILAR 40x20_CSA,0
1900550030,PILAR 40x20_LBN,0
0A002703,MARCO PERIMETRAL 2 CARR.C70_PEB,0
810032828,REMATE INFERIOR HOJA DM_OEB,0
0A003703,MARCO PERIMETRAL 2 CARR.C70_OEB,0
A70039820410,UNION DE MARCOS V98_OEB,0
820062345,HOJA PUERTA 93mm.CURVA 45RT DM_LC1,23,14
A4007522,TAPA HORIZONTAL MUR50_LMD,0
820062342,HOJA VENTANA 68mm.CURVA 45RT DM_LC1,19,3
34006250,MOSQUITERA CURVA CORTE RECTO_LC1,0
4600610519,PERFIL REMATE COBIJA_LC1,0
820002519,HOJA PTA.APER.EXT.75RT DM_CSA,0
820113611,TRAVESA�O PUERTA 65RT DM_LC3,0
9101172800,SOLAPE SUPERIOR_LC3,0
1150,ANGULO 50_LC3,0
820072519,HOJA PTA.APER.EXT.75RT DM_LMD,0
25010940313,JUNQUILLO CURVO H-22mm_LC2,0
240103151001,CHAPA 3x1,5x1 1C_LC2,0
8000030696,HORQUILLA 125/125RT DM,0
820082519,HOJA PTA.APER.EXT.75RT DM_INOX,0
2400215001,CHAPA 2x1x1,5 1C P1_P.SEMI,0
21005838,PASAMANOS 80x38_LBN,0
64000DF9900D,CORTAVIENTOS/AGUA 1650mm,0
25006940323,JUNQUILLO CURVO H-22mm_LC1,0
80064262,LAMA 200x20mm_LC1,0
310109701,MARCO PERIMETRAL EXCELSA_LC2,0
310109714,HOJA RT B-25 EXCELSA_LC2,0
310104372,CRUCE CENTRO EXCELSA_LC2,0
510053289,MANILLA MULTIPUNTO TITAN_BLANCO,0
510063289,MANILLA MULTIPUNTO TITAN_NEGRO,0
510113289,MANILLA MULTIPUNTO TITAN_LAC.PLATA,0
510083289,MANILLA MULTIPUNTO TITAN_INOX,0
820042441,MARCO VENTANA RECTO 60RT DM_BEB,0
820042403,HOJA VENTANA RECTA 60RT DM_BEB,0
820042447,ESQUINERO REGULABLE 60RT DM_BEB,0
AA0025011,MARCO/HOJA P50_PEB,0
AA0025010,MARCO PUERTA P50_PEB,0
25002940300,JUNQUILLO 29,5mm.V94_PEB,0
AA0025020,HOJA PUERTA APER.INT.P50_PEB,0
0A007780,MARCO FIJO PERIMETRAL C70_LMD,0
25001943623,HOJA PUERTA APER.EXT.C/36 V94_PMD,0
240003122001,CHAPA 3x1,25x2_CSA,0
240053122101,CHAPA 3x1,25x2 2C P1_LBN,0
89008RT640,MARCO 4 CARRILES PERIM.NEXUS_INOX,0
60015230045,HOJA LATERAL CLIM.2300_LMC,0
310049701,MARCO PERIMETRAL EXCELSA_BEB,0
850061102,GUIA PERSIANA PALA 120mm_LC1,0
820052466,MARCO RECTO 60RT HO DM_LBN,0
0A015762,HOJA PERIMET.CLIM.CIERRE MULTIP.C70_LMC,0
0A015765,SUPLEMENTO RECTO HOJA CENTRAL C70_LMC,0
4001422,RECTANGULAR 40x20x2_PMD,0
A20005006503,PASADOR CORTO 117mm.P50,0
2006102,CUADRADO 100x2_LC1,0
3400699030,TRAVESA�O P/GPM-250_LC1,0
0A012706,HOJA PERIMETRAL C70_LC4,0
240053122001,CHAPA 3x1,25x2 1C P1_LBN,0
240053221001,CHAPA 3x1,5x2 1C P1_LBN,0
A20005006551,ENCUENTRO CENTRAL 11mm.P50,0
A20005006561,ENCUENTRO SUP.E INF.CERRAD.MULTI.P50,0
AA0025050,ZOCALO P50_PEB,0
AA0075404,JUNQUILLO P50_LMD,0
AA0075041,MAINEL EXTERIOR P50_LMD,0
1901350030,PILAR 40x20_LBP,0
2401408001,CHAPA 2x1x0,8 1C P1_LMP,0
2401408101,CHAPA 2x1x0,8 2C P1_LMP,0
2401508001,CHAPA 2x1x0,8 1C P1_LMC,0
A9008203620,HOJA PUERTA MALLORQUINA EU_INOX,0
8500672703,TAPAJUNTAS 60mm.ELV100_LC1,0
100,ANGULO 100_CSA,10,3
5100,ANGULO 100_LBN,0
2100,ANGULO 100_PEB,0
310069701,MARCO PERIMETRAL EXCELSA_LC1,0
2401208101,CHAPA 2x1x0,8 2C P1_LC4,0
820052829,REMATE PAVIMENTO 60RT DM_LBN,2,59
B10114308,BATIENTE PORTAL 56,3x30mm_LC3,0
B10114265,MARCO 50x100mm_LC3,0
6400120400,MANILLA SIMPLE HERA_PLATA,0
35000487,FELPUDO 4,8x7 MOSQUITERA,0
B000011166,KIT CALZO VIDRIO 10+10 BV45,0
BB00054301M,U BARANDILLA FORJADO MECANIZ.BV45_CSA,0
BB00054301,U BARANDILLA BV45_CSA,0
BB00054306,JUNQUILLO BV45_CSA,0
BB00654301M,U BARANDILLA FORJADO MECANIZ.BV45_LC1,0
BB00654306,JUNQUILLO BV45_LC1,0
25005850307,JUNQUILLO CABEZA 27,5mm_LBN,0
51006864H,CIERRE PERIMETRAL+U�A_NEGRO,0
84005263,GUIA MONOBLOCK 170mm.DM_LBN,0
A30065423233,ZOCALO SM54RT_LC1,0
A30065424020,HOJA PUERTA C/40 SM54RT_LC1,0
920009811423,HOJA VENTANA V98RT45_CSA,0
8501110030,MARCO PERIMETRAL 3 CARR.ELV100_LC3,0
8501110060,HOJA PERIMETRAL ELV100_LC3,0
8501110004,SUPLEM.CURVO HOJA CENTRO ELV100_LC3,0
25011102308,JUNQUILLO_LC3,0
920069811423,HOJA VENTANA V98RT45_LC1,0
73007011649,ACOPLAMIENTO BAJO PTA.CS-59_LMD,0
920009814028,HOJA PUERTA V98RT45_CSA,0
920129814028,HOJA PUERTA V98RT45_LC4,0
920129813230,TRAVESA�O PUERTA V98RT45_LC4,0
920089814029,HOJA APERT.EXT.V98RT45_INOX,0
920089810406,ESQUINERO REGULABLE V98RT45_INOX,0
920089810405,ESQUINERO REGULABLE V98RT45_INOX,0
80016170,LAMA OVALADA 210mm_PMD,0
25000980302,JUNQUILLO CABEZA 35,5mm_CSA,0
AA0075011,MARCO/HOJA P50_LMD,0
AA0075040,MONTANTE P50_LMD,0
AA0075050,ZOCALO P50_LMD,0
AA0075403,BATIENTE P50_LMD,0
25007980302,JUNQUILLO CABEZA 35,5mm_LMD,0
3400099002,PERFIL MOSQUITERA 38,2_CSA,0
3401099002,PERFIL MOSQUITERA 38,2_LC2,0
300033,PLETINA 30x3_CSA,0
300733,PLETINA 30x3_LMD,0
3400699002,PERFIL MOSQUITERA 38,2_LC1,0
820103604,MARCO PUERTA RECTO 65RT DM_LC2,0
820103611,TRAVESA�O PUERTA 65RT DM_LC2,0
820103607,INVERSOR 65RT DM_LC2,0
810102827,JUNQUILLO RECTO 38 DM_LC2,0
810102812,JUNQUILLO RECTO 35 DM_LC2,0
820103603,HOJA VENTANA RECTA 65RT DM_LC2,0
820103606,HOJA PUERTA RECTA 65RT DM_LC2,0
820004575,MARCO P/RECOGEDOR 77RT ECO DM_CSA,0
820004506,HOJA PUERTA RECTA 77RT ECO DM_CSA,0
820004512,ZOCALO 120mm.77RT ECO DM_CSA,0
820114575,MARCO P/RECOGEDOR 77RT ECO DM_LC3,0
820114506,HOJA PUERTA RECTA 77RT ECO DM_LC3,0
820114512,ZOCALO 120mm.77RT ECO DM_LC3,0
240003521001,CHAPA 3x1,5x2_CSA,0
640001503A,PASADOR PALANCA S/TETONES,0
3400599002,PERFIL MOSQUITERA 38,2_LBN,0
37007812,TAPETA MALLORQUINA 40x20_LMD,0
60000640545,SOLAPE 43mm_CSA,0
60005640545,SOLAPE 43mm_LBN,0
6000572331,SOLAPE 33mm_LBN,0
A5006603,MARCO PERIMET.2 CARR.C60_LC1,0
B10114058,MARCO 50x50mm_LC3,0
60006640545,SOLAPE 43mm_LC1,0
2100050102,PASAMANOS RECTANG.70x40_CSA,0
2100650102,PASAMANOS RECTANG.70x40_LC1,0
7100,ANGULO 100_LMD,0
201042,CUADRADO 40x2_LC2,0
95007800142,REDUCTOR VIDRIO 800_LMD,0
3400799002,PERFIL MOSQUITERA 38,2_LMD,0
300433,PLETINA 30x3_BEB,0
240203151001,CHAPA 3x1,5x1 1C P1_INOX MATE,0
3400299002,PERFIL MOSQUITERA 38,2_PEB,0
BB000290010,ASIENTO VIDRIO PVC BV45,0
B30,CORREDERA GS-82RT,0
B300682001,MARCO PERIMETRAL GS82RT_LC1,0
B300682060,HOJA GS82RT_LC1,0
B300682265,SUPLEMENTO RECTO GS82RT_LC1,0
1701236,FORRAMARCO ABISAGRADO 40_LC4,0
B300082002,MARCO PERIMETRAL GS82RT_CSA,0
B300082030,MARCO 3 CARRILES GS82RT_CSA,0
B300082275,SUPLEMENTO HOJA CENTRAL GS82RT_CSA,0
B300882002,MARCO PERIMETRAL GS82RT_INOX,0
B300882030,MARCO 3 CARRILES GS82RT_INOX,0
B300882275,SUPLEMENTO HOJA CENTRAL GS82RT_INOX,0
B10084058,MARCO 50x50mm_INOX,0
60002230540,SOLAPE 43mm_PEB,0
B300082060,HOJA GS82RT_CSA,0
5A000135412,CALZO CREMONA SM135RT_CSA,0
B300882060,HOJA GS82RT_INOX,0
5A001135412,CALZO CREMONA SM135RT_PMD,0
B40,ACC.CORREDERA GS-82RT,0
B4001102402,CARRIL RODADURA GS82RT_PMD,0
B4008102402,CARRIL RODADURA GS82RT_INOX,0
95005800142,REDUCTOR VIDRIO 800_LBN,0
34004230413,SUPLEMENTO MOSQUITERA_BEB,0
84010223,"LAMA CELOSIA TIPO""Z""RECTA DM_LC2",0
25005102308,JUNQUILLO_LBN,0
301463,PLETINA 60x3_LMP,0
240061C32101,CHAPA PERF.2x1x1,2 C�30 2C_LC1,0
240013108001,CHAPA 3x1,25x0,8 1C P1_P.MATE,0
24000C235001,CHAPA PERF.3x1,5x1,5 C�20_CSA,0
0A012730,MARCO PERIMETRAL 3 CARR.C70_LC4,0
460104001,EMBELLECEDOR CIERRE PANELUX 52mm_LC2,0
2400815001,CHAPA 2x1x1,5 1C P1_INOX,0
920079814020,HOJA PUERTA CAMARA 40 V98RT45_LMD,0
590057654,CREMONA AP.EXT.PLANA_BLANCO,15,65
590067654,CREMONA AP.EXT.PLANA_NEGRO,15,65
840053506,PASAMANOS OVAL P/VIDRIO DM_LBN,0
A9007204020,HOJA MALLORQUINA EU_LMD,0
600715,T 15_LMD,0
AA0065010,MARCO PUERTA P50_LC1,0
AA0065011,MARCO/HOJA P50_LC1,0
AA0065031,MONTANTE P50_LC1,0
0A011730,MARCO PERIMETRAL 3 CARR.C70_LC3,0
A30115423220,HOJA PUERTA C/32 SM54RT_LC3,0
A30115421440,INVERSOR SM54RT_LC3,0
B000063029,JUNTA EXTERIOR 10+10,0
B000060029,JUNTA INTERIOR 10+10,0
B000073029,CALZO 10+10,0
240073121101,CHAPA 3x1,25x1 2C P1_LMD,0
8300531212,JUNQUILLO PVC HOJA OCULTA 60RT DM_BLANCO,0
B40000828076,JUNTA HOJA CORREDERA GS82RT,0
60002640545,SOLAPE 43mm_PEB,0
820112468,MARCO RECTO C/SOLAPE 60RT HO DM_LC3,0
820112476,TRAVESA�O VENTANA 60RT HO DM_LC3,0
820112457,INVERSOR RECTO 60RT HO DM_LC3,0
820112477,JUNQUILLO 22,5mm.60RT HO DM_LC3,0
460024000,EMBELLECEDOR CIERRE PANELUX 82mm_PEB,0
95002800010,MARCO SUPERIOR 800_PEB,0
95002800020,MARCO INFERIOR 800_PEB,0
91002700090,MARCO FIJO CLIP 700_PEB,0
91002700080,MARCO FIJO SIN CLIP 700_PEB,0
3400899030,TRAVESA�O P/GPM-250_INOX,0
2100055011,PASAMANOS RECTANG.80x40 VIDRIO_CSA,0
2100855011,PASAMANOS RECTANG.80x40 VIDRIO_INOX,0
20008RA762,SOPORTE MONTANTE TUBO 40x20_INOX,0
310029701,MARCO PERIMETRAL EXCELSA_PEB,0
800000531,FALLEBA 5 CORRED.HS FA-5 C/MUELLE,0
61005421618,VAIVEN AV44_LBN,0
240103155101,CHAPA 3x1,5x1,5 2C P1_LC2,0
6A0002369,KIT CON RUEDAS 800,0
460025103A,SOPORTE CANALON_PEB,0
780113335,MARCO PERIMETRAL S80 DM_LC3,0
780113341,ADAPTADOR 3 CARRILES DM_LC3,0
780113204,HOJA RUEDAS S80 DM_LC3,0
780113205,HOJA LATERAL S80 DM_LC3,0
780113206,HOJA CENTRAL S80 DM_LC3,0
8901118155,HOJA CENTRAL REFORZADA NEXUS_LC3,0
240053125101,CHAPA 3x1,25x1,5 2C P1_LBN,0
B300082400,PERFIL 4 HOJAS GS82RT_CSA,0
B300582030,MARCO 3 CARRILES GS82RT_LBN,0
B300582002,MARCO PERIMETRAL GS82RT_LBN,0
B300582060,HOJA GS82RT_LBN,0
B300582275,SUPLEMENTO HOJA CENTRAL GS82RT_LBN,0
B300582400,PERFIL 4 HOJAS GS82RT_LBN,0
B10054368,GUIA PORTAL CORR.101,5x46,5mm_LBN,0
B4005102402,CARRIL RODADURA GS82RT_LBN,0
B4000102402,CARRIL RODADURA GS82RT_CSA,0
920049814029,HOJA APERT.EXT.V98RT45_BEB,0
B40000820131,ESCUADRA 11x13,2 GS82RT,0
B40000828013,BA�ERA MARCO PERIMETRAL GS82RT,0
B40000828053,COMPLEMENTO CRUCE PVC GS82RT,0
B4009102402,CARRIL RODADURA GS82RT_AOC,0
A30005424028,HOJA PUERTA SM54RT_CSA,0
A30105424028,HOJA PUERTA SM54RT_LC2,0
930127504,SUPLEM.CURVO HOJA CENTRAL C75RT_LC4,0
9101272800,SOLAPE SUPERIOR_LC4,0
60000230401,DIVISOR 2300_CSA,0
60002230401,DIVISOR 2300_PEB,0
820072339,HOJA PUERTA APER.EXT.45RT DM_LMD,0
25014941630,TRAVESA�O VENTANA C/16 V94_LMP,0
60003230075,ZOCALO CLIM.2300_OEB,0
91003700402,DIVISOR CAMARA 18mm.700_OEB,0
60007230091,MARCO FIJO CLIP 2300_LMD,0
60007230081,MARCO FIJO SIN CLIP 2300_LMD,0
8500410001,MARCO PERIMETRAL ELV100_BEB,0
8500410060,HOJA PERIMETRAL ELV100_BEB,0
8500410004,SUPLEM.CURVO HOJA CENTRO ELV100_BEB,0
25004940305,JUNQUILLO GRAPA H-29mm.V94_BEB,0
61012070564,PLETINA GRADUABLE 195mm_LC4++,0
73012011649,ACOPLAMIENTO BAJO PTA.CS-59_LC4,0
4A0079803210,MARCO PUERTA V98RT67_LMD,0
4A0079804028,HOJA PUERTA RECTA V98RT67_LMD,0
4A0079801422,HOJA VENTANA RECTA V98RT67_LMD,0
95002800075,ZOCALO CLIM.800_PEB,0
820022414,MARCO PUERTA RECTO 60RT DM_PEB,0
820022455,HOJA PUERTA 93mm.RECTA 60RT DM_PEB,0
820022423,TRAVESA�O PUERTA 60RT DM_PEB,0
90006950272,TAPA P/NT95669R NEXUS_NEGRO,0
300042,PLETINA 40x2_CSA,0
300542,PLETINA 40x2_LBN,0
90000959013,CALZE APOYO MARCO NEXUS,0
920069814029,HOJA APERT.EXT.V98RT45_LC1,0
A30125421423,HOJA VENTANA SM54RT_LC4,0
920039811410,MARCO VENTANA V98RT45_OEB,0
920039813220,HOJA PUERTA V98RT45_OEB,0
920039811440,INVERSOR V98RT45_OEB,0
A30125424028,HOJA PUERTA SM54RT_LC4,0
40009619,RECTANGULAR 120x40x1,9_CSA,0
300122,PLETINA 22,5x4_PMD,0
300522,PLETINA 22,5x4_LBN,0
920129814020,HOJA PUERTA CAMARA 40 V98RT45_LC4,0
2100450102,PASAMANOS RECTANG.70x40_BEB,0
95005800080,MARCO FIJO SIN CLIP 800_LBN,0
25006850307,JUNQUILLO CABEZA 27,5mm_LC1,0
12000T9/2514,ESCUAD.TETON C�.CENTRADO 2514,0
2400012001,CHAPA 2x1x1,2_CSA,0
3400499030,TRAVESA�O P/GPM-250_BEB,0
2400712001,CHAPA 2x1x1,2 1C P1_LMD,0
840053500,ANCLAJE PASAMANOS DM_LBN,0
78000111,HOJA RUEDAS CRISTAL NORMAL S80 DM_CSA,0
78000106,HOJA CENTRAL CRISTAL NORMAL S80 DM_CSA,0
810032062,MARCO VENTANA CURVO C/SOLAPE S40 DM_OEB,0
4005422,RECTANGULAR 40x20x2_LBN,0
84004279,SOPORTE CELOSIA DM_BEB,0
84004280,CELOSIA P/ATORNILLAR 50mm.DM_BEB,0
1100,ANGULO 100_PMD,0
78012111,HOJA RUEDAS CRISTAL NORMAL S80 DM_LC4,0
78012106,HOJA CENTRAL CRISTAL NORMAL S80 DM_LC4,0
B50,CORREDERA MINIMALISTA P90/100 RPT,0
B60,ACC.CORREDERA MINIMALISTA P90/100 RPT,0
B5000386,MARCO RECTO RPT90_CSA,0
B5000381,HOJA RPT90/100_CSA,0
B500017656,HOJA CRUCE RPT90_CSA,0
B5000PVC6,PERTIL PVC MARCO RTP90,0
B5006386,MARCO RECTO RPT90_LC1,0
B5006381,HOJA RPT90/100_LC1,0
B500617656,HOJA CRUCE RPT90_LC1,0
80124262,LAMA 200x20mm_LC4,0
B6000135023,KIT CORREDERA RPT90,0
B6000135026,ESCUADRA HOJA RPT90/100,0
B6000135030,ESCUADRA ALINEACION NYLON RPT90/100,0
B6000135025,RUEDA REGULABLE 120KG.RPT90/100,0
B6000135022,RUEDA REGUL.TANDEM 200KG.RPT90/100,0
B6000135020,JUNTA CRUCE RPT90,0
B6000135029,CALZO MULTIPUNTO RPT90/100,0
B6000134002,ESCUADRA MARCO 25X13 RPT++,0
40069619,RECTANGULAR 120x40x1,9_LC1,0
8000030663,RUEDA TANDEM REG.90 KG.DOMO 80,0
6100,ANGULO 100_LC1,0
0A008706,HOJA PERIMETRAL C70_INOX,0
820062466,MARCO RECTO 60RT HO DM_LC1,0
820062423,TRAVESA�O PUERTA 60RT DM_LC1,21,7
810062041,MARCO VENTANA RECTO S40 DM_LC1,0
810052123,TRAVESA�O 83mm.S45 DM_LBN,0
780003307,HOJA PERIMETRAL RECTA S80 DM_CSA,0
780003339,CRUCE HOJAS S80 DM_CSA,0
780053307,HOJA PERIMETRAL RECTA S80 DM_LBN,0
780053339,CRUCE HOJAS S80 DM_LBN,0
780053341,ADAPTADOR 3 CARRILES DM_LBN,0
780053335,MARCO PERIMETRAL S80 DM_LBN,0
91007700310,MARCO SUPERIOR 3 CARR.700_LMD,0
91007700075,ZOCALO CLIM.700_LMD,0
25014941627,HOJA VENTANA CURVA C/16 V94_LMP,0
25014941622,HOJA VTA.AJUNQUILLADA C/16 V94_LMP,0
91004700404,PERFIL BANDERA_BEB,0
A70009821426,HOJA AJUNQUILLADA V98_CSA,0
240061R22101,CHAPA PERF.2x1x1,2 R�2,5 2C_LC1,0
A401251014,MONTANTE 140x50 MUR50_LC4,0
A401251012,MONTANTE 60x50 MUR50_LC4,0
A4012522,TAPA HORIZONTAL MUR50_LC4,0
A401254521,PRENSAGOMAS MUR50_LC4,0
A4012531,MARCO PROYECTANTE MUR50_LC4,0
A4012532,HOJA PROYECTANTE MUR50_LC4,0
A4012533,MARCO CRISTAL PROYECTANTE MUR50_LC4,0
4A0129801412,MARCO SOLAPE V98RT67_LC4,0
25012940306,JUNQUILLO H-10mm_LC4,0
4A0059801420,HOJA VENTANA V98RT67_LBN,0
4A0059803231,TRAVESA�O V98RT67_LBN,0
A70009821440,PERFIL INVERSOR V98_CSA,0
A70079821410,MARCO VENTANA V98_LMD,0
A70079821426,HOJA AJUNQUILLADA V98_LMD,0
A70079821440,PERFIL INVERSOR V98_LMD,0
B10074272,BATIENTE PORTAL CORR.146x105mm_LMD,0
B10074266,ZANCA 50x100mm_LMD,0
A60000508386,JUNTA FIJACION PROYECTANTE MUR50,0
A6006504622D,CIERRE PRESION DCHA.MUR50_NEGRO,0
A6006504622I,CIERRE PRESION IZDA.MUR50_NEGRO,0
A60000506811,CALZO CRISTAL PROYECTANTE MUR50,0
A70059820410,UNION DE MARCOS V98_LBN,0
80126170,LAMA OVALADA 210mm_LC4,0
8000712406,ESQUINERO REG.MONOBLOCK HEMBRA_CSA,0
8000712405,ESQUINERO REG.MONOBLOCK MACHO_CSA,0
8002712406,ESQUINERO REG.MONOBLOCK HEMBRA_PEB,0
8002712405,ESQUINERO REG.MONOBLOCK MACHO_PEB,0
8300030169,ESCUADRA VERTICE 23x11 DM,0
300615,PLETINA 15x5_LC1,0
25004102308,JUNQUILLO_BEB,0
BB0054827M,SOPORTE BARANDILLA MECANIZADO BV45_LBN,0
A70059823210,MARCO PUERTA C/32 V98_LBN,0
A70059823223,HOJA PUERTA APERT.EXT.V98_LBN,0
640003250H,2 COMPAS VTNA.PROYECTANTE L28,0
660002533,ESCUADRA TETON CUADRADO PT-50,0
2400512101,CHAPA 2x1x1,2 2C P1_LBN,0
95006800010,MARCO SUPERIOR 800_LC1,0
810062509,JUNQUILLO HOJA OCULTA DM_LC1,1,94
810062510,JUNQUILLO 48 HOJA OCULTA DM_LC1,7,62
4A0089801410,MARCO VENTANA V98RT67_INOX,0
4A0089801422,HOJA VENTANA RECTA V98RT67_INOX,0
4A0089801440,PERFIL INVERSOR V98RT67_INOX,0
4A0089803231,TRAVESA�O V98RT67_INOX,0
4A0089800410,UNION MARCOS V98RT67_INOX,0
95000800245,HOJA MULTIPUNTO CLIM.800_CSA,0
4A0009800407,ESQUINERO V98RT67_CSA,0
4A0089800407,ESQUINERO V98RT67_INOX,0
25018941616,MARCO VENTANA CURVO C/16 V94_LMCC++,0
25018941627,HOJA VENTANA CURVA C/16 V94_LMCC++,0
25018941141,INVERSOR CURVO V94_LMCC++,0
8501872704,TAPAJUNTAS 87mm.ELV100_LMCC++,0
95005800245,HOJA MULTIPUNTO CLIM.800_LBN,0
B6000135024,KIT CORREDERA RPT100,0
4012422,RECTANGULAR 40x20x2_LC4,0
A20005006535,ENCUENTRO PASADOR PAVIMENTO P50,0
A10000670103,ANGULO VULCANIZADO V98RT67,0
820052447,ESQUINERO REGULABLE 60RT DM_LBN,13,9
8600618164,U�ERO 9mm.ELV100_NEGRO,0
B5000396,MARCO RECTO RPT100_CSA,0
B5000393,HOJA CRUCE RPT100_CSA,0
B5000PVC7,PERTIL PVC MARCO RTP100,0
B5000395,MARCO 3 CARRILES RPT100_CSA,0
B50003213,UNION MARCOS RPT_CSA,0
B5006396,MARCO RECTO RPT100_LC1,0
B5006393,HOJA CRUCE RPT100_LC1,0
B5005396,MARCO RECTO RPT100_LBN,0
B5005381,HOJA RPT90/100_LBN,0
B5005393,HOJA CRUCE RPT100_LBN,0
B50053213,UNION MARCOS RPT_LBN,0
B5006395,MARCO 3 CARRILES RPT100_LC1,0
B6000135021,ESCUADRA CENTRICA 4,5x11,2 RPT,0
B6006130125,CIERRE EMBUTIDO RPT_NEGRO,0
B6005130125,CIERRE EMBUTIDO RPT_BLANCO,0
B6000130137,CONTRACIERRE MARCO EMBUTIDO RPT,0
B6000134011,FELPUDO 4,8x6,5 RPT,0
B6000135045,KIT 3 CARRILES RPT100,0
25008102308,JUNQUILLO_INOX,0
25007102308,JUNQUILLO_LMD,0
25014102308,JUNQUILLO_LMP,0
640005020A,KIT BLOQUEO P/CIERRES OLE,0
B6000130132,CONTRACIERRE HOJA RPT,0
B10064368,GUIA PORTAL CORR.101,5x46,5mm_LC1,0
B10064272,BATIENTE PORTAL CORR.146x105mm_LC1,0
8000030430,JGO.TAPETA DOMO 80,0
B5005395,MARCO 3 CARRILES RPT100_LBN,0
91002700410,UNION MARCOS_PEB,0
0A007741,PERFIL 4 HOJAS C70_LMD,0
8500172702,TAPAJUNTAS 43mm.ELV100_PMD,0
25001941627,HOJA VENTANA CURVA C/16 V94_PMD,0
95001800010,MARCO SUPERIOR 800_PMD,0
95001800020,MARCO INFERIOR 800_PMD,0
95001800034,MARCO LATERAL 800_PMD,0
95001800046,HOJA LATERAL CLIM.800_PMD,0
95001800057,HOJA CENTRAL 1,3 CLIM.800_PMD,0
95001800066,HOJA RUEDAS CLIM.800_PMD,0
8500472703,TAPAJUNTAS 60mm.ELV100_BEB,0
13006406,CIERRE EXT.LAMA 160/210_NEGRO,0
130000901,BULON REMACHE,0
130056962T,KIT BASE LAMA 120mm_BLANCO,0
1115,ANGULO 15_LC3,0
B5002396,MARCO RECTO RPT100_PEB,0
B5002381,HOJA RPT90/100_PEB,0
B5002393,HOJA CRUCE RPT100_PEB,0
B5000394,HOJA CRUCE REFORZADA RPT100_CSA,0
84000421,DIVISOR MAMPARA 3 PANELES DM_CSA,0
84000423,ESQUINERO MAMPARA DM_CSA,0
84000424,PERFIL BATIENTE DM_CSA,0
84005421,DIVISOR MAMPARA 3 PANELES DM_LBN,0
84005422,DIVISOR MAMPARA 2 PANELES DM_LBN,0
84005423,ESQUINERO MAMPARA DM_LBN,0
84005424,PERFIL BATIENTE DM_LBN,0
2010102,CUADRADO 100x2_LC2,0
4010422,RECTANGULAR 40x20x2_LC2,0
B5002395,MARCO 3 CARRILES RPT100_PEB,0
920029814029,HOJA APERT.EXT.V98RT45_PEB,0
84005240,LAMA CELOSIA RECTA DM_LBN,0
130056170T,KIT BASE LAMA 210mm_BLANCO,0
400020252,RECTANGULAR 200x25x2_CSA,0
91004700410,UNION MARCOS_BEB,0
401120252,RECTANGULAR 200x25x2_LC3,0
A70069823230,TRAVESA�O PUERTA V98_LC1,0
810082024,ZOCALO CENTRAL S40 DM_INOX,0
920029814028,HOJA PUERTA V98RT45_PEB,0
B6000135043,JUNTA PERFIL 4 HOJAS RPT,0
B6000135033,PATIN PERFIL 4 HOJAS RPT90/100,0
B500018032,ACOPLE 4 HOJAS RPT90/100_CSA,0
B500218032,ACOPLE 4 HOJAS RPT90/100_PEB,0
920029811430,TRAVESA�O VENTANA V98RT45_PEB,0
640050510A,MANILLA EOS INT.23 L-23mm_BLANCO,0
640050530BI,CREMONA GEA 1/P.O/B INT.84-104mm_BLANCO,0
640050540BI,CREMONA GEA 2/P.INT.84-104mm_BLANCO,0
640060540BI,CREMONA GEA 2/P.INT.84-104mm_NEGRO,0
37010815,LAMA TUBULAR FIJA 140mm.MALLORQ_LC2,0
1009105018,ANGULO 100x50x1,8_AOC,0
1000105018,ANGULO 100x50x1,8_CSA,0
B6000279458,CERRADERO MARCO RPT90/100,0
800010351,MANILLA ELEV.INT.S/LLAVE+U�ERO_PLATA,0
800080351,MANILLA ELEV.INT.S/LLAVE+U�ERO_INOX,0
91000700407,ESQUINERO_CSA,0
310039701,MARCO PERIMETRAL EXCELSA_OEB,0
310039713,HOJA RT B-21 EXCELSA_OEB,0
310034372,CRUCE CENTRO EXCELSA_OEB,0
91003700407,ESQUINERO_OEB,0
B10104265,MARCO 50x100mm_LC2,0
25010940300,JUNQUILLO 29,5mm.V94_LC2,0
B6000142010,CERRADERO MARCO 4 HOJAS RPT,0
24006C131001,CHAPA PERF.3x1,25x1,2 C�10 2C_LC1,0
460062025,TRAVESA�O CON CANAL_LC1,0
300622,PLETINA 22,5x4_LC1,0
780003324,MARCO MONORRAIL S80 DM_CSA,0
780003325,MARCO MONORRAIL ENRASADO S80 DM_CSA,0
780053325,MARCO MONORRAIL ENRASADO S80 DM_LBN,0
61002030447,MARCO 54mm_PEB++,0
80047585,LAMA PANELABLE 8,5mm_BEB,0
8000030309,AMORTIGUADOR LATERAL DOMO 80,0
51000G02,CREMONA CORRED.270 PLG,0
101121,ANGULO 20x10_LC3,0
24006C131101,CHAPA PERF.3x1,25x1,2 C�10_LC1,0
AA0055011,MARCO/HOJA P50_LBN,0
820112302,HOJA VENTANA CURVA 45RT DM_LC3,0
820112345,HOJA PUERTA 93mm.CURVA 45RT DM_LC3,0
810112811,JUNQUILLO GRAPA 11,5 DM_LC3,0
25011940314,JUNQUILLO CURVO H-26mm_LC3,0
25011940324,JUNQUILLO CURVO 9,5mm_LC3,0
2100655011,PASAMANOS RECTANG.80x40 VIDRIO_LC1,0
1900672,MONTANTE REFORZADO GUIADO_LC1,0
62000809126,JUNTA DE ACRISTALAR INTERIOR,0
600615,T 15_LC1,0
25014942730,TRAVESA�O BALCON C/27 V94_LMP,0
4A0089804028,HOJA PUERTA RECTA V98RT67_INOX,0
A30005421422,HOJA VENTANA AJUNQUILLADA SM54RT_CSA,0
A30055421422,HOJA VENTANA AJUNQUILLADA SM54RT_LBN,0
95008800310,MARCO SUPERIOR 3 CARR.800_INOX,0
95008800320,MARCO INFERIOR 3 CARR.800_INOX,0
95008800330,MARCO LATERAL 3 CARR.800_INOX,0
95008800066,HOJA RUEDAS CLIM.800_INOX,0
95008800046,HOJA LATERAL CLIM.800_INOX,0
95008800057,HOJA CENTRAL 1,3 CLIM.800_INOX,0
80066170,LAMA OVALADA 210mm_LC1,0
240063151101,CHAPA 3x1,5x1 2C P1_LC1,0
0A008730,MARCO PERIMETRAL 3 CARR.C70_INOX,0
3400499002,PERFIL MOSQUITERA 38,2_BEB,0
3400899002,PERFIL MOSQUITERA 38,2_INOX,0
780023325,MARCO MONORRAIL ENRASADO S80 DM_PEB,0
B10094265,MARCO 50x100mm_AOC,0
25009940303,JUNQUILLO H-22mm.V94_AOC,0
80094262,LAMA 200x20mm_AOC,0
1700923,MARCO LISO 40x20_AOC,0
110094119,COMODIN ALA_AOC,0
B10154264,LAMA 200x25mm_LMC,0
AA0025401,SUPLEMENTO ZOCALO P50_PEB,0
780083325,MARCO MONORRAIL ENRASADO S80 DM_INOX,0
790023446,MARCO FIJO 81,5mm.85RT DM_PEB,0
130083030,MANILLA PLANA EMBUT.PEQUE�A_INOX,0
60010230060,HOJA RUEDAS 2300_LC2,0
60010230050,HOJA CENTRAL 2300_LC2,0
60010230040,HOJA LATERAL 2300_LC2,0
60010230075,ZOCALO CLIM.2300_LC2,0
1480,ANGULO 80_LMP,0
B6000135032,JGO.TAPON HOJA REFORZADA RPT100,0
1700326,CANTONERA PEQ.ABISAGRADO_OEB,0
25003942720,HOJA BALCONERA C/27 V94_OEB,0
3700518762,HOJA INFERIOR RECTA MALLORQUINA_LBN,0
820002426,TRAVESA�O 89mm.60RT DM_CSA,0
820062426,TRAVESA�O 89mm.60RT DM_LC1,0
201130,CUADRADO 30_LC3,0
0A004741,PERFIL 4 HOJAS C70_BEB,0
4101221162,PANEL PUERTA C/VENTILACION_LC4,0
2000530815,PIE BARANDILLA INTERIOR 30x30_BLANCO,0
2000530816,EMBELLECEDOR PIE BARAND.30x30_BLANCO,0
130066170T,KIT BASE LAMA 210mm_NEGRO,0
640010510A,MANILLA EOS INT.23 L-23mm_PLATA,0
640010530BI,CREMONA GEA 1/P.O/B INT.84-104mm_PLATA,0
640011409A,BISAGRA CENTRAL HOJA PASIVA_PLATA,0
640011404AI,KIT BISAGRA OSCILO GALICUBE_PLATA,0
B70,ACC.BARANA/BARANA GS-48,0
B70000487013,JGO.CALZOS FIJACION VIDRIO 20 GS48,0
B70000488096,JUNTA ACRIST.EXTERIOR GS48,0
201147,CUADRADO 45_LC3,0
1260,ANGULO 60_LC4,0
21006839,PASAMANOS ELIPTICO 80x38 VIDRIO_LC1,0
B5001396,MARCO RECTO RPT100_PMD,0
B5001395,MARCO 3 CARRILES RPT100_PMD,0
B5001381,HOJA RPT90/100_PMD,0
B5001393,HOJA CRUCE RPT100_PMD,0
820002406,HOJA PUERTA RECTA 60RT DM_CSA,0
780003326,UNION HOJAS S80 DM_CSA,0
820012406,HOJA PUERTA RECTA 60RT DM_PMD,0
820012426,TRAVESA�O 89mm.60RT DM_PMD,0
820012430,UNION MARCOS RECTOS 60RT DM_PMD,0
9100172800,SOLAPE SUPERIOR_PMD,0
930017562,PARTELUCES C75RT_PMD,0
B5001386,MARCO RECTO RPT90_PMD,0
B500117656,HOJA CRUCE RPT90_PMD,0
780013325,MARCO MONORRAIL ENRASADO S80 DM_PMD,0
780013326,UNION HOJAS S80 DM_PMD,0
1700123,MARCO LISO 40x20_PMD,0
B70005070385,ESCUADRA FIJAC.ANGULO 90,0
B70065070518,TAPON ALUM.EXTRUIDO IZDO_NEGRO,0
B70065070519,TAPON ALUM.EXTRUIDO DCHO_NEGRO,0
B70005070393,PIEZA UNION PASAMANOS,0
B70005079716,ESCUADRA REGULABLE,0
B5006397,MARCO FIJO RPT100_LC1,0
B5006115,TRAVESA�O VENTANA RPT_LC1,0
2401012001,CHAPA 2x1x1,2 1C P1_LC2,0
780013307,HOJA PERIMETRAL RECTA S80 DM_PMD,0
25005940418,INVERSOR MARCO V94_LBN,0
60004230070,ZOCALO 2300_BEB,0
930047505,SUPLEMENTO HOJA CENTRAL C75RT_BEB,0
2005102,CUADRADO 100x2_LBN,0
240123155101,CHAPA 3x1,5x1,5_LC4,0
95004800010,MARCO SUPERIOR 800_BEB,0
95004800020,MARCO INFERIOR 800_BEB,0
95004800030,MARCO LATERAL 800_BEB,0
2002102,CUADRADO 100x2_PEB,0
810152809,JUNQUILLO RECTO 22,5 DM_LMC,0
25002943614,MARCO ESCAPARATE V94_PEB,0
5601885,FORRAM.85 CLIP DISE�.CORR_LMCC,0
3701881,LAMA FIJA MALLORQUINA_LMCC,0
4A0069803231,TRAVESA�O V98RT67_LC1,0
240113125001,CHAPA 3x1,25x1,5 1C P1_LC3,0
84012240,LAMA CELOSIA RECTA DM_LC4,0
84012224,MARCO TROQUELADO DM_LC4,0
11014FM4032,FORRAMARCO 40x32 P/CAJON_LMP,0
11015FM4032,FORRAMARCO 40x32 P/CAJON_LMC,0
A10000670611,ESCUADRA EUROPEA 25x14,0
1101520,JUNQUILLO 26mm.EU/4000_LMC,0
110144016,HOJA PUERTA S/JUNQ.4000_LMP,0
110154508,TAPAJUNTAS 30mm.4000_LMC,0
240103125001,CHAPA 3x1,25x1,5 1C P1_LC2,0
270144024,MARCO ELIPTICO PUERTA_LMP,0
0A002741,PERFIL 4 HOJAS C70_PEB,0
A70009821430,TRAVESA�O VENTANA V98_CSA,0
A70059821430,TRAVESA�O VENTANA V98_LBN,0
4A0019801410,MARCO VENTANA V98RT67_PMD,0
4A0019801422,HOJA VENTANA RECTA V98RT67_PMD,0
4A0019801431,TRAVESA�O MARCO V98RT67_PMD,0
4A0019801440,PERFIL INVERSOR V98RT67_PMD,0
25001850307,JUNQUILLO CABEZA 27,5mm_PMD,0
840005337,INVERSOR DOBLE HOJA MALLORQ.DM_CSA,0
840005338,TAPA DECORATIVA GUIA SUP.MALLORQ.DM_CSA,0
840005341,TAPA LATERAL MALLORQ.DM_CSA,0
840005340,GUIA SUP.SUPERPUESTA MALLORQ.DM_CSA,0
840005343,GUIA INF.SUPERPUESTA MALLORQ.DM_CSA,0
840015340,GUIA SUP.SUPERPUESTA MALLORQ.DM_PMD,0
840015343,GUIA INF.SUPERPUESTA MALLORQ.DM_PMD,0
840075337,INVERSOR DOBLE HOJA MALLORQ.DM_LMD,0
840075338,TAPA DECORATIVA GUIA SUP.MALLORQ.DM_LMD,0
840075341,TAPA LATERAL MALLORQ.DM_LMD,0
61001214592,INTERMEDIO P/CAMARA CS_PMD,0
BB0084827,SOPORTE BARANDILLA BV45_INOX,0
240011C32101,CHAPA PERF.2x1x1,2 C�30 2C_P.MATE,0
240011R25101,CHAPA PERF.2x1x1 R�2,5 2C_P.MATE,0
240023125101,CHAPA 3x1,25x1,5 2C P1_P.SEMI,0
BB0084827M,SOPORTE BARANDILLA MECANIZADO BV45_INOX,0
4100531216,STYRPANEL 3000x1250x16 2C_BLANCO,0
B2006D6088,SOPORTE PUERTA_NEGRO,0
B2005D6088,SOPORTE PUERTA_BLANCO,0
B2006D6084,BATIENTE PUERTA CENTRAL_NEGRO,0
B2005D6084,BATIENTE PUERTA CENTRAL_BLANCO,0
25010941120,HOJA VENTANA C/11 V94_LC2,0
0A014760,HOJA PERIMETRAL CLIM.C70_LMP,0
0A014704,SUPLEMENTO CURVO HOJA CENTRAL C70_LMP,0
0A014701,MARCO PERIMETRAL 2 CARR.C70_LMP,0
24000313D001,CHAPA DAMERO 3x1,5x3+RES_CSA,219,75
A30045421430,TRAVESA�O VENTANA SM54RT_BEB,0
B50063213,UNION MARCOS RPT_LC1,0
790003437,MARCO PERIMETRAL SIMETRICO 85RT DM_CSA,0
790043437,MARCO PERIMETRAL SIMETRICO 85RT DM_BEB,0
300533,PLETINA 30x3_LBN,0
240073151001,CHAPA 3x1,5x1 1C P1_LMD,0
62000776319,TACO TRANSMISION HOJA 40x40++,0
640051404AI,KIT BISAGRA OSCILO GALICUBE_BLANCO,0
8501472704,TAPAJUNTAS 87mm.ELV100_LMP,0
920029810410,UNION MARCOS V98RT45_PEB,0
0A010705,SUPLEMENTO RECTO HOJA CENTRAL C70_LC2,0
39005420D,BISAGRA SOBREPUESTA DCHA.40x20_BLANCO,0
39005421I,BISAGRA SOBREPUESTA IZDA.40x20_BLANCO,0
8000030446,JGO.TAPAS LATERALES DM,0
240083151001,CHAPA 3x1,5x1 1C P1_INOX,0
240043151001,CHAPA 3x1,5x1 1C P1_BRONCE,0
60006230310,MARCO SUPERIOR 3 CARR.2300_LC1,0
60006230320,MARCO INFERIOR 3 CARR.2300_LC1,0
60006230330,MARCO LATERAL 3 CARR.2300_LC1,0
780043325,MARCO MONORRAIL ENRASADO S80 DM_BEB,0
840003507,PERFIL P/VIDRIO COMPLETO DM_CSA,0
840053507,PERFIL P/VIDRIO COMPLETO DM_LBN,0
B5011396,MARCO RECTO RPT100_LC3,0
B5011381,HOJA RPT90/100_LC3,0
B5011393,HOJA CRUCE RPT100_LC3,0
240113155001,CHAPA 3x1,5x1,5 1C P1_LC3,0
3900009VG,GOMA LAMA REGULABLE MALLORQUINA,0
62000FR9891V,GOMA BASE 60X10,0
2011102,CUADRADO 100x2_LC3,0
4011422,RECTANGULAR 40x20x2_LC3,0
640050510B,MANILLA EOS INT.43 L-43mm_BLANCO,0
640010511A,MANILLA EOS C/LLAVE INT.23 L-23mm_PLATA,24,97
21002839,PASAMANOS ELIPTICO 80x38 VIDRIO_PEB,0
25010942723,HOJA BALCON APER.EXT.C/27 V94_LC2,0
